100
341673706 652610969
362394558 574462055
333430033 650595064
124139719 973582244
124517291 186629477
578695431 930388905
572958684 949052193
57673383 919248705
268219092 475825079
193476557 410979497
436413789 612198466
800673312 808150088
134269269 260154527
631720132 939882648
769334502 938595460
156890546 412691979
500631447 928070256
217381278 781899556
104623845 928528019
21245507 92093600
134582028 500283046
372682581 896967368
710454850 813105651
291833354 362930209
880326559 958112828
432749068 822967534
384179077 624511836
25818997 32717489
251860504 527156012
16129799 176343013
258584852 870590840
560944455 933313411
389723708 793040749
812793687 865919561
713810695 778665825
75875388 459542811
118198503 930167230
102102489 849280224
865500565 882368157
127485869 497081288
78531427 841299067
807586701 977020647
133128288 277224107
49120458 723821104
254272361 373365076
102561754 214167601
605754172 856912569
575549257 609623302
240297046 986943280
503533912 928731953
114236317 369999832
636389500 762559898
16854376 454099519
150233712 604163589
634578140 802888837
482667423 763713331
212053276 751339691
1337507 925000362
320963903 360656345
376769929 860951817
260220833 615420005
840936033 846375072
459038273 993448827
19507734 814735264
394717490 450237540
253642798 387686670
422840460 836332426
481982492 678106093
69562785 233687147
846150577 913358734
93904010 827419639
40354455 961923170
29546311 204187550
97829778 294280408
300929195 451465633
605452429 921953676
57997811 396020826
170594768 615975020
750409248 845499262
52831698 399568005
231022036 697633127
580310384 668409462
48777282 166960538
525856327 830116023
270579343 779727836
91070024 445392981
142617036 879899938
124407185 316762205
123659349 189952937
326317063 688268026
53197542 327513733
219261887 365259651
648987315 877040545
330513522 801254831
103057499 138886832
44015346 712462430
408401819 675189289
798652267 819638283
311937698 998337253
183222700 812749808
