200
573742659 655217842
300616288 537820591
275945344 634371921
498115431 805421416
371320145 491682429
518364378 751949480
472446985 818018556
672985111 779131179
109366153 839731645
62839471 510066033
356244635 946953620
359554146 791266120
493591279 994430347
39827091 441474611
428134500 532049139
92844686 707406846
35391073 461336174
573879671 815122491
468648450 547177011
135801499 367665598
320648411 580140832
41779498 841242660
439114299 566709373
204029191 399392529
102393868 938391207
428892497 811031740
196218674 613640713
258624948 605764029
480740143 672190686
329446244 707501247
271449153 618784324
91082479 153359301
459107672 679618950
495771988 762013806
735987928 744723634
473953129 663810776
108050374 674264392
843769511 844344961
218026879 469298918
190712946 891538724
87171054 530438688
156670499 172161523
112807595 325263942
171203603 467693122
225995201 942713099
911876017 927876680
19737712 744066136
135086078 203982027
300369308 491927219
721857561 744992654
925715949 981854768
485513153 761293052
129008326 969027112
218256157 589842293
237617528 661123471
1782033 716573500
966794554 972534445
620078203 735925724
523131473 637299586
639439954 999263475
75337560 511219364
78775233 232479349
181830227 496258735
166018898 638346442
616453129 761411877
459624483 518294051
919950737 991607771
855285185 880364083
510940545 838917738
316265079 805460869
93519817 263241727
471140640 871390632
570664035 905352479
746383001 912648892
603085490 985085154
635264537 784786054
344909802 859872059
5262872 405688476
312048530 682794318
389654477 778839908
247503850 993403718
432494495 576908370
220575394 786323597
370686813 911307003
272869923 864665716
131806949 177291478
18960782 157605165
538345606 681728676
334255339 812839966
46632703 939743239
67734222 310043672
467522453 702267611
201202273 462901696
194357734 369257833
78650999 435184003
172282073 663823771
770635837 968045491
100020734 288375778
191919155 542401030
734871178 936630634
368491005 957935669
417689857 931311909
489655560 729573761
133240130 963621814
303949169 618945752
235653232 482896033
8449271 888737286
125120695 236331849
407839734 940761356
234512669 930844365
276360402 357647201
50891669 807541467
47550394 623925833
480189955 923087051
641444490 856567467
125416045 610505009
663204283 842601860
442174281 808605735
150464872 605330874
734804937 844539366
149870906 417911821
616894455 694730982
724562380 986461587
66125163 201195114
246588817 885959138
94766639 884849139
59500808 856236527
133473950 137017421
116031663 197740577
362929969 714077717
244962435 400907693
609340845 897845139
872694210 932474337
464123055 988979416
664480479 699445426
184800417 595058039
119983509 958514738
222481749 847755434
445770735 940049377
354126579 447019912
359189435 445596130
17561858 969043388
246058485 669918916
771222322 960264269
482608767 768182807
262868376 947515753
169482766 856513083
790895727 985304341
467501837 795972201
112147125 610159956
468449990 485314163
180664872 918035538
453432554 690828054
606864209 659653738
802936974 974903877
308922443 325472830
232484084 589531988
24657066 422804657
217223382 644151592
521390774 696586888
77466338 503309540
593725354 890886610
47228418 256389082
476120907 512138739
14820898 742824985
28701011 315246727
25964625 889853865
289084433 805478021
128840123 812975126
260321360 749020450
507941923 592784893
77554519 515957855
544911605 563948505
605897420 873291934
431060997 907515538
668697505 967812202
314117714 658791526
269558501 557497333
610414312 716288009
104817111 207413945
210127364 652293003
207681058 557263420
141623308 730427871
712898004 983001211
491527197 781599288
191361598 677315254
118304382 343171536
74799311 428155988
172736003 512891355
236753810 403872270
419184446 947571713
24345831 414699759
255876494 298624949
474988786 502204667
123538398 775464330
513833697 954941236
616001383 660718920
245326683 739689400
141635098 936695213
243551581 660195691
