1000
422159261 649465139
524262588 977178168
380841856 681765835
245785417 403979900
53838739 455799693
256898806 850088136
128450458 520027527
692111221 844867729
814874094 888227961
453855243 751875107
323797192 487339898
473312398 597484544
189331321 235550220
150790495 859308221
149357303 307967892
523415239 870259744
223334047 955582518
745982754 991881295
12950265 395653631
26071502 941680988
278669180 870008352
484264820 847328185
486017859 749561026
50635018 684218052
43795090 288149540
566126750 766729292
884352 699540232
317957009 945096942
340446448 944956785
199426075 771169434
343594268 373705088
460702896 517928490
534472601 586598964
322936267 446442774
499735758 517550479
399399871 539244804
24803667 633888215
264604689 976240974
351080550 781899484
347077998 609619499
172359068 247349673
166149772 775564135
303423686 587825502
128236810 995238428
159430342 843905817
294112210 404342285
369861884 419842289
81532805 985877771
241435689 519486972
229596262 415622125
549334130 813273758
490341379 851862488
316872269 927121590
140151291 400562505
116518272 911884169
375465300 731339484
45558525 265484356
669788327 829043838
376688883 830187593
285549932 672740811
360449705 396617075
306497854 399990319
23815515 113942134
339471373 413160438
135629076 487766178
184382177 333030732
469252070 555603293
348399569 351712636
62698367 425486195
306083603 460053201
398639220 863840118
56162858 825887448
169158841 647720418
117193718 747686666
549270472 925926335
455321485 486502761
219101971 396743171
390864094 887189263
152900839 439198314
198210262 927198889
271202420 928297149
434278336 610793298
231095509 664928597
13871642 267730992
83278522 924954036
634412468 809614596
315263673 683068003
109798808 698433301
524516007 750705052
628148853 884784661
337623986 962428788
187286376 239207394
248709715 801021471
30082339 940192280
350567902 797581017
221669751 830958233
118220204 432901465
784701832 975038827
326168243 373330021
51162622 83956264
240930674 333255481
907722631 959121728
37039936 986560128
478555576 705824586
73649491 889852268
336599180 514052405
373720469 550518304
590075499 896304567
152510822 444363705
40295867 91955149
546489092 595447137
52789552 550509434
157975735 626339726
208857386 657030697
376230323 708129774
354592843 586988487
309559425 501374104
60807179 668490868
484626294 634392780
90051558 277317852
302171766 476841096
677930712 966806419
356221434 561138762
264467709 752153284
272530634 781265897
120950997 218397145
281691625 901100567
40495480 426288785
484902446 610616553
735184221 802826234
663571338 685644010
755092294 843707511
517418669 991401410
380827417 930246332
587711702 848782344
404826781 987089813
709465541 973350998
592107102 764634896
485315587 833080432
528328178 843727917
493227178 958678039
326996536 826745205
213553076 214663465
249522580 858765648
397570115 657269846
578591581 581456368
290007491 313807059
672824766 833891733
47782120 306524033
587345444 592912170
304230218 397821457
268014729 772273439
568775027 765949829
398276599 695472720
51055187 309953038
121139728 154066116
319885091 842977534
271517140 567220855
171562739 388653595
13745871 205860908
184199627 528395183
134594916 568538511
287161012 429068796
692540450 919806649
173755601 679514718
543681707 710223318
723339052 898576986
185127063 248743505
153526304 834541668
205852856 778218209
557720377 685684607
207421907 986764619
380284012 612718219
454347705 990437240
329033576 641633981
287486224 392290259
15373110 332138123
19146879 99043085
430051160 435334966
21188948 548909886
173628578 501302730
4269236 676369005
89964341 551364895
523011406 571089167
150506772 755986871
322711036 598262239
800400409 816280511
5248365 991094948
131656292 991312237
77895962 433787484
347627639 726222943
325809814 704191384
497363353 996224441
121563912 574518900
694852012 805402132
65866241 97745697
405016050 930565079
312243109 519290906
199378110 722032254
24948063 502804743
290115373 590231486
107477429 464307968
160288194 168317193
616107523 706372171
125253498 175329906
318147594 381978794
535038047 876925281
127308624 516679022
371869067 612851121
233860250 919991692
71602284 802145303
130886602 659813546
65626834 408802991
633522013 949247743
4311693 629386804
680469589 880271788
739092508 840858103
526246544 957041592
175849578 869721732
811272393 947937087
138826196 788061120
564032664 624059149
579143822 705916037
317897796 362423983
176151829 606013237
758051970 971204225
308966436 559797994
282320781 490505649
139750658 917448833
750083792 829818583
70206045 423837711
197778895 841865972
579217479 583561791
538668194 897210070
139014119 937226863
41673851 174037440
355114252 604142962
243357516 353579571
205274151 339344091
385327618 665076016
151702501 749180186
103915499 221997940
174665817 247501103
8846761 911199076
90709371 906850044
784516285 859050181
36454072 348720247
157945623 741572532
871701764 939746464
876587246 898496920
236835123 605143585
106302646 275186161
471549582 674707258
309830833 732405775
337685127 800785366
205410300 808507897
734431615 771981643
23321446 61379625
418080740 925189654
122940186 367892689
540828780 611687304
632630308 930321698
144797622 900774237
716406436 749914448
299165825 639091485
206665614 266775753
731052156 839675160
159546963 933872535
300714932 618052383
846564386 902310951
655367688 898378794
158319632 510940303
824499981 893925160
140571110 404996016
522372646 853950794
466101307 681594327
60142186 984696215
26741593 724860175
81962365 492793883
795094731 982686527
11845511 940701211
310207853 545441143
696295257 783132864
441020216 595217282
47211735 285903310
356075878 857363742
611264709 930278207
211605772 596152913
259771899 991816082
113792453 621019770
22952302 288914102
313779211 979625258
18669178 547022473
504093525 644889798
126567116 794026876
117067682 607740176
502356233 828980282
163126169 893026451
442648549 644029226
285411058 801613005
667280723 981199190
398695096 511484828
207617152 451417933
34334024 438422711
129651079 423459862
628022908 805756212
113629335 226515168
228901981 928808416
477548895 899602206
507001471 894784887
512126694 950970483
330284926 963493467
331353220 663761345
530480912 804523772
15803775 91759508
364086214 565729528
286731722 784459912
69861106 781028739
329620855 431425492
530187593 716070404
318227611 886503545
459791316 748847836
448590294 735282353
710684385 855620199
336363714 699771610
592408900 844400614
122867045 293321242
394809407 904850270
352904558 641984481
794091328 796427072
664572751 812930091
199958810 921943583
496723510 837394482
230148652 541773226
373730691 427745869
201086746 578480098
166274103 475137140
47715344 310584950
127989029 854906464
56278278 791593006
554371319 878631272
360903088 910178546
28781511 716177712
468769235 581869069
193146976 903094919
57882205 208257104
788921007 904832077
429608184 590487524
52331595 600719633
267037558 852815557
431984584 989866188
813728783 924892494
142468611 399472370
719853842 884474740
478476376 841831090
487429318 855608807
150116686 709191548
28591760 695748666
606741393 672906703
259855112 655028514
257990436 529945382
444482666 544089241
389065879 590233893
85301681 680696156
562933748 760378001
138815737 472229787
466002456 967911634
452673437 537594402
170016492 690333623
328059567 390528136
119492859 694397044
495533399 795181386
400371281 965127858
145182877 650833793
536685700 676511404
737205418 814062674
632210508 737706705
405170005 472299423
844275692 939037260
25683205 684593203
122574533 344281701
560126816 648429144
306700278 874269927
557740122 810310188
148124004 536641152
29919178 666404658
441218373 745841293
10402752 814738192
593828880 619815768
37758011 341737252
516060908 982742217
284683404 661638510
184752000 880862944
269113878 592388172
434111794 646144993
120285049 287377787
444452103 611662396
47744288 417186047
313997055 578115720
520206268 672220503
314397318 691211925
20139980 36834746
691718134 881505830
195519162 818723458
348315766 621287999
603166107 715262105
316259313 327881536
277440034 611974425
143951485 641773384
337603336 516105771
906485735 996562850
227847818 927090961
50822465 621066933
540748320 680085801
137828570 907753443
420656934 976359323
335840822 756964345
205891285 581762773
596549 257962073
136625603 457037919
751860424 767664919
236077863 533011477
16530957 378569125
467036347 805802900
387539885 734588793
348589449 356729914
162486081 813155996
224914257 239517737
416647906 680203067
468816719 616203812
552960357 971188016
610548814 931155246
238887532 936737412
882632503 928791419
170146809 890603265
729210157 838502126
91906514 687470465
872770054 949728583
669294538 764010668
156517413 469681297
257339159 886540517
496177059 892639873
290323273 313228066
907670427 910811077
666569110 872207458
460646920 673210258
264033715 476960799
537449487 905792954
127507328 428784578
199541678 381472423
431773310 606442999
263868064 758993043
561639589 602244900
680441747 887868023
256839603 479770454
354236388 479064887
266309097 375393047
208241643 347926304
157191024 790756802
438053326 666600315
57189392 59061014
229866488 428495989
656673021 972070100
348087080 813944076
650885472 767886612
619782730 922107740
738220506 993117053
257472912 482736971
892896553 953844376
660129190 840356268
437651785 777861935
56034656 712799374
436752957 562773873
672152228 947200250
155406582 856049927
56293100 793635648
126793985 940119010
193759326 726606369
94462664 511214505
735895994 800089454
204395972 221852803
225453399 667676731
670621433 904212447
403823399 499834688
54350355 879500576
54145734 558462700
759841655 904299997
271537568 360267639
945595818 981517069
347523521 388915982
182932349 425263120
515892511 916684027
383247570 680385100
424115669 593162109
383627388 608896935
110031514 218771501
111384781 855489263
65530481 950259898
297153233 834079417
536136136 837966871
8038799 271473136
509458300 538539402
269642877 569656780
469869168 687316673
735728918 958531851
362952091 741229121
707454964 803146795
123517032 451652676
634287179 921052789
280937919 580701619
188755560 407002211
280454226 328736796
206408084 897641574
332964127 763652531
277597907 437073838
254096127 648534602
901046020 939727053
273323178 627087115
216534948 916246615
508492971 576746870
161155373 743430861
4580600 898766544
53874050 413201356
217817864 995326395
241019501 784414184
612542625 729231794
899825105 974134541
472760521 518961296
13186145 47829088
898667380 950163603
372192340 928867266
715660977 978301523
44106614 506116091
219887043 361883340
287927485 804745946
519169542 959887109
106155049 960055007
546913349 615053602
155985655 964617869
135520136 801915189
342229889 891727353
179480058 877617965
405891081 864181558
467962629 823302706
808800353 847135849
367412881 496109969
28398316 723396600
284499091 850612730
148104898 216482388
532425540 784562474
373559168 394762459
220626094 703497144
230401914 508312405
762803835 884802027
895098894 961779949
44707557 225427757
227711999 419691526
189392673 724401556
188329278 882703044
535368651 680891609
375987971 562167018
511832337 624385428
226285137 499778779
242000924 362459495
285700076 795129068
394650704 476135975
911352342 994220313
55963197 255208210
93525683 222568877
61070731 211365834
29700273 429019852
396165365 667091075
205277342 466994957
295257925 740444274
77089972 716434512
236881277 579023390
196802034 478970723
840775730 964440018
893923894 896044361
418880367 513058375
253437873 949608860
370157122 736582870
108111351 516527999
195527211 843447982
497396678 573823277
480790895 850887071
254899471 421777784
720524965 936370357
252110629 662805886
377692857 698478472
5655789 971762784
901869986 997631620
35466618 830826771
310806225 733495093
496987879 837194288
361755272 843294335
142316681 290869091
292764763 752463333
138267393 514162018
494011998 508835139
150656866 698989488
695001030 779221076
178327049 219745214
547938070 759712471
622319801 988268759
173988987 301613935
603598902 801756722
62203733 605036096
320222040 862808125
294080739 876526792
399835176 672332910
153245404 912623980
259669081 644120869
341265091 550722014
127643465 383333468
602579086 804343023
51347567 957834132
575045534 578667523
414480476 550400634
139617124 968259667
252544769 379297185
554523565 758316998
82445140 849880841
635914300 740600496
155562341 917183441
81131683 947509013
232172400 963428914
364731440 722656235
16316063 324547046
177290300 676023868
260187873 681150493
514190219 916069636
548167483 741592354
384637313 740841050
214911876 235365906
87167691 603521097
518094231 579991928
718886395 986574838
626391813 828191839
371797323 886808637
103140020 524083515
227685273 737648692
205172065 827335450
719265375 907149844
269865992 930824332
303111927 434119257
808320165 931161627
56050432 565228357
242207042 856213546
297071522 515221020
155199301 391627245
574410656 658194988
279128034 573405459
157514090 324801071
538614381 673452456
758589056 902240922
748063870 840697306
307659196 441202995
175021149 311116379
317912198 595970341
663412821 730300280
211717742 455042526
414214914 599887156
223682287 857417895
364325326 448728614
228918652 743716870
567898152 852926316
178841988 730003494
907773297 929889245
609119818 981245616
446658683 618893341
571220557 755063033
484959916 935748239
282560581 510093704
436563096 762542445
490494754 837135223
358032313 434077226
23926885 952380248
163355443 682510902
952358738 998445611
469868470 520079866
191537490 547170573
8394069 653468517
1568052 15816506
81932696 790200568
184963753 585516325
419067824 896758357
318318905 707785994
134075739 272628005
160197200 378892457
451251951 818983778
522128759 923095597
263694332 610432246
718216528 836386953
434658694 916243821
531413573 853934523
297230918 976342892
106754143 920000011
632594561 685819576
546535751 599241485
143180487 407015056
312016678 809211572
13199843 941438404
285828424 410322190
276569429 702299162
189676551 317044936
612438053 970054620
238393182 485716264
266819141 298727998
245421021 410916411
107208532 815572238
211416475 452702216
162602125 873691416
855284822 945904347
400626139 454608432
407989180 701452631
105550777 150783458
485221838 765303315
302225189 404125114
913944206 947603518
158716847 973238794
233680711 528555410
815204400 836973070
165415058 627137978
211912267 429408854
434306094 456431181
875438248 880352284
7304604 489259863
41278177 370018658
356358639 373005979
402663937 716637267
147535025 579640973
564906546 749343624
628346224 651083130
288931671 751127448
580299405 707166784
193110701 206501171
284702597 949713945
275266391 730631169
343234571 732363531
119010354 293799931
548407209 981550024
294432567 532906748
225231817 719621295
565755885 623344803
275375107 333277143
198945858 830669818
391137882 731269933
799319529 918359017
204651334 568454554
452581327 521954222
515269945 981269227
755984308 949086230
443075855 677219959
443976078 993125144
87787200 416403688
413944382 697499514
564437472 919578170
415643491 545851714
527479872 817070082
284942459 990361977
64852349 173077534
648367005 733012850
137775181 152383755
143033744 490330681
236065043 329882536
66462183 620684485
89791780 393863216
528144062 881063874
197520906 305206600
17136715 636958443
851863664 992113262
453810198 454694988
6620041 608627889
557969042 633016510
21855451 161839323
342669763 368142361
80064344 115103562
48262517 859011444
148485418 487493950
2546929 558589287
797997064 838599568
9542174 105745678
492877642 525892425
357658691 756646538
413004672 716543127
267402368 862560554
288858221 908535513
493206069 612247556
233956387 830342728
493561915 979352093
747706516 830823263
96907318 437248087
795065256 869849310
162906638 863122050
138101242 673949786
257221631 636419148
218430 378991600
158166602 463767555
382715461 822477585
41826463 307939108
318445506 540322439
66404366 250072057
67796466 72005012
93404503 751699269
519053181 816427530
613110338 633531030
131102438 684948422
372020829 672080274
887332723 929422833
269061923 674880704
156291981 465073798
279967689 787520767
586175466 836933921
90838422 517649152
761759009 816304861
509887173 872115501
281239343 321325770
506862755 544475282
182141571 676622608
441562391 711437456
490902255 582938444
838930535 908553995
578333665 787211617
382436547 763237734
240789106 385168870
56847407 353972512
208696229 352277173
219556237 319660047
693085698 889226680
127724437 485534312
689910756 955686862
449705466 591210933
502793824 650451085
788329348 819494239
73829399 292692073
318696364 930110596
778487440 956998450
628008300 647165684
102666009 223326256
619773412 706334825
201053583 561924675
51843535 680561067
1939770 328818715
551993506 878066104
720264510 784147839
276085013 831320259
774239969 894137252
868896970 921135094
538486036 702140783
429170107 784224566
724763240 842254437
209281860 459711368
37821273 936405665
231433069 446709342
90664195 411616626
694558051 746247614
486213112 933743629
518417290 725561167
534594022 589024212
473890760 843678606
40538434 298587914
352984711 572003107
893137011 963915649
259582859 844994203
75066567 125239809
127291660 959174164
40057536 735440755
692491416 874747393
730782438 950590277
638779771 820118129
169334595 594469103
262345631 761189390
228381565 655100111
32844128 734775560
212516651 529697596
130085100 284591545
668009061 895769278
441466754 864924033
762711827 893551568
110345089 516208691
437575101 703205072
31728155 489075333
207907337 976165679
242988372 922727609
501302322 690934859
412182607 696759961
233642711 649472448
20162245 794498065
14558216 550357176
27688084 832676635
497112357 744854326
5031517 422967042
646024292 954914947
680326261 762674936
73668419 831044556
258077834 771665514
158197472 230287006
741055676 902510145
123040446 542471325
603334834 619463018
408425392 689487436
372874936 707276955
384508461 582377477
15815419 406226737
549081881 960763726
122229028 862494465
442429537 966112149
404904068 782920161
322510410 822175433
195206091 459544530
447195291 900777513
130363432 929224783
83983414 714110097
202587959 713216305
411187376 529431981
97421519 169188950
469083210 741156725
213636092 662671830
248620719 781254514
165240578 637278588
361053562 954905061
360547190 803443744
184754968 408314639
745166525 938227413
98456019 932446919
132527181 954688347
2299668 969078102
337955270 839359214
1349630 648905188
315255471 789328911
179798337 181986771
328964541 580958708
463178851 701602297
409376131 722603388
596221255 722494201
331937673 897757756
17942284 424353012
254001320 392159797
383843396 851146451
156757476 203796411
126796384 220406300
866363465 950812050
486569102 519731138
724524882 752147601
309160670 815223760
69556364 313527279
314546761 432516878
158686046 640709591
196663217 806096806
206185824 431714374
967278960 983794701
394106558 537317026
892728105 908914168
534472243 997304709
719177577 741450532
890873256 994724803
563311481 864412691
443562930 727244954
21408877 247610434
465647122 816083173
20382745 851161566
40753560 157481736
10114058 243468515
534805731 898191354
213730374 785838268
550689258 998380478
168513414 184692522
187223468 574296202
270140015 418730634
98900611 429427890
711156650 928942061
140074727 991237453
229146437 988611092
360829888 975077615
276982727 888667808
459002728 876577496
594514463 635480104
295282298 495762089
496017097 858919657
113955260 244778385
678982354 770798539
148041272 151399305
321749208 347847511
173736467 800047170
394212306 592827346
373770016 949010266
375884959 712182957
352610538 635574511
135868372 425152036
51995768 61453577
127766464 353122153
170863591 480255631
3898807 760227326
705407363 980294613
637855654 699770491
590454462 645831094
176539225 275886538
405068232 975405004
7274992 441569304
