2000 2000 7 999
2000
449 1646 1910
916 1227 1985
757 1942 1952
701 253 1952
791 87 1907
1382 1081 1924
203 1608 1995
1795 1891 1943
1927 865 1
1245 458 678
1160 249 1922
881 120 1951
1740 244 1970
1089 1520 1925
1326 230 1988
1980 1133 1993
180 149 1954
1931 980 1972
68 1471 19
1495 446 346
1968 1788 1904
1625 586 1980
660 239 1972
1956 1606 1929
1060 1555 1911
262 1329 1949
751 996 1900
1557 1665 1998
1281 1881 9
333 1493 992
1485 1051 1997
349 1216 1907
807 380 1947
1335 998 1976
1389 1074 1918
631 939 1927
610 1342 1908
223 1310 1973
1799 1568 65
866 1610 331
1671 1228 1963
1975 61 1944
195 1950 1943
1546 1662 1900
671 1565 1956
1461 1965 1909
935 677 1999
1501 675 1982
309 618 93
1444 1394 120
322 440 1929
85 245 1980
1743 24 1920
180 439 1950
1460 1845 1936
1983 35 1939
1884 893 1918
766 501 1923
1618 1759 56
1264 248 643
522 162 1987
1092 317 1920
788 526 1997
1098 607 1951
1596 1809 1941
1286 1217 1919
434 581 1949
709 1004 1952
1384 320 63
1209 1399 21
480 1811 1907
1909 215 1997
900 215 1976
541 11 1925
868 1130 1995
779 1874 1939
578 954 1938
1009 1099 1979
1269 816 52
210 1851 1750
1232 258 1901
1012 1607 1944
1907 1657 1997
1780 713 1927
471 1836 1969
65 1375 1981
1777 529 1963
999 197 1993
506 1697 100
631 975 1952
1730 298 1982
1354 1959 1905
9 687 1933
1123 767 1987
85 1251 1941
431 934 1919
1303 1093 1932
1721 1229 1945
1048 1740 34
1254 15 596
731 844 1945
1223 1950 1996
1076 1357 1948
1263 251 1900
941 1092 1924
484 1451 1928
303 1714 1933
850 821 1967
1781 1464 54
671 1538 740
1852 1786 1913
1789 1138 1994
136 1035 1914
1357 1858 1950
149 1070 1990
101 998 1976
623 99 1941
1222 267 1966
415 997 3
1915 378 418
1264 437 1954
1911 1537 1998
1205 814 1947
907 1976 1991
1740 1084 1953
467 1336 1954
1264 879 1990
1857 451 1900
950 219 32
1833 1382 1652
1079 817 1986
201 270 1995
1196 395 1906
1344 1669 1974
1580 250 1911
1628 957 1990
8 1958 1966
725 808 1956
745 1047 90
1997 864 1666
821 939 1970
806 1221 1956
940 1396 1989
794 209 1989
661 1743 1945
146 1743 1990
1064 1690 1929
1824 117 1995
816 466 13
1089 1652 1463
908 1414 1928
81 1551 1979
680 406 1954
472 684 1900
1634 1791 1948
967 1848 1969
1857 1058 1948
1796 192 1992
163 514 84
1324 1392 764
1661 1572 1937
1058 876 1945
713 1921 1908
741 1150 1948
1464 455 1999
1719 149 1956
1500 1126 1974
1784 1907 1904
497 523 55
72 647 893
779 674 1994
506 1882 1977
656 88 1927
1186 188 1913
732 834 1994
995 1782 1993
630 1222 1972
147 1355 1938
1009 1516 21
127 1462 462
1807 1032 1957
1303 1824 1979
736 538 1954
62 1895 1927
1807 161 1900
1200 1834 1905
946 267 1922
1837 1428 1998
644 1109 37
771 462 1261
128 1073 1990
430 1039 1920
312 15 1980
1421 695 1960
1258 585 1945
1679 1630 1950
1932 1728 1931
1477 1161 1972
643 81 21
1302 1019 543
474 539 1950
709 461 1972
897 1985 1908
1482 1698 1983
1246 1625 1959
220 228 1998
941 1959 1903
956 564 1924
1539 1490 46
292 498 1771
244 1606 1989
1443 1513 1909
850 1544 1972
1703 1177 1968
896 150 1999
864 1062 1991
1373 223 1914
10 553 1997
195 774 100
1866 82 1134
1309 169 1917
1759 597 1978
27 926 1904
1563 1442 1923
1878 802 1948
1190 1890 1966
1578 967 1955
1435 1337 1990
1142 1358 28
1598 1369 204
1977 1013 1921
190 894 1921
188 160 1944
1062 669 1900
1496 1009 1993
869 868 1925
1834 1489 1920
1727 449 1935
368 439 2
106 734 425
279 1044 1985
184 1113 1985
1370 1223 1952
607 1123 1997
123 538 1969
1192 285 1992
683 1488 1968
1496 1039 1964
1853 1587 28
623 116 1412
770 1614 1980
1369 1118 1901
343 391 1903
1254 1149 1934
236 1039 1981
1549 989 1965
1872 806 1977
88 518 1916
11 1430 63
470 1060 1304
127 1703 1933
477 1968 1988
1986 67 1999
1674 1693 1986
1558 363 1993
581 185 1922
530 753 1986
1431 1028 1972
235 52 16
167 65 1339
618 1750 2000
1879 457 1915
197 776 1982
19 1291 1959
542 1046 1926
1277 1798 1948
1161 199 1927
873 180 1959
552 1598 62
190 941 397
689 1648 1955
1431 722 1902
1186 939 1923
1919 1366 1914
807 1151 1949
459 421 1919
1513 1830 1953
433 1543 1922
1126 940 42
1214 264 1603
1662 186 1939
1643 1532 1959
1277 1561 1978
1139 1904 1907
1452 409 1990
204 698 1929
1471 603 1933
956 498 1975
1070 1293 96
334 195 1019
1112 120 1919
624 1250 1944
735 395 1928
149 1374 1929
1174 406 1953
1017 829 1912
174 1600 1991
1159 1855 1988
1998 1503 87
483 860 698
474 553 2000
42 1002 1970
563 1845 1988
991 1501 1995
1078 313 1998
1134 382 1976
1474 1476 1961
344 33 1917
1698 1100 11
693 955 1553
1002 948 1903
1910 607 1930
334 74 1916
290 1356 1905
1482 1735 1970
1247 1009 1957
1535 582 1923
1878 1096 1929
1698 1870 72
1684 805 889
532 120 1981
1217 681 1913
133 508 1915
388 1071 1924
1356 1544 1903
788 679 1948
1276 1267 1976
1855 1234 1959
664 828 79
1140 261 159
1593 298 1944
388 424 1981
719 230 1990
1722 581 1970
770 1226 1911
1745 1290 1900
773 1151 1968
1029 453 1910
830 1965 90
1730 923 609
146 101 1948
35 1762 1941
1400 969 1950
1757 733 1993
161 139 1914
1710 1512 1980
987 1463 1975
1445 1651 1913
478 235 13
803 1631 771
1764 1276 1954
76 1585 1953
1803 923 1960
472 316 1915
245 35 1929
1810 342 1934
1416 533 1936
111 260 1940
236 1954 96
1019 159 1105
1103 91 1906
1797 1143 1903
1830 428 1936
374 721 1956
1935 751 1960
1555 1372 1971
277 1672 1927
728 285 1972
1368 1070 22
1232 165 729
716 1302 1976
73 1352 1972
1372 326 1993
1378 1631 1904
322 404 1971
1361 1541 1900
1619 57 1976
1681 494 1997
1316 422 72
658 1946 756
38 390 1966
1088 1736 1924
1724 684 1966
891 321 1979
541 461 1974
1393 91 1902
538 1600 1908
230 1979 1958
1366 1368 74
1648 1553 1046
1107 243 1908
1587 180 1972
921 595 1917
458 148 1909
737 182 1947
1643 922 1933
1422 1690 1964
1086 195 1989
583 673 95
785 394 1320
1081 318 1992
629 50 1906
254 961 1998
1022 1326 1953
977 1078 1960
867 1344 1944
1520 1049 1994
703 1288 2000
1090 1352 41
1159 1878 1679
1783 1072 1989
795 900 1943
1135 1882 1996
1711 400 1991
1739 1212 1956
1920 1344 1995
311 1688 1973
1245 863 1925
597 1680 67
831 651 125
385 1864 1947
1371 1908 1917
1909 1165 1936
1739 370 1931
667 1749 1950
1356 863 1989
51 632 1974
1244 1081 1935
1287 788 9
292 1774 1152
510 1766 1988
1431 18 1904
40 560 1980
1722 155 2000
1138 849 1923
83 957 1984
938 1469 1934
1866 27 1985
418 1960 14
869 294 1781
80 533 1907
1146 838 1957
1765 748 1933
1614 482 1997
204 1432 1937
439 514 1988
1288 813 1976
759 1558 1905
1800 979 16
549 1868 1395
580 1187 1983
217 343 1940
385 1645 1940
468 1440 1997
1980 1370 1991
1388 374 1930
17 1595 1984
262 1178 1992
435 505 16
1213 653 1397
1506 1236 1903
1944 389 1935
1840 1315 1988
1559 918 1946
1492 1307 1975
624 1689 1942
343 880 1964
956 1673 1905
314 67 57
605 1139 1816
1835 1376 1967
1108 1881 1989
1645 1956 1907
687 409 1955
783 786 1999
1075 1548 1986
1192 706 1996
689 1313 1951
814 1049 19
814 1580 834
1249 1769 1941
1440 642 1999
1139 684 1988
1621 360 1983
1223 1790 1987
1349 525 1903
330 1118 1915
334 335 1963
1766 1590 2
1848 498 356
266 180 1942
1863 329 1964
787 1684 1939
894 1011 1971
33 82 1916
305 1779 1928
1025 1491 1956
276 1729 1928
986 1836 29
1192 1872 734
1681 31 1971
106 836 1991
1481 796 1914
122 226 1951
323 1398 1930
1224 1578 1963
1713 528 1910
985 1924 1915
781 472 72
1886 1937 1577
435 1096 1906
162 1734 1953
807 1266 1901
1666 1449 1962
1855 738 1957
1696 110 1992
623 1972 1947
862 1093 1908
1362 1927 39
1397 1318 1418
1050 256 1944
758 1386 1932
492 393 1910
495 200 1943
1781 944 1918
354 947 1991
1508 870 1985
256 216 1982
1347 1025 94
1662 514 604
1540 73 1983
976 1619 1976
1992 762 1950
1391 1607 1909
382 112 1992
424 1288 1982
630 1694 1906
247 59 1922
1929 182 93
566 1887 368
1163 1663 1943
676 1078 1984
446 173 1968
257 1704 1906
1312 1739 1943
1020 501 1906
1235 1923 1997
1726 1965 1966
1903 1321 31
1856 628 1514
373 500 1950
782 1319 1928
125 667 1958
892 1923 1951
910 1178 1964
1038 1242 1981
1439 1713 1988
400 1061 1943
793 1314 1
595 1118 1905
291 1320 1932
1383 1794 1928
1760 813 1927
1475 1947 1909
1284 1901 1950
358 283 1909
98 1265 1924
766 311 1997
1346 236 6
1636 297 529
515 746 1921
1674 330 1961
479 1882 1923
1352 906 1905
1601 1542 1944
10 1671 1991
375 92 1918
906 1875 1908
1926 1681 48
1194 404 153
251 1556 2000
406 89 1998
1973 1581 1927
575 43 1958
1938 1394 1916
980 1704 2000
321 146 1932
1275 186 1904
1875 1284 15
1546 906 152
1729 663 1965
314 1170 1960
1595 340 1989
1648 55 1970
1542 1282 1981
1706 1208 1904
322 1683 1903
1685 1598 1921
723 1022 30
924 677 722
1237 695 1989
537 1036 1998
1909 872 1963
369 1814 1930
383 110 1960
1433 1574 1902
52 1651 1923
571 1954 1975
1509 212 39
1556 462 1467
1857 1024 1985
1864 434 1973
10 1072 1991
664 773 1970
1311 1961 1963
242 1765 1902
1426 1210 1970
932 624 1995
1591 1339 33
755 1427 1645
286 757 1970
1883 1158 1957
697 988 1938
1075 1546 1940
1768 1542 1999
1498 77 1907
923 1146 2000
534 640 1960
1817 1798 75
924 630 1179
457 1762 1940
486 697 1916
972 943 1996
1705 968 1965
1051 1215 1912
552 1439 1948
46 1212 1981
1225 1929 1946
834 989 45
1253 588 159
570 1049 1992
33 583 1939
744 268 1903
57 386 1904
1044 425 1947
714 749 1916
1282 1610 1981
1487 48 1992
1780 1085 61
351 168 1391
943 1241 1974
522 764 1904
1028 688 1910
364 49 1920
1823 412 2000
1919 1135 1943
10 156 1956
1231 1021 1963
1222 74 14
592 1661 125
784 959 1900
414 1573 1975
463 696 1971
61 1606 2000
701 700 1927
296 296 1984
1449 1650 1944
1547 404 1948
582 221 43
1900 1938 551
304 872 1991
41 528 1936
1317 542 1922
227 941 1964
369 866 1993
366 1907 1933
730 839 1952
367 343 1911
1669 975 87
260 587 1268
180 1840 1982
1587 476 2000
311 1553 1968
1390 879 1949
761 1442 1950
1165 498 1961
125 1448 1987
559 966 1936
642 1258 17
1113 1914 138
1113 169 1993
10 582 1988
178 1259 1979
1714 1748 1909
361 1859 1996
499 1569 1976
1768 1886 1998
1935 1172 1994
678 922 89
1307 92 1734
1407 834 1994
1422 1907 1921
569 1447 1980
1157 92 1904
1851 123 1981
1638 966 1981
1084 1143 1960
808 1181 1959
391 567 49
1793 652 396
8 899 1984
1097 795 1923
1279 930 1955
686 1278 1928
1770 1197 1913
1238 559 1991
871 841 1984
1684 981 1932
1150 1442 70
1298 995 1797
1540 1342 1919
1884 162 1998
1414 1973 1941
1470 241 1904
1255 676 1934
1252 383 1970
383 902 1935
891 460 1966
216 1840 33
652 48 934
1668 131 1921
1204 770 1965
1880 1347 1903
622 50 1946
1836 473 1911
205 1658 1986
178 1344 1990
602 1606 1981
1740 1857 43
1597 922 1775
432 1669 1935
384 1463 1998
718 1836 1986
1210 1009 1980
1286 1221 1922
871 961 1944
1108 1531 1945
930 770 1971
1477 868 28
1323 1097 1104
200 999 1914
683 105 1989
57 1533 1972
682 1036 2000
223 35 1904
1152 15 1987
1219 568 1935
1029 1471 1918
2 302 31
921 1078 1358
772 179 1927
83 886 1939
279 462 1904
1240 28 1938
879 1511 1993
1119 133 1958
851 537 1943
1457 1399 1900
1072 1689 76
1490 891 535
1328 1773 1982
796 1951 1922
852 15 1940
1612 1334 1971
1618 291 1913
1971 924 1996
1531 1786 1936
1410 1501 1992
1039 705 6
391 154 1963
1426 176 1936
1134 1134 1956
244 689 1980
1068 887 1962
1528 374 1994
688 187 1948
992 549 1998
1787 1382 1979
4 1746 63
1912 486 724
86 1798 1974
82 1582 2000
1368 1072 1928
1911 30 1906
77 1888 1986
1618 1985 1993
1224 452 1994
1753 1829 1933
889 270 14
1779 761 335
1568 1191 1962
1860 444 1900
1336 1662 1956
670 1621 1920
1518 926 1900
1311 1513 1903
1767 1588 1917
641 729 1923
468 758 92
1616 1957 1450
1985 949 1953
965 313 1987
1084 1660 1923
176 935 1903
1651 772 1917
1046 863 1912
766 255 1993
696 778 1991
106 504 77
1173 787 1706
1055 48 1996
1561 1668 1942
1961 310 1913
968 1409 1949
981 1755 1982
649 904 1900
774 38 1998
1608 1302 1936
820 1185 44
234 1937 735
1333 701 1990
1063 1335 1974
689 950 1929
1745 970 1969
1822 375 1921
1330 1820 1981
1029 755 1961
1394 373 1902
405 1887 39
1855 1542 394
457 1688 2000
770 1338 1916
946 68 1912
198 1740 1996
326 1592 1912
1159 1466 1905
463 1476 1901
1022 910 1930
923 1765 18
330 1058 987
1653 541 1979
951 1131 1987
122 1903 1928
1284 735 1947
352 1583 1918
1906 1355 1989
570 96 1959
420 1666 1900
1008 540 97
678 1950 1204
1517 102 1936
1056 375 1931
97 903 1953
1440 1639 1926
930 265 1953
1574 1122 1932
129 1552 1930
1521 540 1918
1142 1658 80
1351 621 72
88 1741 1970
925 1405 1929
1411 1113 1948
622 949 1952
982 1518 1994
1482 679 1944
193 1701 1934
1584 31 1960
1252 288 9
853 1185 1666
701 131 1941
824 1653 1906
1439 1301 1991
537 1925 1908
1325 1199 1987
397 1387 1991
1650 1412 1965
1111 1926 1915
1002 161 15
961 1201 184
696 1461 1972
928 442 1960
329 1835 1923
1939 614 1941
1630 345 1969
1280 1117 1916
1555 283 1926
604 637 1949
950 843 32
189 736 920
700 35 1914
322 1306 1943
1478 1749 1941
534 1288 1994
1153 1063 1941
1757 1255 1993
512 1977 1989
411 1903 1919
806 1522 8
1817 623 1173
1127 307 1989
1777 1203 1910
713 1990 1907
1459 272 1940
1839 1084 1994
1621 1924 1934
1875 1629 1975
1081 1587 1938
785 1200 45
602 556 665
1837 1083 1953
1268 1912 1918
758 874 1932
1876 171 1915
919 42 1973
253 1603 1976
916 971 1917
334 922 1917
1308 1568 3
920 842 179
1479 1545 1978
1694 1036 1910
492 875 1973
1883 166 1963
988 1337 1988
825 1086 1918
1840 908 1970
1153 1809 1940
883 129 7
858 1080 1308
238 834 1961
1016 793 1909
517 677 1921
917 189 1903
261 1834 1941
1127 1000 1931
1294 188 1938
1669 1278 1970
142 1129 28
661 68 126
435 398 1965
1426 387 1953
619 547 1925
1950 145 1963
966 1719 1940
458 1499 1978
547 1403 1940
1371 1846 1959
609 1910 46
1020 1568 17
915 886 1942
224 1718 1920
269 178 1955
1464 1035 1942
820 627 1983
402 494 1994
1131 761 1984
535 1623 1939
324 1943 88
620 1323 1702
366 1521 1940
1250 836 1980
1284 437 1947
1556 779 1982
1596 1722 1948
1559 1080 1984
1417 1134 1994
1549 576 1938
816 1352 86
421 1808 54
359 658 1974
976 681 1926
1382 848 1978
441 1919 1929
1581 1734 1903
16 546 1926
1661 508 1930
1885 111 1969
338 841 78
1106 1398 550
763 331 1968
352 1630 1924
576 851 1972
1471 840 1948
362 1695 1931
1125 1645 1949
1933 762 1965
1111 1490 1992
955 672 80
284 1862 578
1438 1588 1991
792 25 1901
1728 494 1942
1077 1904 1911
262 941 1944
684 808 1920
216 244 1923
445 954 1980
1375 1644 54
491 546 1793
1130 1318 1993
605 1086 1977
359 1768 1986
1438 405 1981
1725 443 1982
1954 1367 1903
868 26 1916
1729 923 1999
1683 1407 57
713 1003 1127
1792 1085 1927
1272 575 1976
316 1802 1911
1584 1474 1999
49 1924 1912
1587 1649 1990
948 1061 1933
937 1882 1994
1597 561 25
35 691 727
829 983 1907
858 50 1934
281 1971 1923
1565 439 1914
312 1822 1950
464 337 1948
998 1196 1915
432 1365 1959
405 1439 48
554 1032 1796
23 886 1973
897 1109 1998
673 1264 1975
796 1219 1929
1055 685 1963
1897 906 1921
1314 1900 1904
90 654 1912
1389 221 46
1754 953 1762
1228 1801 1969
985 1278 1976
715 675 1920
554 1678 1979
312 367 1952
211 1176 1907
1779 336 1900
1188 749 1958
924 453 66
1358 1296 1165
1089 1544 1931
846 1542 1963
84 4 1908
1280 1784 1944
715 1776 1931
1587 1469 1983
736 1502 1989
949 1933 1947
485 1863 28
56 1704 1683
1865 1335 1909
1463 245 1992
1583 1447 1943
975 1627 1994
804 22 1971
1770 415 1904
90 225 1902
1422 1406 1908
1319 337 48
1989 627 1232
1532 1749 1925
1230 1903 1919
1771 728 1967
951 221 1939
421 1605 1994
1207 484 1924
757 464 1953
1102 91 1903
986 596 25
70 257 1319
546 922 1939
698 402 1981
1202 1042 1954
11 1042 1953
1293 86 1969
33 1595 1987
513 1181 1964
411 672 1904
979 1965 76
274 598 1859
1579 1057 1999
1677 1771 1953
480 785 1900
987 21 2000
1049 1330 1979
1758 975 1959
243 1210 1992
1368 202 1979
623 231 26
1519 681 514
1794 909 1958
607 1493 1925
454 1458 1906
46 127 1934
577 799 1931
1492 1570 1927
174 1680 1952
358 1540 1986
195 932 9
1017 1364 1118
360 201 1965
859 1806 1990
1351 1089 1932
1897 954 1916
1892 1840 1968
75 97 1931
1643 412 1932
972 939 1933
1785 918 40
769 412 1598
1513 867 1901
1242 769 1931
733 1486 1932
1776 1066 1982
1019 257 1942
1964 1142 1977
1675 739 1915
680 758 1967
206 1669 44
415 1072 1318
974 1998 1908
915 1766 1904
195 824 1999
353 742 1957
1218 829 1959
564 1489 1903
1758 278 1932
1688 1248 1964
750 944 54
1918 83 304
1622 300 1948
876 1419 1919
578 494 1986
223 1760 1977
1448 13 1960
1312 1322 1966
1413 101 1990
1944 1517 1958
1206 560 18
628 1763 433
549 1215 1967
1010 920 1937
171 1862 1914
1644 204 1922
265 882 1975
133 212 1900
788 1476 1971
260 1321 1974
270 940 8
1215 1313 1832
1616 1892 1974
1583 409 1944
1763 205 1905
1555 467 1934
1211 465 1962
1444 1215 1966
11 1188 1939
1977 1021 1947
1218 1862 76
1255 1277 294
1657 34 1903
1456 904 1920
1437 1844 1902
1486 823 1968
1794 1021 1941
445 428 1929
225 1619 1985
718 1546 1915
749 1443 91
1392 886 1220
160 1369 1921
123 1378 1947
1942 852 1980
1525 1160 1941
1277 262 1905
334 1193 1988
441 1649 1912
1313 521 1905
1625 1353 33
762 1979 85
1975 1404 1921
452 491 1995
1974 1591 1970
964 125 1987
1124 197 1955
1823 1709 1913
935 693 1987
1124 1469 1911
141 1633 45
663 833 221
138 259 1934
968 1785 1924
703 1042 1956
1757 271 1959
920 537 1982
1033 284 1917
1714 389 1926
636 1202 1986
1212 194 39
1303 1416 1663
399 510 1921
1412 477 1951
859 859 1968
1602 800 1978
661 890 1938
748 823 1925
517 1380 1987
365 563 1932
256 1139 39
677 77 633
1473 840 1924
598 1465 1904
1847 1016 1919
738 872 1996
1274 485 1962
1279 1455 1920
1136 1128 1990
894 1545 1903
1558 1549 7
875 986 478
1254 1541 1923
682 1415 1964
272 606 1990
592 1082 1911
72 1088 1954
1612 1651 1998
1888 527 1913
726 574 1987
738 193 5
735 1852 371
868 102 1953
1324 824 1902
25 186 1997
218 1683 1917
119 741 1940
672 759 1929
1303 1807 1936
1513 765 1986
853 185 57
1424 26 1799
1436 1805 1910
879 1654 1995
808 1716 1920
1490 269 1948
61 1724 1963
389 1338 1927
5 1942 1919
668 598 1922
610 750 22
20 715 829
164 1120 1900
773 1389 1911
905 1274 1907
69 339 1942
655 1266 1921
521 1928 1978
1030 1096 1995
1465 773 1928
1909 795 30
447 685 1950
817 1872 1982
292 17 1973
1007 501 1979
20 1414 1949
370 1514 1954
29 242 1986
933 1475 1962
743 557 1937
377 282 64
1480 1708 357
1821 1645 1982
616 1043 1901
6 693 1907
151 1581 1933
1854 593 1974
1401 1374 1942
1126 1248 1901
194 1146 1986
444 1338 93
686 208 1731
1440 1481 1923
1248 1944 1936
11 1106 1904
350 1582 1953
985 258 1943
895 1124 1973
463 1820 1957
1781 1273 1961
361 1018 94
1763 1701 468
1006 1579 1991
1452 1243 1924
1025 289 1982
1689 1710 1952
292 199 1922
476 1715 1950
910 1861 1986
1931 224 1997
400 1215 77
1818 778 181
1159 1622 1971
355 321 1940
1455 1955 1952
892 829 1948
1152 1442 1902
1941 877 1983
1727 906 1921
534 1126 1945
682 371 60
1338 637 1010
149 483 1982
1953 339 1997
1897 1550 1980
1843 222 1938
1249 464 1931
946 257 1965
1294 903 1956
68 1589 1987
1015 288 4
1604 164 711
1224 1830 1939
1392 57 1911
1812 1517 1946
458 1448 1981
344 931 1998
135 32 1964
392 794 1960
1983 440 1940
1065 321 66
586 1607 1004
934 79 1935
576 145 1962
402 1774 1989
1022 1216 1965
713 958 1901
1403 268 1919
1146 1581 1974
571 1331 1914
1290 1276 33
1681 1578 903
270 505 1993
1054 99 1965
821 1193 1928
858 713 1938
1337 213 1923
1507 517 1988
563 1333 2000
927 170 1987
400 1469 96
1316 1496 311
910 1906 1902
281 966 1939
1862 1962 1929
456 1366 1967
1422 858 1975
772 208 1904
524 706 1904
881 25 1961
1037 1535 73
894 1186 82
986 1873 1982
736 279 1908
1488 658 1928
285 1093 1903
1626 528 1924
844 1308 1984
695 72 1933
1935 1993 1934
1417 13 33
362 992 259
1509 13 1923
313 1280 1921
1771 1267 1945
184 117 1976
1085 153 1953
853 1590 1974
275 1314 1922
1163 493 1982
385 1115 8
898 1435 649
346 1633 1992
1201 126 1907
1319 351 1903
1519 1367 1960
1249 441 1921
281 1063 1933
1890 1109 1944
372 1788 1909
1577 1155 3
1577 250 1947
534 110 1967
545 872 1925
692 525 1983
1482 893 1947
1545 729 1980
1670 985 1953
1830 1442 1939
797 1456 1918
997 796 97
1691 391 1748
1698 1882 1982
426 1109 1995
316 608 1912
55 570 1934
621 1690 1949
400 439 1966
1279 402 1942
1593 193 1939
1525 1804 59
954 935 1034
35 1605 1965
1274 1094 1922
1515 917 1954
1896 1916 1959
1124 85 1960
15 19 1960
1089 98 1917
1843 135 1921
594 178 55
1400 1739 869
284 1234 1900
1486 426 1945
1681 992 1923
122 948 1937
1011 1660 1944
1226 798 1973
1909 541 1906
53 1755 1995
1997 360 9
1035 1604 1477
1787 1422 1939
1718 1945 1944
451 575 1984
1959 408 1950
1315 1381 1920
1640 633 1906
513 1871 1955
203 1112 1971
666 282 43
1794 1416 1102
635 364 1920
674 968 1939
1369 1431 1971
708 1113 1954
628 1830 1941
404 1178 1905
1704 1226 1903
740 459 1981
1815 1652 1
1696 1476 1399
1795 797 1956
1884 532 1964
1330 532 1958
1563 145 1978
1424 1093 1950
227 617 1936
638 550 1997
725 1677 1971
272 311 69
204 188 91
585 1320 1927
1405 1288 1962
517 1460 1963
1269 1249 1936
80 68 1919
947 1952 1990
1075 698 1933
747 1662 1919
1127 1674 50
920 915 1435
653 922 1996
1161 690 1970
1880 775 1992
907 837 1989
1991 475 1991
1664 1953 1949
1526 732 1924
552 164 1948
1009 325 51
1654 761 1610
1377 1989 1930
474 320 1986
723 1746 1914
445 1213 1974
958 838 1993
295 938 2000
1198 193 1959
96 1967 1902
998 626 51
1605 339 1339
1718 1945 1971
1493 1637 1950
390 566 1911
937 694 1939
1558 1289 1970
1441 642 1937
1293 578 1960
1810 1928 1947
269 1319 35
1722 1127 591
836 462 1984
279 139 1974
1570 1456 1964
1243 1626 1909
1052 199 1932
1891 1127 1965
395 1804 1912
1629 1437 1942
1177 609 8
1784 289 1416
1485 725 1932
566 316 1970
455 1446 1962
383 1804 1917
1141 1416 1933
729 894 1934
885 222 1940
1075 1504 1990
1800 1211 65
1162 839 1229
249 1993 1907
1498 713 1971
1010 102 1998
312 1173 1904
545 618 1907
703 389 1985
646 77 1908
750 998 1982
743 566 51
975 861 959
1318 481 1963
727 210 1975
1563 1362 1933
48 238 1942
1031 671 1908
1792 1075 1995
671 36 1946
1865 1897 1901
37 531 89
333 1093 818
452 654 1969
1587 1622 1943
506 634 1927
1480 267 1991
457 1385 1911
1284 625 1909
1698 596 1960
622 1258 1905
813 1737 76
1266 407 83
1735 1585 1962
1142 1173 1913
491 564 1928
470 1851 1949
226 1127 1965
940 1220 1936
94 984 1938
172 452 1931
1222 210 81
695 80 1975
1381 298 1979
1735 1964 1946
1533 171 1964
158 1448 1960
1925 1356 1953
1256 533 1911
1651 1789 1962
408 70 1906
1988 1926 25
1509 1193 1334
1261 593 1993
525 1379 1915
1776 1120 1909
277 1039 1991
1584 1050 1903
255 641 1973
308 978 1903
1473 165 1965
1580 1763 78
1818 485 273
702 1856 1942
272 587 1988
1652 1108 1951
305 662 1902
126 1275 1983
1808 1145 1978
1622 1768 1915
1387 1052 2000
1631 586 46
1288 1263 228
444 514 1956
274 1828 1984
105 1065 1963
175 9 1933
1972 66 1950
1437 1095 1926
878 1622 1951
902 1938 1918
896 824 6
108 961 887
1772 107 1926
719 966 1934
950 1540 1907
769 1678 1974
700 32 1995
1349 1286 1967
1517 1409 1952
1378 1218 1915
1662 852 83
37 147 401
1721 1365 2000
1038 894 1966
1285 1683 1939
757 855 1979
1478 1226 1953
1199 315 1980
1501 90 1947
22 1892 1991
1132 384 26
765 947 829
443 627 1954
1181 1146 1992
1605 249 1967
1466 1077 2000
541 1184 1951
811 101 1973
231 242 1921
1797 325 1938
1712 404 15
1238 1237 1495
1587 1437 1914
540 204 1924
735 264 1950
1828 645 1954
946 972 1909
650 303 1916
248 475 1976
1991 1835 1956
102 1582 74
1538 311 656
1691 1012 1968
926 633 1975
1159 1890 1922
1240 519 1946
416 1383 1944
568 1612 1977
932 606 1995
573 1246 1908
47 1210 89
55 1727 157
1219 1374 1902
1565 1677 1955
939 864 1922
1802 1159 1968
1716 681 1920
455 1972 1957
1401 1212 1966
1385 41 1933
789 1601 49
1494 1241 744
413 144 1929
133 1158 1960
689 515 1954
1554 1 1965
1885 682 1915
1178 73 1995
1551 95 1967
1209 1702 1901
644 172 52
1357 110 1552
770 660 1900
843 1121 1969
1509 1350 1923
885 805 1923
1464 656 1984
1193 1534 1927
640 894 1907
1162 1913 1972
1792 1564 79
1809 1535 783
788 1430 1927
72 1411 1964
101 1971 1978
1733 513 1951
299 550 1911
370 1869 1932
709 1512 1970
916 1199 1995
1775 1512 12
73 1964 1020
310 662 1973
1808 874 1931
949 1920 1909
283 1159 1950
446 161 1940
65 661 1981
968 317 1919
1543 138 1947
33 1729 7
82 395 1674
1590 1042 1962
1860 1827 1968
1958 1739 1960
460 1029 1937
1747 1921 1905
1092 541 1906
1529 1808 1900
1905 1822 1952
486 2 2
1690 407 1439
1199 778 1982
922 933 1979
1398 1003 1933
1028 822 1996
1308 1018 1957
1024 1295 1950
390 1488 1927
62 580 1988
659 880 61
1081 1973 327
266 691 1959
1055 1132 1938
1911 1199 2000
1476 1179 1916
1549 227 1991
1997 214 1909
1675 917 1937
1969 1024 1925
1669 1498 21
919 499 1742
191 744 1950
1926 1900 1996
1124 1639 1918
1527 1870 1924
1383 1568 1942
1761 1873 1940
549 234 1918
1161 1697 1918
1561 1106 52
1410 1413 528
746 1121 1920
52 1606 1960
433 1438 1972
125 1370 1982
1932 1986 1948
1176 965 1911
1264 971 1906
1001 362 1990
207 982 79
1749 105 941
1355 1711 1977
1461 50 1923
560 731 1959
165 1142 1922
110 954 1992
1828 1823 1921
1996 972 1965
61 27 1986
1690 114 36
233 1682 1767
1977 801 1962
1738 720 1964
1144 1613 1997
859 1804 1942
1194 1933 1917
1995 1420 1902
1685 901 1939
1534 1673 1948
791 38 1
712 397 1095
305 1137 1919
1550 828 1961
1764 1304 1953
1837 405 1987
54 1878 1944
267 453 1934
1957 1467 1941
344 1181 1947
1355 1546 31
1899 192 319
1863 100 1938
703 1205 1965
1509 1802 1940
335 65 1989
1504 719 1952
1240 1498 1939
1090 575 1983
433 615 1987
413 1130 82
7 246 131
1945 1949 1911
1584 899 1942
1823 1036 1998
1653 1488 1904
901 863 1982
372 265 1908
513 1742 1984
1380 387 1912
1651 142 25
1197 551 1951
1295 1677 1964
1018 1527 1941
252 533 1994
406 730 1940
223 584 1982
605 779 1971
1978 514 1961
43 1963 1989
126 769 68
1578 719 1551
1071 856 1920
548 191 1999
246 1761 1955
1372 1727 1946
1978 1737 1923
262 409 1967
680 1116 1981
1340 44 1918
1575 247 33
1453 1074 1358
825 661 1944
1847 1607 1960
390 628 1979
253 1902 1934
1442 40 1941
1538 1830 1938
1649 625 1900
1844 718 1932
489 301 96
545 980 937
990 486 1960
20 1162 1992
1964 1734 1954
1353 1885 1984
354 320 1952
1869 711 1999
1925 61 1984
385 1434 1999
623 1335 50
349 1360 425
679 1024 1995
1578 1166 1941
1650 1841 1974
1583 1043 1988
497 1517 1986
1113 1892 1924
896 1751 1968
3 6 1995
1180 197 76
1174 1744 1322
1252 1056 1991
941 863 1916
384 1369 1990
1203 1572 1949
1547 1571 1906
236 1239 1968
1009 1028 1979
1487 1109 1904
465 650 42
819 745 732
435 1045 1924
46 1788 1900
1908 780 1903
1469 1050 1958
1083 1034 1925
218 1391 1961
171 358 1907
1286 504 1990
154 249 64
391 239 1315
187 416 1948
1929 1065 1990
947 393 1945
265 16 1966
1652 1490 1929
1099 1224 1966
531 1118 1977
465 222 1942
1755 87 29
1735 1097 1514
396 118 1905
1457 687 1932
264 62 1947
1106 1354 1913
578 1264 1994
528 1983 1966
1221 1856 1964
592 776 1955
1434 318 89
30 948 80
1741 1512 1963
1508 69 1924
1649 1257 1991
1619 482 1994
1186 1874 1969
432 1156 1980
801 991 1962
543 1516 1912
1722 546 80
1382 1121 473
605 1864 1974
1882 929 1982
506 617 1967
514 388 1902
1772 57 1913
346 316 1987
524 398 1979
214 1703 1905
170 1381 4
362 752 1366
1406 636 1933
1052 813 1979
883 1986 1948
127 85 1903
933 361 1996
834 63 1911
804 1417 1918
1883 549 1941
1356 132 16
1369 913 858
1924 388 1983
916 1388 1947
55 1048 1976
1935 119 1948
908 854 1970
1046 1892 1962
881 273 1939
1640 877 1918
1643 1264 54
1698 1210 835
775 1614 1955
1551 148 1970
804 1903 1916
159 1616 1955
420 22 1930
898 1602 1961
1158 654 1904
615 1019 1934
674 1562 25
1851 1161 100
355 107 1967
216 249 1999
1549 864 1966
1827 1678 1969
1926 1579 1907
339 1052 1924
1689 1097 1940
1599 1781 1957
795 671 11
163 924 563
40 346 1910
460 154 1947
1633 1957 1961
1903 728 1936
435 276 1917
714 42 1984
107 1169 1999
1720 722 1926
1196 485 96
30 575 1172
1223 1749 1971
1844 189 1989
1630 1473 1968
1784 1666 1915
1046 1914 1982
137 716 1964
1262 1150 1911
1289 1872 1965
623 201 56
1438 205 719
