20 100
17 18 9 5 7 15 7 8 2 7 14 16 4 18 12 9 3 12 7 9
1 6
1 7
1 9
2 8 19
2 12 19
2 1 19
1 4
1 14
2 15 7
2 4 14
1 3
1 8
1 5
1 7
1 3
1 6
1 8
2 7 5
2 20 15
1 7
2 7 14
2 3 18
1 4
1 10
1 19
1 19
1 14
1 15
1 10
2 6 8
1 14
1 1
1 4
2 10 5
1 4
1 5
2 13 20
1 19
1 18
2 5 8
1 16
2 9 10
2 2 2
2 4 10
1 16
2 6 17
2 15 14
2 14 12
1 10
2 4 20
2 2 19
1 7
1 6
2 19 11
2 1 15
1 6
1 6
1 3
2 6 15
2 19 2
1 19
2 12 18
1 19
2 18 9
1 18
1 2
2 11 2
1 14
2 7 17
1 6
2 17 12
2 6 4
2 15 4
1 12
1 20
2 1 19
2 14 19
2 11 16
2 9 11
2 19 12
2 15 18
2 9 7
1 3
2 4 7
2 2 10
2 5 14
2 4 13
1 15
2 19 19
2 2 16
1 14
2 1 13
2 14 18
1 5
2 2 9
2 13 19
2 6 7
2 8 9
2 6 15
1 10
