100 1000
48 36 100 99 12 8 48 37 3 61 21 58 60 13 90 97 58 22 48 57 24 83 55 2 35 46 97 35 21 76 70 88 24 76 24 56 10 9 95 70 87 89 79 12 92 19 93 41 80 68 23 37 18 99 14 67 24 18 4 79 88 64 20 9 19 33 90 62 5 8 36 19 72 22 63 76 93 57 67 41 54 81 81 49 1 66 62 69 75 5 10 98 74 88 61 73 18 91 56 79
1 28
1 7
1 8
2 43 70
2 85 71
1 22
2 41 60
2 29 67
1 46
1 46
2 78 71
1 28
2 65 27
1 3
2 71 45
2 99 88
1 91
1 47
2 18 7
2 7 86
1 99
2 25 70
2 74 50
1 1
2 94 41
2 78 55
2 79 93
1 40
2 9 38
1 85
2 34 3
2 12 47
1 86
1 89
2 72 82
2 70 41
2 31 48
2 23 25
2 97 81
1 69
1 23
1 4
1 35
2 60 27
2 36 61
1 35
2 79 55
1 42
1 3
2 94 66
1 3
1 40
2 65 54
2 86 71
1 31
1 19
2 20 4
2 59 41
1 72
2 98 89
2 9 9
2 33 93
2 90 77
2 86 58
2 11 64
2 66 74
1 4
2 83 14
2 31 60
1 98
2 75 62
2 87 71
2 52 48
2 36 52
2 20 5
1 32
2 13 13
2 10 13
2 68 52
1 61
2 67 37
1 85
1 3
2 17 18
2 78 68
2 2 62
2 12 73
1 23
2 59 68
1 37
2 100 77
1 75
1 71
2 39 37
2 33 73
2 44 76
1 60
1 77
2 34 9
1 26
2 50 77
2 86 64
2 24 59
2 15 29
1 96
1 36
2 88 100
1 47
2 19 96
2 86 21
2 68 13
1 27
1 21
2 41 84
1 65
1 25
1 29
1 6
2 73 59
1 42
1 62
1 52
2 22 20
1 37
2 84 58
1 31
1 13
2 94 37
1 20
2 53 72
2 58 48
2 76 38
2 62 98
1 75
1 31
2 35 26
2 85 54
1 18
1 22
2 52 55
1 77
2 7 86
1 95
2 58 81
2 3 84
2 71 95
1 98
2 1 14
2 81 23
2 5 66
1 63
2 9 40
1 44
2 76 38
2 19 30
1 61
1 96
2 20 61
1 31
1 12
1 93
1 56
1 70
1 88
2 68 30
2 66 64
1 37
1 3
1 85
2 70 55
2 44 64
2 50 69
2 38 65
2 7 89
2 78 30
1 10
1 72
1 81
1 83
2 45 4
1 38
2 56 72
1 21
1 65
2 22 20
1 37
2 59 72
2 78 11
1 8
1 86
1 98
2 35 10
1 77
1 64
2 10 87
1 77
2 78 14
2 76 78
2 53 19
1 57
2 30 33
1 67
1 22
1 51
2 61 32
1 43
1 79
1 47
2 69 78
2 19 80
1 64
1 3
2 7 56
2 12 83
2 5 43
2 63 11
2 33 68
1 97
2 79 14
1 55
1 47
1 83
1 16
1 58
1 31
1 38
1 79
2 67 65
2 62 93
2 38 11
2 27 8
2 65 75
2 98 90
1 63
1 60
1 97
2 32 87
1 21
2 39 92
2 23 46
2 78 28
2 59 28
2 15 90
2 9 68
1 11
1 86
1 94
1 12
2 28 81
2 81 13
2 18 90
1 47
1 21
2 84 10
2 40 38
1 10
2 18 50
2 34 76
1 63
2 42 79
1 84
2 40 30
2 65 41
2 23 22
2 41 15
1 50
2 90 6
1 26
2 23 54
2 53 98
1 16
1 31
2 56 37
1 9
2 97 46
2 85 15
1 97
2 53 57
1 23
1 19
1 83
2 52 49
2 97 18
2 74 25
1 92
2 73 46
2 4 97
1 42
1 89
2 17 96
1 30
1 86
2 40 9
2 34 92
2 86 13
2 77 68
1 1
2 5 98
1 22
2 70 80
2 76 85
1 37
2 62 6
1 85
1 82
2 46 18
2 87 5
2 73 89
2 35 3
1 44
1 35
2 77 32
2 52 6
2 91 98
2 10 16
1 8
2 7 98
2 47 84
2 73 68
2 18 24
1 51
1 73
2 40 49
2 24 89
2 57 6
1 7
1 61
1 31
1 14
2 12 9
2 39 12
1 68
2 36 24
1 74
1 22
2 73 56
2 41 8
1 46
1 100
2 35 36
2 44 37
1 44
2 23 58
2 14 90
1 30
1 68
2 64 24
1 6
2 43 87
2 14 68
2 97 18
2 67 32
1 33
1 25
2 34 99
1 77
2 85 63
2 21 44
2 75 36
1 60
2 72 48
1 2
2 31 85
1 73
1 33
1 31
1 43
1 25
2 26 26
1 93
2 17 52
1 59
1 36
1 94
1 98
1 9
2 25 31
2 40 64
2 35 89
2 73 73
2 68 47
1 46
1 74
1 78
2 18 68
1 30
2 36 38
2 15 41
2 46 85
1 51
1 64
1 31
2 58 35
1 86
2 50 78
1 68
2 66 14
1 96
1 84
2 86 21
2 70 7
2 82 89
1 25
1 83
2 53 2
2 99 96
2 53 89
2 95 24
1 29
2 4 82
2 54 7
2 51 41
1 99
1 41
2 67 8
2 24 82
2 82 13
1 99
2 51 52
2 42 63
2 16 17
2 69 69
2 19 42
2 2 29
2 82 21
2 6 81
1 96
1 83
1 91
1 34
2 72 94
2 18 29
2 86 2
2 97 2
1 88
2 75 70
2 96 81
1 31
1 57
2 49 55
1 2
2 7 26
1 6
2 63 60
2 97 13
1 28
2 98 35
1 28
1 8
1 95
2 22 47
2 91 24
2 40 78
2 43 79
2 75 86
2 6 43
1 31
1 57
1 62
1 2
1 39
2 9 54
1 70
1 48
2 38 25
2 8 7
1 77
2 32 21
1 47
2 75 83
2 45 89
1 74
2 50 25
1 1
1 96
2 90 4
1 35
1 83
2 20 68
1 94
2 22 92
2 93 70
2 80 66
2 26 32
2 57 62
1 11
1 61
2 18 75
2 63 27
2 4 3
2 7 100
2 51 97
1 88
2 43 2
2 42 30
1 5
2 28 90
1 89
2 56 55
2 22 83
1 36
1 95
1 20
1 22
1 100
2 63 52
1 80
2 35 26
1 34
2 5 55
1 5
2 12 18
1 36
2 73 55
1 22
1 17
1 28
1 99
2 18 82
2 9 99
1 12
1 55
1 19
2 76 90
1 27
1 60
1 72
1 92
2 18 87
2 91 17
2 73 76
2 87 58
2 100 42
1 68
2 26 38
1 14
1 70
2 13 25
2 60 72
2 77 35
2 80 90
2 93 85
1 4
2 85 59
2 33 43
2 98 83
2 93 30
2 6 16
2 62 20
2 52 77
1 63
2 7 38
2 93 38
1 52
2 28 2
1 99
1 91
1 80
1 68
2 42 75
1 92
2 65 36
1 92
1 54
2 72 9
2 80 19
2 86 35
1 23
2 20 22
2 23 35
1 51
2 53 16
1 12
1 61
1 78
1 40
1 13
1 94
2 39 25
2 5 32
1 40
1 70
2 25 6
1 69
2 78 37
2 63 94
1 81
1 52
1 75
2 13 50
2 55 52
2 6 33
1 15
2 75 38
2 55 58
1 8
1 92
2 4 78
1 20
1 50
2 34 66
1 92
2 3 54
1 35
2 25 56
2 34 43
2 56 29
1 78
2 3 3
1 36
2 63 59
1 37
1 61
2 28 29
1 66
1 18
2 16 72
1 64
1 30
1 54
1 41
2 25 35
1 30
1 98
2 22 23
1 58
2 20 61
1 63
1 19
1 1
1 49
2 38 67
1 48
2 20 11
1 49
1 2
2 75 94
1 62
1 84
1 54
2 76 13
2 76 87
1 86
2 77 53
2 16 49
2 82 19
1 95
1 68
2 25 48
1 60
1 93
2 68 68
1 90
1 54
1 81
2 56 33
1 29
1 8
2 58 37
2 25 46
1 10
2 30 42
1 50
2 58 50
2 19 55
2 24 72
2 8 34
2 52 72
2 28 55
1 32
2 74 12
1 99
1 25
2 65 71
2 37 95
2 28 2
2 85 85
1 54
2 38 48
1 37
2 77 5
1 40
2 74 23
2 4 62
1 8
2 55 24
2 95 33
1 63
1 78
2 46 38
2 28 16
2 98 23
1 48
2 41 14
1 64
1 61
1 91
1 88
1 45
1 48
2 4 28
2 19 30
1 70
1 85
1 55
2 83 74
2 56 72
2 92 98
1 8
2 25 15
1 37
2 87 61
1 68
1 80
1 46
1 18
1 95
2 74 97
1 65
2 34 95
2 41 83
1 60
1 97
2 48 93
1 52
2 86 28
2 58 32
1 53
2 58 11
2 16 65
2 29 66
2 46 21
2 5 6
1 36
2 50 39
2 74 14
1 47
1 82
2 74 61
2 53 81
2 15 37
1 29
2 91 42
1 72
1 14
1 100
1 83
2 48 19
2 70 98
2 83 81
2 29 72
1 44
1 8
2 40 50
1 2
2 2 29
2 51 8
2 58 94
1 2
1 45
1 56
1 66
2 69 66
2 89 38
1 18
1 30
1 36
1 47
1 77
2 5 15
2 100 8
2 2 61
1 96
2 72 47
2 96 64
1 31
2 73 82
1 49
2 83 74
1 54
2 37 6
1 11
1 29
1 36
2 35 21
2 56 50
2 99 5
2 23 78
1 99
1 1
2 99 56
1 21
2 38 12
1 83
1 9
1 90
1 85
1 54
2 60 69
2 23 40
1 40
1 3
1 81
1 73
2 73 18
2 44 32
1 43
2 52 68
2 36 34
1 43
1 10
2 62 55
2 82 38
1 79
2 90 62
1 10
2 61 68
2 10 84
2 99 3
1 59
2 84 89
2 95 37
2 60 84
2 21 22
1 80
2 1 40
2 82 66
1 65
2 44 67
2 12 69
1 88
1 61
1 19
2 52 84
2 44 88
1 8
1 9
2 48 24
2 60 34
1 83
2 66 38
2 56 55
1 46
1 67
2 14 96
1 94
2 15 28
1 87
1 79
2 3 70
1 26
1 2
1 42
1 85
2 62 64
2 58 16
1 6
2 58 16
1 81
1 32
2 7 49
2 37 3
2 4 31
1 60
2 60 19
1 17
2 17 84
1 28
2 28 26
2 50 49
2 49 63
1 88
1 71
1 91
1 81
2 66 44
1 89
2 95 40
1 35
1 15
2 39 17
2 90 65
2 93 90
1 52
1 5
2 97 32
2 73 12
2 34 72
1 25
2 83 80
1 81
1 1
2 64 63
2 50 25
2 88 77
2 2 46
1 44
1 28
2 100 97
2 44 50
2 18 92
1 81
1 8
2 52 52
1 93
2 47 47
2 30 49
1 25
1 49
1 66
1 35
2 52 39
1 86
2 30 24
1 21
2 60 40
1 79
1 71
1 8
2 22 54
2 99 57
1 45
2 54 50
1 8
1 57
2 77 69
1 19
1 89
2 41 44
2 61 31
1 94
1 59
2 81 70
1 39
2 17 27
1 85
1 74
1 96
1 38
1 49
2 35 98
2 59 54
1 28
2 34 58
1 47
1 41
2 99 84
1 44
1 11
2 25 20
2 69 48
2 60 86
1 12
1 2
2 2 70
2 11 36
1 31
2 58 9
1 36
1 51
2 60 14
2 50 18
1 12
1 79
1 37
1 50
2 36 20
2 1 55
1 19
2 82 50
1 14
2 59 48
2 39 5
1 86
2 18 18
2 88 67
1 84
1 27
2 50 94
1 62
2 84 8
2 72 6
1 49
1 99
1 70
1 83
2 53 42
2 18 69
1 39
1 49
1 12
2 100 25
2 21 39
2 93 86
1 93
2 26 100
1 3
1 34
1 44
1 51
