1000 1000
656 3 693 268 541 143 457 183 641 594 978 373 938 655 609 225 441 140 688 515 879 683 185 276 514 595 144 262 799 627 271 438 436 39 95 705 252 193 663 550 355 743 320 609 561 609 860 398 52 666 261 60 456 636 493 737 365 335 948 104 926 751 139 190 584 115 255 935 196 925 174 205 390 178 453 961 568 257 441 726 913 596 311 938 527 890 268 916 780 743 750 559 810 257 395 789 429 525 49 514 605 738 137 878 417 471 504 566 408 976 488 611 625 217 121 35 872 498 816 507 154 694 378 652 16 412 469 984 275 494 949 799 733 827 622 216 146 528 403 363 48 729 758 481 762 570 407 834 31 227 533 610 378 137 219 420 683 417 278 937 762 413 954 448 938 830 831 458 531 462 593 232 189 698 486 323 735 576 305 259 966 111 204 982 752 689 579 779 791 640 555 251 46 426 919 53 641 123 874 502 39 910 18 144 53 997 393 994 298 350 890 423 370 82 127 694 110 456 66 689 383 251 754 312 747 792 947 586 977 192 221 209 238 101 618 223 269 138 342 8 535 138 224 678 966 710 937 749 422 751 753 303 913 668 946 998 959 213 557 286 697 736 446 580 603 173 382 277 634 650 333 198 661 701 329 166 359 312 420 286 936 280 829 813 316 599 839 176 384 802 599 487 817 443 170 195 849 360 704 565 372 385 975 778 476 613 573 586 59 835 827 337 611 863 331 355 560 888 294 75 591 672 914 569 811 417 104 480 992 34 236 348 395 69 325 64 15 428 467 918 83 279 139 324 619 866 524 985 83 399 570 681 746 831 141 564 372 203 994 197 752 731 340 812 91 468 223 459 474 354 485 373 255 395 767 460 196 693 148 704 255 459 888 575 407 432 477 425 570 989 576 243 979 961 387 494 898 128 861 547 411 338 246 150 455 835 672 277 252 568 431 186 49 91 863 49 658 698 338 663 327 687 708 71 275 976 661 285 227 84 676 868 933 741 838 992 805 849 851 291 337 378 837 371 384 590 883 722 834 73 408 89 295 356 758 208 455 786 11 945 24 141 62 509 838 322 714 701 158 938 69 667 481 710 430 492 248 309 177 905 172 948 696 212 173 99 98 931 133 35 71 833 511 232 441 116 1000 749 764 41 162 45 842 183 866 641 537 746 805 245 485 883 976 40 811 856 866 253 607 436 896 633 682 30 526 82 708 478 618 674 119 710 977 540 399 522 303 542 916 992 345 958 813 639 53 168 957 818 672 277 698 521 949 175 700 275 199 156 172 328 672 715 598 838 568 721 706 1000 208 474 562 614 251 767 806 519 603 849 639 681 309 251 201 217 875 408 522 811 718 181 941 424 775 270 819 284 112 105 472 70 281 274 680 484 976 187 771 199 201 105 912 125 771 819 610 889 331 367 709 305 12 873 557 409 374 32 971 229 385 63 893 577 225 130 58 928 854 182 705 843 823 582 669 769 755 933 436 217 636 129 423 735 597 326 400 152 139 900 931 739 353 541 756 623 906 60 283 966 609 806 801 784 391 498 273 998 598 459 610 685 337 582 650 437 756 220 691 168 397 374 334 813 468 105 279 815 492 106 129 749 4 39 533 761 539 926 992 372 101 347 84 715 499 615 480 892 623 31 819 508 161 853 594 127 996 616 230 187 871 431 444 788 998 312 251 360 461 83 217 709 89 809 125 348 37 461 340 363 816 889 492 212 399 434 419 79 845 197 437 576 313 219 241 303 142 260 885 54 525 947 765 182 304 362 411 375 521 314 419 138 806 329 250 982 241 754 306 869 439 171 489 578 361 950 624 910 237 351 981 736 236 151 586 265 159 975 245 829 840 788 12 706 263 185 139 634 460 969 10 940 953 953 754 827 32 836 232 859 30 830 652 725 272 655 256 430 179 512 574 101 140 734 237 699 438 929 362 467 361 833 847 11 814 776 578 365 645 905 779 332 548 937 489 358 715 831 875 981 442 256 926 385 668 44 429 879 959 279 940 159 906 855 849 154 874 596 291 201 362 939 133 437 426 637 483 719 87 446 49 928 161 927 819 270 985 423 349 110 57 793 344 103 124 505 84 324 367 513 119 903 262 243 739 698 97 524 968 618 675 873 774 925 114 753 52 630 117 802 161 298 778 92 181 206 690 561 442 168 105 338 43 978 74 971 318 954 102 15 630 940 435 962 150 999 745 619 940 471 776 707 176 872 498 860 389 387 68 333 182 549 507 948 671 576 908 604 603 369 532 13 322 882 72 244 65 14 729 403 21 150
2 560 60
1 586
2 340 502
2 655 295
1 335
1 186
2 269 568
2 252 81
2 139 842
1 130
1 637
2 341 263
1 340
2 527 102
1 613
1 890
1 17
2 48 414
1 117
1 756
2 428 228
1 306
2 712 921
1 482
2 454 950
1 665
1 732
1 607
1 746
2 861 595
1 630
2 625 508
2 44 973
2 652 235
2 585 703
1 255
2 3 106
2 299 976
1 231
2 916 830
1 997
1 278
2 460 543
2 418 121
1 935
1 10
2 607 315
2 471 999
1 284
1 246
2 948 638
1 6
1 101
2 718 568
1 36
1 707
2 258 4
1 682
1 342
1 115
2 561 181
1 150
1 563
1 195
2 58 291
1 61
2 780 503
1 304
2 36 990
2 316 890
1 129
1 216
2 955 327
1 278
1 634
2 26 462
2 332 594
1 485
2 129 798
2 392 339
2 559 980
2 954 402
2 939 337
1 208
2 740 786
1 609
1 23
1 265
1 197
2 555 26
2 834 875
2 269 680
1 801
1 112
2 571 977
1 803
1 311
1 150
2 128 68
1 555
1 139
2 464 178
2 680 665
1 54
2 394 821
1 604
2 134 33
1 804
1 59
1 724
1 663
2 122 316
1 978
1 401
2 879 207
2 855 519
1 772
2 416 292
1 918
1 499
2 704 265
1 865
2 173 426
1 991
2 719 852
1 9
1 459
1 710
2 24 969
1 100
2 877 568
2 966 343
1 467
2 251 554
1 548
1 943
1 746
1 625
2 897 453
1 622
1 182
2 739 594
2 23 553
1 756
2 698 722
1 231
1 707
1 329
1 38
2 395 434
2 893 766
1 460
1 177
2 838 809
2 119 202
1 52
2 980 716
1 680
1 638
2 19 451
2 154 85
2 101 740
1 858
1 808
1 93
1 67
1 415
1 505
1 550
1 508
1 616
2 886 585
1 376
2 562 452
2 999 967
1 900
2 808 323
2 432 121
2 82 690
2 614 633
1 676
1 27
2 902 220
2 983 497
1 896
1 716
1 601
2 728 324
2 661 786
1 264
1 297
2 124 451
1 70
1 26
1 909
2 11 642
1 573
1 324
2 13 205
1 823
2 768 475
2 293 361
1 907
1 657
1 929
2 406 711
2 951 411
1 727
2 139 56
2 883 761
2 60 420
1 877
1 19
1 638
2 842 846
1 902
1 393
2 249 415
2 64 224
1 715
1 728
1 902
1 48
2 750 89
2 735 615
2 479 117
1 12
2 525 222
1 404
2 705 800
2 29 20
1 49
2 56 560
2 613 712
1 480
2 45 343
1 629
1 365
2 612 541
1 563
2 158 805
2 243 436
2 455 992
2 792 378
1 493
1 738
2 548 378
1 574
2 629 613
2 688 122
1 71
2 471 229
2 198 505
2 417 337
2 754 915
2 717 732
2 868 516
2 805 500
2 81 277
2 911 461
2 991 48
1 669
1 178
1 956
2 874 655
2 835 586
2 16 389
2 59 933
2 759 143
1 802
1 792
1 790
2 924 531
2 12 681
1 755
1 432
1 764
1 223
1 959
1 864
2 927 240
2 904 128
1 813
1 622
2 865 674
1 165
2 301 306
2 606 58
1 339
1 920
1 573
2 764 540
2 593 885
2 125 313
2 440 769
2 767 846
2 936 720
1 380
1 899
2 401 45
2 96 191
1 147
1 810
2 494 606
1 370
1 852
2 890 738
2 372 870
1 525
1 159
2 763 748
1 744
2 276 401
1 407
1 269
1 424
2 215 535
2 295 362
1 678
1 253
1 263
1 578
1 39
2 410 269
2 522 348
1 905
1 484
1 639
1 477
2 659 866
2 949 93
2 168 3
1 558
2 250 102
1 638
2 233 300
1 705
1 61
1 159
2 985 339
2 281 884
1 842
1 827
1 732
1 33
2 742 330
2 872 36
2 807 1000
2 571 285
1 88
1 794
1 557
2 570 638
1 289
2 79 308
2 569 48
1 893
2 8 328
2 266 876
1 925
2 234 271
2 386 968
2 726 583
1 589
1 900
2 94 860
2 873 365
2 183 687
2 799 360
2 836 651
2 381 230
2 144 8
1 166
2 401 618
1 578
1 723
1 797
2 259 598
1 902
2 100 67
2 838 25
2 701 114
1 214
2 60 51
1 791
2 944 744
1 690
2 339 667
2 178 384
1 756
2 648 322
2 179 761
2 902 471
1 707
1 561
1 638
1 404
1 288
2 518 166
2 607 792
1 125
2 534 993
2 414 983
2 456 327
2 869 73
1 815
1 701
2 944 562
2 765 916
2 550 60
2 133 760
2 829 271
2 433 333
2 597 450
2 209 77
1 657
2 130 61
2 196 76
1 390
2 179 761
1 352
2 439 472
2 99 663
2 848 966
2 462 666
1 654
2 395 238
2 25 753
1 866
1 394
1 290
2 983 197
1 676
1 764
1 711
2 318 410
2 36 518
1 952
1 614
1 122
1 254
1 928
2 64 622
1 908
1 35
1 377
1 559
1 726
2 432 587
2 67 302
2 901 592
2 534 12
1 515
2 661 617
1 624
1 7
2 843 251
2 987 159
1 191
2 543 633
1 820
2 471 191
1 31
2 909 830
2 595 486
2 955 922
2 928 963
2 716 297
1 750
2 896 54
2 820 482
2 911 352
1 891
2 568 976
1 877
1 516
2 895 905
1 992
1 307
1 860
1 211
1 133
1 477
2 868 956
1 318
2 370 322
2 877 532
1 677
1 455
1 442
1 974
1 438
1 956
2 834 798
1 956
2 691 944
1 37
1 179
2 111 29
1 108
2 121 722
2 897 758
2 958 199
2 411 156
2 682 946
2 754 258
2 781 792
1 166
2 634 310
1 543
1 816
1 168
2 75 874
2 155 871
1 960
2 174 15
1 460
2 297 268
1 378
1 417
1 873
1 370
2 134 242
1 939
2 41 129
2 424 203
2 594 772
1 137
2 73 597
1 102
2 742 235
1 571
1 226
1 252
2 937 244
1 815
2 450 823
1 222
2 29 920
2 553 424
2 910 368
1 435
2 603 880
2 956 909
2 250 18
1 512
2 88 487
2 585 153
1 896
1 889
2 355 195
2 577 851
2 349 344
1 884
1 912
2 799 23
2 997 235
2 43 557
1 825
1 368
1 919
1 313
2 745 433
2 791 801
2 933 566
2 831 820
2 333 531
2 173 502
1 909
2 7 781
2 903 464
1 92
2 353 257
1 730
1 266
2 727 272
1 257
1 449
2 10 126
2 768 165
2 70 759
2 765 970
2 833 987
2 976 79
2 655 677
2 867 216
2 31 382
1 272
2 689 879
1 200
2 588 127
1 398
1 880
2 298 177
2 860 973
1 396
2 396 478
2 592 566
2 122 867
2 942 917
2 978 860
2 885 682
2 943 790
1 967
1 550
1 750
2 447 140
2 177 269
1 475
2 724 419
1 736
2 279 749
1 73
1 690
1 669
2 826 804
2 220 969
2 944 426
2 656 471
2 851 302
2 229 91
1 53
1 677
1 733
1 614
1 763
2 309 530
1 96
2 699 207
2 561 799
2 370 422
1 82
1 696
1 173
2 104 990
2 520 381
2 621 556
1 679
1 525
2 321 83
1 153
2 981 870
1 224
1 40
2 371 720
2 685 720
2 518 223
2 141 527
2 631 317
1 908
2 483 403
1 854
1 777
2 973 810
1 19
2 617 233
1 199
2 413 450
2 488 330
1 248
2 912 896
2 337 81
2 291 16
1 759
2 335 839
1 537
2 414 789
1 542
1 701
1 215
1 351
2 823 424
1 531
2 530 676
1 834
2 953 363
1 486
2 592 128
2 456 978
2 661 390
1 404
2 485 919
2 87 590
2 941 822
1 66
1 196
2 10 985
1 598
2 661 944
2 166 759
1 405
1 265
1 834
1 800
2 88 355
1 572
2 156 547
1 598
2 699 252
1 100
2 424 57
1 295
1 708
1 58
2 277 82
2 371 128
1 692
1 784
2 192 431
1 79
2 462 4
1 164
1 562
2 281 221
1 575
2 872 757
1 938
2 883 571
2 868 850
2 956 232
2 78 302
2 399 573
2 237 893
2 61 657
1 698
1 336
2 880 786
2 421 219
1 378
1 836
1 944
1 27
2 837 58
2 663 932
2 839 635
1 463
2 202 647
1 893
1 601
1 582
1 489
1 840
2 19 479
1 15
1 746
2 393 459
1 391
2 13 529
2 733 313
1 380
1 781
1 460
1 434
1 542
2 825 515
2 659 854
1 332
2 392 645
1 728
1 925
2 309 270
2 597 221
1 143
2 527 168
2 604 667
2 178 923
1 258
2 833 815
1 290
1 65
2 401 487
1 431
1 42
1 1
1 649
2 31 686
1 904
1 852
2 326 792
1 62
2 125 366
2 845 774
1 874
1 698
1 391
2 937 264
1 510
1 843
1 722
2 684 433
1 377
2 967 240
1 278
2 70 965
1 953
2 2 518
2 568 756
1 547
2 131 208
2 469 284
1 286
1 284
2 876 600
2 321 902
2 183 712
1 504
2 255 201
2 878 202
2 257 832
2 847 328
1 430
1 645
2 361 137
2 473 50
2 812 163
1 313
1 125
1 669
1 630
2 322 393
2 86 228
1 798
2 242 221
2 103 995
2 897 457
2 798 779
1 723
1 34
1 687
2 847 855
1 131
1 164
2 689 526
1 722
2 148 774
1 747
2 478 135
1 58
1 875
2 116 16
2 610 675
2 416 511
2 460 441
2 27 83
1 846
2 13 541
2 193 534
2 599 289
2 639 77
2 676 830
1 119
1 808
2 515 694
2 346 81
2 719 624
1 20
2 971 369
1 48
1 379
1 196
2 473 604
1 169
1 862
1 274
1 899
1 915
2 389 338
1 838
1 911
1 233
1 950
1 821
1 940
1 360
1 453
1 639
1 640
1 247
1 341
1 435
2 519 574
1 440
2 807 802
2 251 51
2 261 490
1 949
2 512 358
2 592 961
2 472 558
2 755 277
2 328 83
1 200
2 175 136
1 90
2 477 820
2 831 406
2 397 607
2 70 523
2 68 550
2 786 522
2 118 636
2 417 217
2 110 607
1 857
2 259 163
1 944
2 129 350
2 883 160
1 788
1 554
2 76 621
2 704 465
1 817
2 747 334
1 430
2 443 895
1 177
2 381 260
1 349
1 500
2 499 278
1 714
1 147
2 690 824
1 720
2 239 739
2 324 919
1 83
2 666 263
1 375
2 737 951
2 342 915
2 518 637
1 255
2 747 713
1 896
2 957 322
1 805
1 850
2 301 172
1 291
1 368
2 282 351
2 757 526
2 45 968
2 235 658
1 914
2 121 519
1 818
2 31 279
2 625 600
1 63
2 202 297
2 933 871
1 547
1 941
2 848 791
2 70 936
2 223 204
2 194 771
2 857 119
2 102 508
1 784
2 112 922
1 492
1 288
2 332 873
2 719 803
2 901 460
2 26 787
2 246 423
1 493
2 358 465
2 181 468
2 890 361
1 426
1 430
2 713 117
2 226 376
2 964 194
2 908 261
1 800
2 324 3
1 749
2 288 79
1 702
1 2
1 387
1 279
1 403
1 62
2 652 40
2 964 595
2 673 317
1 434
2 117 101
2 279 732
1 380
2 601 296
1 156
