610833184
610833184
610833184
610833184
222404014
222404014
961664676
961664676
961664676
961664676
279397668
284978698
560696896
560696896
386063854
434324796
434324796
542476135
542476135
542476135
542476135
542476135
386063854
284978698
284978698
279397668
279397668
262670848
262670848
262670848
262670848
251525058
251525058
262670848
251525058
251525058
251525058
279397668
335521276
410194325
410194325
478480830
478480830
434324796
456402813
456402813
456402813
478480830
478480830
478480830
478480830
489863674
489863674
456402813
456402813
456402813
478480830
501246518
501246518
489863674
489863674
501246518
501246518
501246518
501246518
489863674
489863674
489863674
489863674
501246518
501246518
501246518
489863674
489863674
489863674
489863674
489863674
501246518
501246518
518995272
518995272
518995272
518995272
536744026
536744026
542592517
548441008
548441008
548441008
548441008
536744026
536744026
536744026
509591266
505418892
505418892
489863674
501246518
501246518
501246518
501246518
501246518
501246518
501246518
501246518
489863674
489863674
489863674
478480830
478480830
478480830
478480830
456402813
456402813
434324796
420166666
420166666
406008536
396036195
420166666
434324796
434324796
456402813
478480830
478480830
478480830
478480830
489863674
489863674
489863674
489863674
456402813
478480830
478480830
478480830
478480830
478480830
478480830
478480830
478480830
478480830
456402813
456402813
456402813
456402813
434324796
420166666
456402813
456402813
456402813
456402813
478480830
478480830
456402813
468588738
468588738
468588738
468588738
468588738
455526023
438394052
442463308
442463308
438394052
438394052
438394052
438394052
438394052
438394052
442463308
442463308
455526023
455526023
468588738
468588738
468588738
468588738
468588738
468588738
468588738
468588738
468588738
468588738
473534784
473534784
473534784
473534784
473534784
468588738
468588738
468588738
468588738
468588738
468588738
473534784
468588738
468588738
461328807
461328807
438394052
442463308
438394052
438394052
434324796
438394052
438394052
438394052
438394052
436531422
436531422
435428109
435428109
436531422
436531422
436531422
436531422
436531422
439497365
439497365
439497365
435428109
435428109
435428109
435428109
435428109
435428109
434324796
434324796
434324796
433514557
433514557
433514557
433514557
433514557
433514557
433514557
433514557
433514557
433514557
433514557
434324796
433514557
433514557
432704318
431600916
431600916
430497514
430497514
430497514
430497514
430497514
430497514
430497514
430497514
430497514
420549156
420549156
420549156
420549156
420549156
428160230
428160230
420549156
409473309
409473309
409473309
406008536
402273860
402273860
402273860
402273860
398539184
398539184
396562081
396562081
398539184
402273860
398539184
398539184
398539184
398539184
396562081
396562081
394584978
394584978
394584978
392308957
396562081
394584978
392308957
392308957
388907314
390032936
389470125
388907314
388907314
388907314
388907314
388907314
389470125
390032936
388907314
390032936
390032936
392308957
392308957
394584978
394584978
394584978
395670603
395670603
395670603
395670603
395670603
395670603
395670603
395670603
395670603
395670603
395670603
395670603
395670603
395670603
396756228
397647706
397647706
397647706
397647706
397647706
397647706
397647706
396756228
396756228
396756228
396756228
396756228
396756228
396756228
396756228
397647706
396756228
398539184
406008536
406008536
406008536
406008536
406008536
398539184
398539184
398539184
398539184
398539184
402273860
406008536
406008536
406008536
406008536
406008536
402273860
402273860
398242176
398242176
398390680
398390680
398390680
398242176
398242176
398242176
397499202
397499202
397499202
396756228
396756228
396756228
397499202
398242176
398242176
398242176
398242176
398242176
398242176
398242176
397499202
397499202
398242176
398242176
397499202
397499202
397499202
397499202
397499202
397499202
398242176
398242176
398242176
398242176
398242176
398390680
398390680
398390680
398390680
398539184
402273860
402273860
402273860
402273860
402273860
402273860
402273860
408027452
408027452
408027452
408027452
410046368
408027452
408027452
410046368
410046368
411492225
406008536
408027452
406008536
406966333
406966333
406966333
407924130
407924130
406966333
407924130
406966333
406966333
407924130
406966333
406966333
406966333
406966333
406966333
406966333
406966333
406966333
406966333
396756228
396756228
396756228
396756228
398242176
397499202
396756228
396756228
397499202
397499202
397499202
397499202
396756228
396756228
396290839
396290839
396290839
395825450
395825450
395825450
396756228
396756228
396756228
398242176
398390680
398539184
398390680
398390680
398390680
398390680
398390680
398390680
397499202
397499202
398390680
398390680
398390680
398390680
398390680
398390680
398390680
398390680
398390680
398539184
398539184
398539184
398390680
396756228
396756228
397499202
397499202
397499202
397499202
397499202
397499202
397499202
396756228
396756228
396756228
396756228
396756228
396290839
396290839
395825450
395825450
395205214
394584978
394584978
394584978
394584978
394584978
391092340
391092340
391092340
392838659
390032936
390032936
390032936
390562638
390562638
389470125
389470125
390032936
390032936
390032936
390562638
390562638
391092340
395825450
395825450
395825450
395825450
395825450
396756228
396756228
397499202
397499202
397499202
398539184
398539184
398539184
398539184
398539184
402155150
403029826
404956519
404956519
404956519
404956519
406008536
406008536
406966333
406966333
406966333
406966333
407924130
406966333
406966333
404956519
403029826
402155150
402155150
402155150
403029826
403029826
403029826
402155150
400347167
400347167
400347167
403029826
403029826
402155150
402155150
402155150
403029826
403904502
403904502
403904502
403029826
403904502
403904502
404956519
406008536
404956519
403029826
400347167
398390680
398390680
398242176
398539184
398539184
398539184
398539184
398390680
398390680
398539184
398539184
398539184
398539184
398539184
398390680
398390680
398390680
398390680
398242176
397499202
397499202
397499202
397499202
397499202
397499202
398242176
398242176
398242176
398242176
397499202
398390680
400347167
398539184
404956519
404956519
404956519
406008536
406966333
407924130
408985249
412938082
412938082
413674321
413674321
413674321
413674321
413674321
413674321
413674321
414410560
413674321
413674321
413674321
413674321
413674321
414410560
414410560
414410560
418296101
413674321
413674321
414410560
412938082
412938082
411492225
411492225
411492225
408985249
408985249
408985249
408985249
408985249
411492225
410046368
410046368
410046368
410046368
411492225
408985249
408985249
410046368
410046368
410046368
410046368
410046368
410046368
410046368
410046368
410046368
408985249
408985249
411492225
410046368
410046368
411492225
411492225
408985249
408985249
410046368
408985249
408985249
408985249
410046368
410046368
408985249
407924130
407924130
408985249
407924130
410046368
411492225
411492225
411492225
410046368
408985249
408985249
408985249
408985249
408985249
408985249
410046368
410046368
410046368
411492225
410046368
410046368
410046368
410046368
410046368
408985249
410046368
410046368
410046368
410046368
410046368
410046368
410046368
410046368
410046368
411492225
411492225
410046368
408985249
407924130
407924130
407244645
407924130
407244645
407244645
407244645
408985249
408985249
408985249
408985249
407924130
408985249
408985249
407924130
407924130
406565160
406565160
406286848
406008536
405442708
405298959
405298959
405725622
405725622
405442708
405442708
405725622
405442708
405442708
405442708
406286848
406286848
406286848
406565160
406565160
408985249
410046368
410046368
410212765
410212765
410379162
410379162
410379162
410379162
412938082
411658622
411658622
411658622
410379162
410379162
410379162
410379162
411658622
411658622
411658622
411658622
411658622
411658622
411658622
418037970
418296101
418296101
418296101
418037970
418037970
416224265
416224265
416224265
416224265
416224265
416224265
414410560
416224265
416224265
416224265
416224265
416224265
418296101
418037970
418296101
418296101
414410560
414410560
414410560
416224265
416224265
414410560
414410560
414410560
414410560
414410560
413674321
413674321
413674321
414410560
414410560
414410560
411658622
410379162
410212765
410212765
410212765
410212765
410212765
410212765
410212765
410046368
410212765
410212765
410379162
411658622
413674321
413674321
412938082
412938082
413674321
413674321
413674321
411658622
412938082
412938082
412938082
412938082
411658622
411658622
411658622
410379162
410379162
412938082
413674321
413674321
413674321
412938082
412938082
412938082
411658622
410379162
410379162
410212765
410212765
408985249
410046368
410212765
410212765
410046368
410046368
410046368
410212765
410212765
410212765
410212765
410212765
410212765
410212765
410212765
410212765
410212765
410212765
410379162
410379162
410379162
410379162
410379162
414410560
414410560
414410560
416224265
416224265
416224265
416224265
416224265
416224265
416224265
416224265
416224265
416224265
416224265
416224265
414410560
414410560
414410560
414410560
414410560
414410560
416224265
418037970
418296101
418296101
418296101
418296101
418296101
418296101
418296101
418296101
418296101
418296101
418037970
418296101
418037970
418296101
418296101
418296101
418296101
418296101
418947425
418554232
418947425
418947425
418947425
418947425
418947425
418947425
418947425
418947425
418947425
419340618
419340618
419340618
419340618
418947425
418947425
419340618
419340618
419340618
419340618
419340618
419340618
420196588
421946834
421946834
421946834
419768603
420196588
420196588
420196588
420196588
421946834
421946834
421946834
421946834
421946834
425422600
425422600
425422600
425422600
424829564
424263322
424263322
424263322
425422600
426015636
428160230
429039985
429039985
429919740
429919740
430497514
430497514
430497514
431600916
432922455
432922455
432922455
431791280
430687878
430687878
430687878
430687878
430687878
430687878
430497514
430497514
430687878
430878242
430878242
430878242
430878242
431791280
431791280
431791280
430878242
430878242
430497514
430309777
430122040
430122040
430122040
430020890
430020890
430020890
430020890
429039985
429919740
429919740
430020890
429919740
430020890
430122040
430122040
430122040
430122040
430122040
430122040
430122040
430309777
430309777
430309777
430309777
430309777
430309777
430497514
430497514
430497514
430122040
430020890
429919740
429039985
429919740
430020890
430020890
429919740
429919740
428160230
428160230
430020890
430020890
430020890
430122040
430122040
430309777
430309777
430122040
430309777
430309777
430309777
430497514
430122040
430122040
430020890
430020890
430020890
430020890
430020890
430020890
430122040
430122040
430122040
430020890
430020890
430020890
429919740
429919740
429039985
429039985
429039985
429039985
428160230
428160230
428160230
427087933
427087933
428160230
427087933
427087933
427087933
428160230
428160230
429039985
428160230
428160230
428160230
429039985
429039985
429039985
429039985
429919740
429919740
430020890
430122040
430020890
430020890
430309777
430309777
430020890
430020890
430020890
429919740
429919740
429919740
429919740
430122040
430309777
430309777
430497514
430309777
430497514
430497514
430497514
430687878
430687878
430687878
430687878
430687878
430497514
430497514
430497514
430497514
430497514
430497514
430687878
430687878
430878242
431791280
431791280
432704318
432922455
433140592
432922455
430878242
430878242
430878242
430687878
430687878
431791280
431791280
432704318
431791280
432704318
430878242
431791280
432704318
432704318
432704318
432704318
432922455
432922455
433140592
433140592
433140592
433140592
433589309
433140592
433589309
433589309
433589309
433589309
433589309
433589309
433589309
433140592
433140592
433140592
433140592
432922455
432704318
431791280
430878242
430878242
430878242
433140592
433140592
433589309
433140592
433140592
432704318
433589309
433589309
433589309
434038026
434181411
434181411
434181411
434181411
434324796
434181411
434038026
434038026
436531422
436531422
434324796
434324796
434324796
434324796
434324796
434324796
434324796
437046562
436531422
436531422
436531422
436531422
437046562
437046562
437046562
436531422
434324796
433140592
433140592
433140592
433589309
433589309
433589309
433589309
433589309
433589309
434038026
434038026
434038026
434038026
434181411
434181411
434181411
433589309
434038026
434038026
434038026
433589309
433589309
433589309
433589309
433589309
432922455
432922455
432922455
432922455
433589309
433589309
432922455
432922455
432922455
432922455
433140592
433140592
433140592
433140592
434038026
433589309
433589309
433589309
433589309
433589309
433140592
433589309
433140592
433140592
433140592
434181411
434859255
434859255
434859255
434859255
434859255
434324796
434324796
434181411
434324796
434324796
434324796
434324796
434038026
434181411
434181411
434181411
434181411
434181411
434181411
434859255
434181411
434038026
434038026
433589309
434038026
433589309
434038026
434181411
435393714
435962568
437046562
436531422
437046562
437561702
437046562
437046562
436531422
436531422
436531422
436531422
436531422
435962568
435393714
435393714
435393714
435393714
435393714
436531422
437046562
437046562
436531422
436531422
436531422
435962568
436531422
436531422
437046562
436531422
437679763
437561702
437561702
436531422
435962568
435393714
435962568
435962568
435962568
435962568
435962568
436531422
436531422
437046562
437046562
437679763
437679763
437797824
437797824
437797824
438947350
438947350
437990202
437894013
437894013
438947350
438947350
437894013
437990202
437990202
437990202
437990202
437990202
437990202
437990202
437990202
437990202
437990202
437990202
438947350
437990202
437990202
437990202
437894013
437894013
437894013
437894013
437990202
438947350
438947350
438947350
438947350
438947350
438947350
438947350
438947350
438947350
438947350
437990202
437894013
437894013
437894013
437679763
437679763
437679763
437679763
437679763
437797824
437797824
437797824
437797824
437797824
437797824
437894013
437894013
437797824
437797824
437679763
437046562
437046562
437046562
437679763
437561702
437561702
437561702
437561702
437561702
437561702
437561702
437561702
437679763
437679763
437679763
437561702
437679763
437561702
437561702
437561702
437046562
435962568
435962568
435393714
435393714
435393714
435393714
434038026
434181411
434181411
434324796
434324796
434324796
434859255
434324796
434324796
434324796
434324796
434859255
434859255
434859255
435393714
435393714
435962568
435393714
435962568
435962568
435962568
435962568
435962568
435962568
437046562
437046562
437046562
437561702
437561702
437046562
437046562
437797824
437797824
437679763
437679763
437679763
437679763
437797824
437046562
437797824
437797824
437561702
437561702
437561702
437561702
437561702
437679763
437797824
437894013
437894013
437894013
437990202
438947350
440177144
440177144
440177144
440177144
440177144
440177144
440476074
440476074
440177144
440476074
440476074
440177144
440177144
440476074
440476074
440476074
442947898
442947898
443520371
442947898
442947898
442947898
442705603
442947898
442947898
442947898
442947898
442705603
442947898
442947898
442705603
442463308
442705603
442705603
442705603
442705603
442705603
442705603
442705603
442705603
442705603
442705603
442705603
442705603
442705603
442705603
442463308
441619156
441619156
441619156
441619156
442463308
442463308
442705603
442947898
442947898
442947898
442705603
442705603
442947898
442947898
442947898
442947898
442947898
443520371
442947898
442947898
442947898
444092844
444717107
444955898
444717107
444717107
444717107
444717107
444478316
444478316
444478316
444092844
442947898
442947898
444092844
444092844
444478316
444285580
444285580
444285580
444285580
444285580
443520371
443520371
443520371
444092844
444092844
444092844
444092844
444092844
444092844
444092844
443520371
443520371
443520371
442947898
442947898
442947898
442947898
442705603
442705603
442947898
442947898
442705603
442463308
442463308
442463308
442463308
441619156
440775004
441619156
441619156
441619156
441619156
440775004
440775004
442463308
441619156
441619156
440476074
440476074
440476074
440476074
440476074
440476074
440177144
440177144
440177144
440177144
440775004
441619156
441619156
441619156
442705603
442705603
442705603
442705603
442947898
442947898
442705603
442463308
441619156
441619156
441619156
441619156
441619156
441619156
441619156
440775004
440775004
440775004
440775004
440775004
440476074
440476074
440476074
440177144
440775004
440476074
440476074
441619156
440775004
440775004
440775004
440775004
440775004
440775004
440775004
440476074
440476074
440775004
440775004
441619156
441619156
442463308
442705603
442705603
442705603
442947898
443520371
444478316
444717107
444478316
444478316
444478316
444478316
444285580
444717107
444955898
444478316
444955898
444955898
444955898
444955898
444955898
444717107
444717107
444717107
444717107
444717107
444955898
444955898
445350616
445350616
445350616
445753946
445753946
445753946
445753946
445753946
446157276
446157276
446157276
445753946
445753946
445753946
445753946
445753946
445753946
445753946
445350616
445350616
445350616
445153257
444717107
444285580
444285580
444478316
444478316
444478316
444478316
444478316
444478316
444285580
444285580
444285580
444092844
443520371
444285580
444285580
444092844
444092844
444092844
443520371
443520371
444092844
444092844
443520371
444092844
444092844
444092844
444092844
444092844
444092844
444478316
444717107
444955898
444717107
444955898
444955898
444955898
444955898
444955898
444955898
444955898
444955898
445153257
444955898
444717107
444955898
444717107
444955898
444717107
444717107
444478316
444717107
444717107
444717107
444955898
445153257
445350616
446157276
446157276
446157276
446157276
445753946
445753946
445753946
445753946
445753946
445753946
445753946
445350616
445350616
445153257
445153257
444478316
444717107
444478316
444478316
444478316
444478316
444285580
443520371
443520371
444092844
444285580
444285580
443520371
443520371
444092844
444092844
443520371
444092844
444092844
444285580
444285580
444717107
444955898
444955898
445350616
445350616
445350616
445153257
445153257
445153257
445153257
445153257
445153257
445350616
445350616
445753946
445753946
445350616
445753946
445753946
445753946
446157276
446157276
446157276
445753946
445350616
445350616
445153257
445153257
444955898
444955898
444955898
446157276
447228185
448974324
448974324
449133293
448974324
448636709
448636709
448636709
448636709
448636709
448636709
448636709
448636709
448299094
448299094
448299094
448299094
448636709
448299094
448299094
448636709
448299094
448299094
447228185
447228185
447228185
447228185
447228185
447228185
448636709
448636709
448974324
448636709
448299094
448299094
448636709
447228185
447228185
447228185
447228185
447228185
447228185
448299094
448636709
448636709
448636709
448636709
448299094
448299094
448299094
448299094
448299094
447228185
447228185
445753946
445350616
445350616
445350616
445350616
445350616
445350616
445350616
446157276
445753946
445753946
446157276
447228185
446157276
446157276
446157276
446157276
446157276
446157276
446157276
446157276
446157276
446157276
445753946
446157276
446157276
446157276
448299094
448299094
448299094
448299094
448299094
448636709
448299094
447228185
447228185
446157276
446157276
446157276
446157276
446157276
446157276
446157276
445153257
445153257
445153257
444955898
444955898
444955898
444955898
444717107
444717107
444092844
444092844
444285580
443520371
444478316
444285580
444285580
444285580
444285580
444285580
444285580
444285580
444285580
444955898
444955898
445153257
445153257
444955898
444955898
444955898
444955898
444955898
444955898
444955898
444955898
444955898
444717107
444717107
444717107
444717107
444955898
444955898
444955898
444955898
444955898
444955898
444955898
445153257
446157276
446157276
446157276
446157276
445753946
445753946
446654480
446654480
447151684
447725389
447725389
447725389
447725389
448299094
448299094
447151684
448636709
449133293
449292262
449296547
449300832
449296547
448299094
448299094
448299094
448299094
448299094
448299094
448299094
448299094
448299094
448299094
448636709
448974324
448974324
448974324
448636709
448636709
447725389
447725389
447725389
447725389
448299094
447725389
448299094
448299094
447725389
447725389
447725389
447725389
447725389
448299094
448299094
448299094
446654480
446654480
446157276
446157276
447151684
447151684
447151684
446654480
447151684
447151684
447151684
448299094
448299094
448636709
448636709
448974324
448974324
449296547
449292262
449300832
450446760
450529374
450446760
450446760
450529374
450446760
450446760
450446760
450529374
450446760
450446760
450529374
450529374
450529374
451646367
450529374
450529374
450446760
451646367
451646367
452763360
452763360
452763360
452857036
452857036
452810198
452810198
452810198
452810198
452763360
452763360
452810198
452857036
452857036
452857036
452857036
453153371
452857036
452857036
453153371
453153371
451646367
451646367
451646367
451646367
451646367
452763360
452810198
451646367
451646367
451646367
450529374
450446760
450529374
450529374
450529374
450446760
451646367
452857036
452857036
452857036
452857036
452857036
453449706
453449706
453449706
453449706
453449706
453449706
453449706
453153371
452810198
452763360
453449706
453449706
453449706
453449706
453449706
453449706
453449706
453449706
453759291
453759291
453759291
453759291
454068876
454068876
454068876
454186741
454186741
454186741
454620531
454304606
454304606
454304606
454304606
454186741
454186741
455289412
455289412
454936456
454936456
454620531
454620531
454068876
454068876
454068876
454068876
454068876
454068876
453759291
453449706
453449706
453449706
453449706
453449706
453449706
453449706
453449706
453759291
453449706
453449706
453449706
453153371
453449706
453449706
452857036
452857036
452857036
453449706
453449706
453449706
453449706
453449706
453449706
453449706
453153371
453153371
452810198
452857036
452857036
453153371
453449706
452857036
452857036
452857036
452857036
452857036
452857036
452810198
452810198
452810198
452857036
452810198
452810198
452810198
452810198
451646367
451646367
451646367
450364146
450364146
450446760
450446760
450446760
450446760
450446760
450529374
450529374
450446760
450446760
450446760
450364146
450364146
450529374
450446760
450446760
450529374
450529374
450529374
450529374
451646367
450529374
452810198
452810198
452763360
452763360
452763360
450529374
450364146
450446760
450446760
450364146
450364146
449832489
449832489
449300832
449300832
449292262
449296547
449292262
449296547
449296547
449292262
449133293
449292262
449300832
449300832
449300832
449300832
449300832
449300832
449300832
449300832
449300832
450364146
450364146
450364146
449832489
449832489
449300832
449300832
449832489
449832489
449296547
450364146
450364146
450364146
449832489
449832489
449300832
449300832
449300832
449292262
449292262
449292262
449292262
449292262
449832489
449832489
450529374
450529374
451456093
450529374
450364146
450529374
450529374
450529374
450529374
451456093
450446760
450446760
450364146
450529374
451456093
452382812
452382812
452382812
452382812
452573086
452763360
452763360
452573086
452573086
452763360
452763360
452763360
452573086
452382812
452573086
452573086
452573086
452573086
452573086
452573086
452573086
452573086
452382812
450529374
450529374
450529374
450529374
450446760
450446760
450446760
450446760
450446760
450446760
450364146
450364146
449832489
449832489
449832489
449832489
449832489
449832489
449832489
450364146
450364146
450364146
450446760
450529374
451456093
452382812
452382812
452382812
452382812
452382812
452382812
452382812
452382812
452382812
452763360
452763360
452763360
451456093
452573086
452573086
452573086
452763360
452763360
452763360
452763360
452573086
452573086
452382812
450529374
450529374
450529374
450529374
452382812
452763360
452763360
452857036
452810198
452763360
452763360
452573086
452573086
452763360
452763360
452763360
452763360
452763360
452763360
452763360
452763360
452810198
453153371
453153371
453153371
453153371
452857036
452573086
452382812
452573086
452810198
452810198
452763360
452810198
452857036
453153371
452857036
453759291
453449706
454068876
454068876
453449706
454068876
453153371
452810198
453153371
453153371
453449706
453449706
453449706
453449706
453449706
453449706
453153371
453153371
452857036
453449706
453153371
454186741
454186741
454305990
454305990
454307374
454307374
454305990
454305990
454621915
454936456
454621915
454621915
454307374
454307374
454305990
454305990
454304606
454304606
454305990
454621915
454621915
454307374
454621915
454621915
455289412
455642368
455790476
455790476
455790476
455790476
455790476
455790476
455938584
456892144
455938584
455790476
455790476
456892144
457845704
458307578
458307578
458307578
458307578
458769452
458307578
460434444
460693091
460693091
460434444
460434444
460434444
460434444
459601948
460434444
460693091
460951738
460951738
462397804
462397804
462445778
462493752
462938714
462938714
462716233
462716233
462938714
462938714
462938714
462938714
462938714
462938714
462716233
462716233
462493752
462493752
462493752
462493752
462493752
462716233
462716233
462938714
462493752
462493752
462716233
462716233
462716233
462716233
462716233
463532029
464125344
463532029
464298335
464298335
464471326
464471326
464628472
464298335
464471326
464471326
464298335
464298335
463532029
462938714
462938714
463532029
462938714
462716233
463532029
462938714
463532029
463532029
464125344
464125344
464125344
464125344
464125344
462938714
462938714
464125344
464125344
463532029
464125344
464125344
464125344
464125344
464298335
464298335
464471326
464628472
464628472
464628472
464628472
464471326
464628472
464628472
464298335
464298335
464125344
464125344
464125344
464471326
464628472
464785618
464628472
464785618
464785618
464785618
464785618
464628472
464785618
464785618
464785618
464837712
465379689
465686360
465686360
465379689
465379689
465073018
465379689
465686360
465686360
465686360
466259800
466259800
465973080
465073018
464981412
464981412
464981412
464981412
464981412
464981412
464981412
464981412
464981412
464981412
465073018
465073018
464981412
464981412
464981412
464889806
464889806
464889806
464889806
464889806
464628472
464889806
464889806
464981412
464981412
464981412
464628472
464628472
464628472
464628472
464628472
464298335
464298335
462716560
462716560
462716560
462494406
462494406
462494406
462494406
462494079
462494079
462494079
462493752
462494079
462494079
462493752
462493752
462493752
462445778
462716560
462716560
462493752
462716560
462716560
462716560
462716560
462938714
462494406
462716560
462938714
464298335
464298335
464298335
463532029
462494406
462494406
462716560
462716560
462716560
462716560
462494079
462494079
462397804
462397804
462397804
460693091
460693091
460693091
460434444
459601948
458307578
458307578
458307578
457350251
457350251
457845704
457845704
457845704
458307578
458307578
458769452
458769452
458307578
458769452
457845704
457845704
457845704
458769452
458307578
458307578
458769452
459601948
459601948
459601948
460434444
460434444
460693091
460693091
460693091
460693091
460693091
459601948
459601948
458769452
458769452
458557298
458557298
458557298
458557298
458769452
458095424
458095424
458095424
456854798
457350251
457845704
457845704
457845704
457350251
456854798
456396691
457350251
457845704
458345144
458557298
458557298
458769452
459601948
459601948
458769452
458769452
458769452
458769452
459601948
459601948
458557298
458557298
458769452
458769452
459601948
460434444
460951738
461674771
461674771
461674771
460693091
460434444
460434444
459601948
458769452
459601948
458557298
458557298
458769452
458345144
458345144
458557298
458291095
458237046
458237046
458291095
458291095
458291095
458557298
458557298
458291095
458557298
458769452
459601948
459601948
458557298
458769452
459601948
459601948
459601948
458557298
458557298
458769452
458769452
458345144
458345144
458345144
458345144
458291095
458237046
458237046
458041375
458041375
458041375
457350251
457350251
456854798
456854798
456854798
456854798
456854798
457350251
457350251
457350251
456396691
456396691
455938584
455938443
455938584
455938584
455938443
455938584
455938584
456854798
457350251
457350251
457845704
458041375
457845704
457845704
458041375
458041375
458291095
458237046
458237046
458237046
457845704
456854798
456396691
457350251
457350251
458237046
458291095
458557298
458557298
458557298
458557298
458345144
458345144
458345144
458345144
458345144
460434444
458769452
458769452
458557298
458557298
458557298
458769452
458769452
458769452
458769452
458769452
458769452
458769452
458345144
458345144
458345144
458345144
458345144
458345144
458291095
458237046
458237046
458041375
458041375
458291095
458237046
458291095
458237046
458041375
458041375
458041375
457845704
457350251
457350251
457845704
457845704
456396691
457350251
458041375
458041375
458291095
458237046
457845704
457845704
458041375
458237046
458041375
458345144
458237046
458237046
458041375
457845704
457350251
456854798
458041375
458041375
458041375
458041375
458237046
458041375
458237046
458237046
457845704
458041375
458237046
458345144
458237046
458237046
458237046
458237046
457845704
457845704
457350251
456854798
456854798
456396691
456396691
457350251
457845704
457350251
458237046
458041375
457845704
457350251
457350251
457350251
457350251
457350251
456854798
456854798
456396691
456396691
456396691
455938584
456396691
455938584
455938584
455938584
455938584
455938584
456854798
456396691
456396691
455938584
455938443
456396691
455938443
455938443
455938302
455938443
455938443
455938443
455938584
455938584
455938584
456854798
456854798
456854798
456396691
456854798
457350251
456854798
456854798
456854798
457845704
457845704
457845704
457845704
458041375
457845704
457845704
458041375
458041375
458041375
457350251
457845704
457845704
457845704
457845704
458041375
458041375
458041375
458237046
458237046
458237046
458041375
458237046
458237046
458345144
458237046
458291095
458291095
458769452
458769452
459601948
458557298
458769452
458769452
458769452
459601948
459601948
459601948
459601948
459601948
459601948
459601948
459601948
460434444
459601948
459601948
459601948
458769452
458769452
458769452
458769452
459601948
459601948
459601948
459601948
459601948
459601948
458769452
458769452
460501571
460501571
460501571
460501571
460501571
460501571
460501571
460434444
458557298
458557298
458557298
458557298
458769452
458345144
458345144
460434444
459601948
458769452
459601948
459601948
459601948
459601948
459601948
460434444
460434444
460501571
460501571
460568698
460568698
460568698
459601948
459601948
460501571
460568698
460760218
460760218
460760218
460951738
460951738
461674771
461674771
461674771
461674771
462397804
462397804
461674771
461674771
460951738
460951738
460951738
460951738
460951738
460951738
460951738
460951738
460951738
461674771
461674771
461674771
461674771
461674771
461674771
462369885
462369885
462369885
462369885
462369885
462445778
462341966
462341966
462341966
461646852
460568698
460568698
460501571
460434444
460434444
459601948
460434444
458769452
458557298
458769452
458769452
458769452
458769452
459601948
459601948
459601948
459601948
458769452
458769452
458557298
458557298
458769452
458769452
459601948
459601948
459601948
460760218
460760218
460760218
460760218
460760218
460760218
460951738
461646852
462341966
462341966
462369885
462341966
462369885
462369885
462369885
462369885
462341966
462341966
462341966
461646852
462369885
462369885
462369885
462341966
462341966
461646852
462341966
460760218
460760218
460951738
460951738
460951738
461646852
462341966
462397804
462341966
462341966
462341966
462341966
462341966
462341966
462341966
461646852
462369885
462369885
462369885
462341966
462341966
462369885
462341966
462341966
462341966
462341966
462341966
461646852
461646852
461646852
461646852
461646852
461646852
461646852
461646852
461646852
461646852
460951738
460951738
460760218
460760218
460951738
460951738
460760218
460760218
460760218
460501571
460568698
460760218
460760218
460760218
460951738
460951738
461646852
461646852
461646852
461646852
461646852
461646852
462341966
462341966
461646852
461646852
461646852
461646852
461646852
461646852
460760218
460760218
460951738
460951738
460951738
461646852
461646852
461646852
462341966
462369885
461646852
460951738
460951738
460760218
461646852
461646852
461646852
460951738
460951738
460951738
460951738
460951738
460951738
461646852
460951738
460951738
460951738
460951738
460434444
460434444
460434444
460434444
460568698
460568698
460568698
460568698
460568698
460951738
461646852
461646852
461646852
462341966
462341966
462341966
461646852
461646852
461646852
462341966
462445778
462369885
462369885
462369885
462369885
462369885
462341966
462341966
461646852
460951738
460951738
460951738
460951738
460951738
461646852
461646852
460951738
461646852
461646852
461646852
461646852
461646852
461646852
460951738
462341966
462341966
460760218
460760218
460760218
460760218
460951738
461646852
461646852
461646852
461646852
460951738
460760218
460760218
460760218
462397804
462341966
462369885
462397804
462369885
462369885
462369885
462397804
462445778
462397804
462397804
462369885
462341966
461646852
462341966
461646852
462341966
462341966
462341966
462369885
462369885
462341966
462341966
462369885
462369885
462369885
462369885
462369885
462493752
462493752
462493752
462445778
462445778
462445778
462397804
462397804
462397804
462397804
462397804
462369885
462397804
462341966
461646852
461646852
460951738
462369885
462369885
462369885
462397804
462493752
462493752
462493752
462493752
462493752
462493752
462493752
462493752
462493752
462493752
462397804
462397804
462397804
462369885
462369885
462397804
462397804
462397804
462369885
462341966
462341966
462341966
462369885
461646852
461646852
461646852
460951738
460951738
460951738
461646852
461646852
461646852
461646852
461646852
461646852
461646852
460951738
460951738
460951738
460760218
460760218
460951738
460951738
460951738
460951738
461646852
460951738
460951738
460760218
460568698
460568698
460760218
460501571
460351585
460268726
460268726
460351585
460351585
460268726
459964462
459964462
460268726
459660198
459660198
459660198
459660198
459319424
459660198
459660198
459660198
459319424
459660198
459964462
459964462
460268726
460268726
460268726
460268726
460351585
460351585
460268726
460268726
460268726
460434444
460434444
460434444
460434444
460434444
460351585
460351585
460351585
460351585
460351585
460268726
459964462
459964462
459964462
459319424
459319424
459319424
459964462
459964462
459964462
459964462
460268726
460501571
460568698
460434444
460501571
460568698
460434444
460351585
460351585
460268726
460268726
459964462
459964462
459660198
459660198
459964462
459660198
459660198
459660198
459319424
459964462
459964462
459319424
458978650
458874051
458978650
458874051
458978650
459660198
459964462
460268726
460434444
460434444
460351585
460351585
460434444
460434444
460434444
460434444
460434444
460434444
460351585
460434444
460351585
460351585
460351585
460351585
460434444
460434444
460434444
460456625
460456625
460456625
460456625
460456625
460456625
460456625
460478806
460478806
460456625
460523752
460478806
460478806
460478806
460456625
460456625
460456625
460434444
460434444
460456625
460456625
460456625
460478806
460523752
460523752
460523752
460523752
460478806
460456625
460456625
460523752
460523752
460523752
460568698
460760218
460760218
460760218
460951738
460760218
460951738
460523752
460523752
460478806
460478806
460478806
460478806
460523752
460523752
460523752
460523752
460523752
460478806
460478806
460351585
460351585
459964462
459964462
459964462
459964462
459964462
459964462
459660198
459660198
459319424
459660198
459660198
459319424
459319424
459660198
459660198
459660198
459660198
459660198
459319424
460268726
460434444
460456625
460434444
460434444
460434444
460456625
460456625
460456625
460456625
460268726
459319424
459319424
458557298
458557298
458557298
458557298
458769452
458769452
458874051
458874051
458874051
458874051
458874051
458769452
458874051
458769452
458874051
458978650
460268726
460268726
460434444
460434444
460434444
460434444
460434444
460434444
460456625
460456625
460456625
460456625
460456625
460434444
460434444
460351585
460351585
460351585
460434444
460434444
460434444
460434444
460456625
460456625
460456625
460268726
460268726
460268726
460351585
460268726
460268726
460268726
459660198
459660198
459660198
459319424
458557298
458345144
458291095
458041375
458041375
457845704
457845704
457845704
457845704
457845704
456854798
456854798
456854798
456854798
456396691
456396691
455938584
456396691
456396691
456396691
455938584
455938584
456396691
455938584
456854798
456854798
456854798
455938584
455790335
455790335
455790335
455938302
455938443
455938302
455938302
456396691
456396691
455938584
455938584
455938584
455938584
455938302
455938302
455938302
455938302
455938302
455790335
455938443
455938302
455938302
455938302
455938443
455938302
455938302
455790335
455790335
455642368
455642368
455642368
455642368
455642368
455642368
455790335
455790335
455938584
455938584
455938302
455790335
455790335
455642368
455541712
455642368
455938302
455938584
455938584
455938584
455938584
455938584
455938584
456396691
456854798
456854798
456854798
457350251
457350251
457350251
457350251
458291095
458291095
458291095
458237046
458345144
458345144
458769452
458874051
459964462
459964462
460268726
460268726
459660198
459660198
459660198
459660198
459660198
460268726
460268726
460351585
460351585
460268726
460268726
459964462
460351585
460434444
460523752
460523752
460478806
460478806
460523752
460523752
460523752
460478806
460523752
460523752
460568698
460456625
460568698
460568698
460568698
460568698
460568698
460523752
460478806
460478806
460478806
460478806
460523752
460523752
460478806
460478806
460523752
460523752
460523752
460951738
460568698
460568698
460568698
460568698
460568698
460568698
460760218
460760218
460760218
460951738
460760218
460951738
460951738
460951738
460951738
460568698
460568698
460568698
460568698
460478806
460760218
460568698
460523752
460568698
460760218
460568698
460568698
460568698
460568698
461646852
460568698
460568698
460568698
460760218
460951738
460568698
460568698
460568698
460523752
460478806
460478806
460478806
460523752
460478806
460478806
460478806
460478806
460351585
460351585
460351585
460268726
460268726
460268726
460268726
460268726
460351585
460351585
460351585
460268726
460456625
460456625
460456625
460478806
460478806
460456625
460478806
460478806
460478806
460478806
460478806
460478806
460478806
460478806
460456625
460351585
460351585
460351585
459964462
459964462
460268726
459660198
459660198
459660198
459964462
459660198
459660198
459964462
459660198
459660198
459660198
458978650
458978650
458874051
458874051
458874051
458769452
458978650
458978650
458978650
459319424
459319424
458978650
458978650
458978650
458978650
458978650
458978650
458978650
458978650
458978650
458874051
458874051
458769452
458769452
458769452
458557298
458557298
458557298
458237046
458237046
458237046
458237046
458237046
458291095
458291095
458291095
458345144
458557298
458557298
458769452
458769452
458345144
458291095
458291095
458291095
458291095
458291095
458557298
458345144
458345144
458345144
458345144
458345144
458557298
458769452
458345144
458345144
458345144
458345144
458345144
458345144
458237046
458291095
458291095
458291095
458291095
458291095
458237046
458291095
458291095
458291095
458291095
458291095
458291095
458291095
458291095
458291095
458237046
456854798
456854798
456854798
456854798
456854798
456854798
456854798
456854798
456854798
456396691
455938584
455938443
455938443
455938443
455938443
456396691
456396691
457350251
457350251
457350251
457350251
457350251
457350251
456854798
456854798
457350251
457350251
457350251
457350251
457350251
457350251
457845704
458041375
458041375
457845704
457845704
457845704
458237046
458345144
458345144
458345144
458345144
458345144
458345144
458345144
458291095
458291095
458291095
458291095
458041375
458041375
457845704
457845704
458041375
458041375
458291095
458237046
458291095
457845704
457845704
457845704
457845704
457845704
457845704
457845704
458041375
458237046
458237046
458237046
458557298
458557298
458345144
458557298
458978650
458978650
458978650
459660198
459660198
459660198
459660198
460351585
460351585
460351585
460434444
460351585
460268726
460268726
460351585
460351585
460434444
460434444
460434444
460434444
460434444
460434444
460434444
460434444
460351585
460351585
460351585
460351585
460268726
459964462
459964462
459964462
459660198
459660198
460268726
460268726
460268726
460268726
460268726
460268726
460268726
460268726
460268726
460268726
460268726
460268726
460268726
460268726
460456625
460456625
460478806
460478806
460478806
460478806
460478806
460478806
460478806
460478806
460568698
460456625
460478806
460478806
460478806
460434444
460434444
460351585
460351585
460351585
460351585
460351585
460351585
460351585
460351585
460351585
460351585
460351585
459964462
459964462
460268726
460268726
460268726
460268726
460351585
460351585
460351585
459964462
459964462
459964462
459964462
460434444
460434444
460268726
460268726
460268726
460351585
460351585
460351585
460434444
460351585
460351585
460351585
460351585
460351585
460434444
460434444
460434444
460434444
460434444
460434444
460351585
460351585
460351585
460268726
460268726
460268726
460351585
460351585
460351585
460351585
459964462
459964462
459964462
460268726
459964462
459964462
459964462
459964462
459319424
459319424
458978650
458978650
458978650
459319424
459319424
459319424
459660198
458978650
458874051
459319424
459660198
459964462
459660198
460268726
460268726
460268726
460268726
460434444
460268726
460268726
460268726
459964462
460268726
460268726
460434444
460351585
460351585
460351585
460351585
460434444
460434444
460456625
460456625
460456625
460456625
460351585
460351585
460268726
460434444
460434444
460434444
460434444
460434444
460434444
460434444
460351585
460351585
460268726
460268726
460456625
460434444
460434444
460434444
460351585
460478806
460478806
460456625
460478806
460478806
460456625
460456625
460456625
460456625
460568698
460568698
460523752
460456625
460478806
460760218
460760218
460568698
460951738
460951738
461146119
461146119
460951738
460951738
460951738
460951738
460951738
460951738
460523752
460523752
460523752
460523752
460568698
460434444
460434444
460456625
460456625
460456625
460456625
460456625
460434444
460434444
460351585
460268726
460351585
460268726
460268726
460268726
460268726
460268726
460268726
459964462
459660198
459660198
459660198
459319424
458978650
458874051
458874051
458978650
459319424
459660198
459660198
459660198
459660198
459319424
459319424
459319424
459319424
458874051
458874051
458978650
458978650
458978650
458874051
458874051
459660198
459964462
459964462
459964462
459964462
459660198
459660198
459660198
459964462
459964462
459964462
459964462
459964462
459964462
459964462
459964462
459964462
460351585
460351585
460351585
460434444
460268726
460434444
460478806
460456625
460434444
460434444
460434444
460456625
460456625
460456625
460456625
460456625
460456625
460456625
460456625
460434444
460434444
460523752
460478806
460478806
460478806
460456625
460523752
460523752
460523752
460523752
460523752
460478806
460456625
460456625
460456625
460456625
460523752
460523752
460760218
460760218
460523752
460523752
460523752
460568698
460568698
460568698
460568698
460568698
460760218
460760218
460760218
460760218
460760218
460760218
460760218
460760218
460760218
460760218
461146119
461340500
462341966
462341966
461340500
460951738
460760218
460760218
460760218
460760218
460568698
460568698
460523752
460523752
460523752
460523752
460523752
460523752
460523752
460523752
460456625
460456625
460434444
460434444
460434444
460351585
460351585
460434444
460434444
460456625
460456625
460456625
460456625
460456625
460478806
460456625
460434444
460351585
460456625
460456625
460523752
460523752
460523752
460523752
460568698
460456625
460456625
460456625
460523752
460478806
460456625
460456625
460478806
460523752
460523752
460523752
460523752
460523752
460523752
460523752
460523752
460478806
460478806
460434444
460434444
460351585
460434444
460456625
460478806
460478806
460478806
460478806
460523752
460523752
460523752
460478806
460478806
460456625
460456625
460456625
460478806
460434444
460351585
460268726
460268726
460268726
460268726
460268726
460478806
460478806
460478806
460478806
460568698
460478806
460478806
460478806
460478806
460478806
460478806
460478806
460478806
460478806
460523752
460523752
460523752
460568698
460456625
460523752
460523752
460568698
460523752
460523752
460523752
460523752
460523752
460523752
460523752
460951738
460951738
460478806
460478806
460523752
460523752
460523752
460523752
460523752
460523752
460523752
460523752
460523752
460434444
460351585
460351585
460351585
460434444
460434444
459719644
460268726
459994185
460268726
460351585
460351585
460456625
460351585
460268726
460268726
460268726
460268726
460268726
460268726
460268726
459994185
460268726
459994185
459994185
459994185
459719644
459719644
459689921
459660198
459660198
459660198
459660198
459689921
459689921
459689921
459689921
459660198
459319424
459319424
459319424
458874051
458978650
458978650
458874051
459319424
459319424
458874051
458874051
458874051
458874051
458874051
458874051
459319424
459319424
459319424
459319424
459319424
458978650
458874051
458874051
459319424
459319424
458769452
458769452
458874051
458874051
458978650
459660198
459689921
459719644
459689921
459689921
460268726
460268726
459994185
459994185
459719644
459994185
459719644
459719644
459719644
459719644
459719644
459719644
459719644
460351585
460351585
460351585
460351585
460351585
460351585
460434444
460478806
460523752
460523752
460523752
460568698
460568698
460860696
460860696
460860696
460906217
460951738
460951738
460906217
460951738
460951738
460951738
460951738
460951738
460951738
461146119
461146119
460951738
460951738
461340500
461841233
462341966
461841233
462341966
462341966
462341966
462341966
462369885
462369885
462369885
462369885
462403957
462369885
462369885
462369885
462369885
462369885
462403957
462403957
462403957
462403957
462403957
462410110
462403957
462403957
462410110
462410110
462410110
462451931
462451931
462451931
462451931
462451931
462451931
462451931
462451931
462403957
462403957
462341966
462341966
461841233
461340500
460951738
460951738
460951738
462369885
462397804
462397804
462397804
462369885
462369885
462397804
462403957
462403957
462403957
462403957
462403957
462451931
462494406
462687031
462687031
462687031
462687031
462909185
462909185
462909185
462909185
462909185
463498285
463705102
463705102
463705102
463915223
463705102
463915223
463915223
463915223
463915223
463915223
463915223
464125344
464260140
464433131
464433131
464471326
464433131
464394936
464125344
464125344
463915223
463705102
463705102
463705102
463915223
464125344
464125344
463915223
463705102
464125344
464125344
464125344
464260140
464260140
464394936
464260140
464394936
464394936
464260140
464260140
464433131
464628472
464628472
464785618
464889806
464889806
464889806
464837712
464981412
464981412
464981412
465073018
465073018
465073018
465073018
465210513
465348008
465348008
465348008
465348008
465348008
465348008
465348008
465517184
465517184
465517184
465348008
465210513
465210513
465210513
465348008
465348008
465348008
465671762
465671762
465679061
465679061
465679061
465686360
465686360
465671762
465671762
464837712
464628472
464785618
464837712
464837712
464628472
464785618
464785618
464889806
464889806
465348008
465348008
465671762
465671762
465348008
465348008
465509885
465348008
465348008
465348008
465348008
465348008
465348008
465348008
464889806
464889806
464889806
464981412
465073018
465210513
465210513
465073018
465210513
465210513
465210513
465073018
464837712
464785618
464628472
464628472
464471326
464471326
464628472
464785618
464785618
464785618
464785618
464785618
464785618
464785618
464785618
464471326
464471326
464471326
464471326
464471326
464394936
464471326
464471326
464433131
464433131
464394936
464394936
464394936
464394936
464433131
464433131
464433131
464471326
464471326
464394936
464394936
464260140
464260140
464260140
464471326
464471326
464433131
464394936
464125344
464260140
464260140
464260140
464260140
464394936
464394936
464628472
464628472
464628472
464628472
464628472
464628472
464837712
464785618
464471326
464471326
464628472
464785618
464785618
464785618
464785618
464785618
464471326
464628472
464628472
464628472
464628472
464628472
464471326
464471326
464471326
464471326
464785618
464889806
464889806
464837712
464837712
464837712
464889806
464981412
464981412
465348008
465348008
465348008
465671762
465671762
465671762
465671762
465679061
465679061
465679061
465973080
465973080
465973080
465973080
465973080
466259800
466259800
466259800
465973080
465973080
466282047
466304294
466641646
466328689
466328689
466304294
466259800
466259800
465973080
466259800
466304294
466304294
466304294
466282047
466282047
466282047
466259800
466282047
466282047
466282047
466282047
466282047
466282047
466304294
466282047
466282047
466282047
466282047
466282047
466282047
466304294
466304294
466328689
466328689
466304294
466304294
466304294
466304294
466282047
466282047
466259800
465679061
465686360
465671762
465686360
465973080
466282047
466304294
466304294
466259800
466259800
465973080
465686360
465686360
465679061
465679061
465686360
465973080
465973080
465973080
465973080
465686360
465679061
465686360
465686360
465686360
466259800
466259800
466259800
