10000
1 222404014
1 999262354
2
2
2
2
1 149075816
2
2
1 992390146
1 961664676
2
2
2
2
1 273816638
1 128408742
1 902733668
1 284978698
1 29755518
1 889727288
1 104718678
2
1 836415094
2
1 843881188
2
2
1 386063854
2
1 434324796
1 650627474
2
2
1 764897250
2
2
2
1 183999252
1 682756928
2
2
1 82398330
1 4681332
1 82163680
2
1 190362760
1 194320120
2
1 186030202
1 868067786
2
1 251525058
1 790465206
1 215164582
2
2
1 242332518
1 141632774
2
2
2
2
1 501246518
1 66019348
1 42071198
2
2
1 899156448
2
1 221503978
2
2
2
1 702643458
1 926518658
1 478480830
2
1 831604846
1 596234694
2
1 536744026
1 967238596
2
2
1 685748776
1 734656632
1 800808824
2
2
1 304069504
1 115073616
2
1 853852692
2
2
2
1 655597604
2
2
2
2
1 916886960
2
2
1 213783266
1 111926230
2
2
2
1 930804138
2
1 996483850
1 599992796
2
2
1 65024314
2
2
1 548441008
2
2
1 91081150
1 629744490
2
2
1 10674966
1 341833426
1 625257234
2
2
2
1 324868722
1 740977728
1 63928210
1 599728080
2
1 868828568
2
2
1 600723958
1 279365938
2
1 28623144
2
2
2
1 721166884
1 77784386
2
2
1 904644222
2
2
1 682111252
2
2
2
2
1 711402566
2
2
1 894710494
1 353668770
1 625098976
2
1 888708790
2
2
1 996594844
1 158380888
2
2
1 187535610
1 509591266
2
2
2
1 273360500
1 250031860
1 383129960
1 685187200
2
1 79525190
2
2
1 153582124
1 305484492
2
1 895307112
1 802023684
1 241270882
2
2
2
2
2
2
2
2
1 52022702
2
2
2
1 831265908
1 131665688
1 371213212
2
2
1 633499142
1 518109444
1 310611536
1 356284420
2
2
1 406008536
2
2
1 366950250
2
1 109459950
2
2
1 51381790
2
1 203467848
2
1 913507498
1 16035692
1 848986272
1 859014794
1 203645540
1 988731952
2
1 651369956
2
2
1 651568470
2
1 976967002
2
2
2
2
1 791311472
2
2
2
2
1 97065276
1 124124028
2
1 561531254
2
2
2
2
2
2
2
2
1 851604900
1 181420628
2
1 398539184
2
2
2
2
1 291225318
2
1 183817984
2
1 520429258
1 861543052
2
2
2
2
1 867676388
2
1 22414422
1 796666368
2
1 131973692
2
1 379525606
1 752730896
1 468588738
2
2
1 442463308
1 672296276
2
2
2
1 236807680
2
1 42305200
1 757984078
1 150632878
1 854851116
1 294521770
1 140635366
2
1 503307702
2
2
1 388907314
2
2
2
2
2
2
1 832043330
2
2
1 999509156
2
2
1 943599610
2
1 165777484
1 559529224
2
2
2
2
2
1 232703688
1 735364432
2
2
2
2
1 889415644
2
2
2
1 288475078
1 847963332
2
2
1 428160230
1 412938082
1 849732804
1 255730264
1 988334004
2
2
1 976204130
1 223545032
2
1 897999178
1 377007098
2
2
2
1 640845900
1 137199566
1 642302546
2
1 225686274
2
2
1 454068876
1 306688656
1 62119914
1 755674414
1 90520368
1 851626048
1 767717344
2
2
1 187336262
1 328098770
1 152258500
1 432704318
2
1 935947912
1 191762538
1 685379150
2
1 336504230
2
2
1 146566296
2
1 569863220
2
2
2
2
1 436531422
2
2
1 172561526
2
2
1 703758950
2
1 123361264
1 843841966
2
2
1 580970070
1 149539988
2
2
1 925609974
2
2
2
1 289081546
1 331975014
2
2
2
2
2
2
1 208661442
2
2
2
1 337122704
2
2
2
2
2
2
2
2
2
2
2
1 238821442
1 467766098
1 473895268
2
1 47734022
2
2
1 430497514
2
1 39494682
2
2
1 637898298
1 152899462
1 103006426
1 978237212
1 87552626
2
2
2
2
2
1 232546702
1 746871304
2
2
2
2
1 394584978
1 245286244
1 881499818
1 249484674
1 374559464
2
2
2
1 28527228
1 745588358
2
2
1 688891050
2
2
1 134091172
2
1 248013644
1 307933570
2
2
2
1 210622660
2
1 346015418
1 205256516
1 703306428
2
2
2
1 390032936
1 765319096
2
1 24086432
2
2
1 238441178
2
2
1 688213720
2
1 673274780
2
1 74318628
2
2
1 703052192
1 136820128
1 283755226
1 942630732
2
2
1 670548840
1 9392504
1 237337264
2
2
1 78142324
2
1 272168322
1 474100772
2
2
1 51060344
2
1 831068408
1 802636296
2
1 287228288
1 119524266
1 410046368
2
1 203925210
2
2
1 28636680
1 62720862
1 32639948
2
1 31799084
1 782424066
1 880249562
1 975693768
2
1 770052
2
1 265438866
2
1 642032294
1 255471716
2
2
2
2
1 585180320
2
1 598602516
2
1 68724442
1 247283744
2
1 890376316
1 973041892
2
2
1 638492690
2
2
1 903780098
1 396756228
1 111658306
2
2
1 694622510
1 50336006
2
1 91775708
1 858560014
1 523304642
1 89957188
1 946553562
2
2
2
2
2
2
2
2
2
2
2
2
2
2
1 51903684
1 681123412
1 741489158
2
1 961501502
2
2
2
2
2
1 509705004
1 162124532
1 377672988
1 771487038
1 960423490
1 193062874
2
2
1 391092340
2
2
2
2
2
2
2
1 195785592
1 866385386
2
1 813847916
2
1 395825450
2
1 722282016
1 766713142
1 34848658
1 774496336
2
1 560623422
1 891493730
2
2
1 861177290
1 134784348
2
2
2
1 22565554
1 198233148
2
2
2
2
2
1 556279064
2
1 867073492
2
2
1 307470154
1 271594324
1 734604268
1 628730906
2
2
2
1 71644954
1 31538152
1 398242176
1 650049616
1 578612214
2
2
1 173936482
1 387480250
1 371180690
2
2
1 567987478
1 27420210
1 698087020
1 64632574
1 935985998
2
2
2
1 188450366
2
2
2
1 250238180
2
2
2
1 97920240
2
2
2
1 963153554
2
1 621356640
2
2
2
2
2
2
2
1 849569856
1 267807442
1 320689816
2
2
1 225212718
1 487825118
1 729012084
2
2
1 229434840
2
2
2
2
2
2
1 564466350
2
2
2
1 909736652
1 77588630
1 34337968
1 935622774
2
2
1 800917498
2
2
2
2
1 800188752
2
1 794636510
1 61802548
1 599592018
2
2
2
2
2
2
2
1 835522646
1 960455382
2
2
2
2
1 827354664
2
1 96287690
2
1 39491664
1 892747956
1 462397804
1 222144412
2
1 580318680
2
2
1 718403198
2
1 198695002
1 21512788
1 305610096
1 158029050
1 445350616
2
1 604372788
2
1 65330076
1 876765984
1 296631422
2
1 407924130
2
2
2
1 110390344
1 582386514
1 127865994
1 522930926
1 822702752
1 468124294
1 93018138
2
2
1 209738222
2
1 914330288
1 952215484
1 182079044
2
1 161161476
1 106558660
1 656699364
2
2
1 41230842
1 848839950
1 938175812
2
1 238461706
2
2
1 942041008
1 97533224
1 667249844
1 110198860
2
1 982024716
1 156214872
2
2
2
1 5513716
1 604442220
2
2
2
1 368957700
1 88179374
1 205419680
1 104398136
1 288873240
1 237408758
1 223342478
2
2
2
2
1 530258676
1 933298436
2
1 17407750
2
1 79462948
1 262921778
1 538336418
2
2
1 508173016
2
2
1 330090570
1 761605302
2
2
1 132034700
2
2
1 240840600
1 741615298
1 209259706
2
2
2
1 205138538
2
2
2
1 982460346
1 802210168
2
1 291893760
1 788720018
2
2
1 943388400
1 589868556
2
1 150975270
1 542560534
1 887603918
2
1 989059706
2
1 92571456
2
2
1 932679972
1 370528162
2
2
2
2
1 212894948
1 380697532
2
2
1 609678960
1 957027518
2
2
1 487783608
1 344863198
1 310610246
1 921445094
1 557169898
1 117244420
2
2
2
2
2
2
2
1 927196802
1 285574624
1 723682094
1 271212124
1 603887216
2
2
2
1 125597766
1 158091716
1 146856828
1 690331480
1 699357062
2
1 307208094
1 99182738
1 24342382
2
1 863148294
1 226635172
2
1 697400518
2
2
2
2
2
2
2
1 291717192
2
2
2
2
2
1 220939198
1 1452206
1 893092096
2
2
1 122363338
2
2
1 164928380
2
1 232051576
2
2
2
2
2
1 88612944
1 41548902
2
2
2
1 772701618
2
1 385485268
1 251887666
1 5840564
2
2
2
1 851291782
1 420196588
1 322198838
1 675608740
1 195547272
2
2
1 138684400
1 230308624
2
2
1 904846560
1 841171540
1 46470740
2
2
2
1 403904502
2
2
1 251333346
1 851711350
1 545612700
2
1 513346762
1 801780620
1 469044188
1 663479338
1 270808650
1 980922814
2
2
2
2
2
1 414410560
1 870809882
2
2
1 897376606
2
2
2
1 954397042
1 843884710
1 852388374
2
2
2
2
1 121702520
1 807135430
2
1 819000388
1 402155150
2
1 825599622
2
1 455938584
1 433140592
2
2
2
2
1 418037970
2
2
1 647351000
2
1 44598644
1 887761080
2
2
1 59842834
1 803172050
2
1 483545090
2
1 126034990
2
2
1 198911558
1 126377338
2
1 17646644
1 21554918
1 678246314
1 323801126
2
1 390618212
2
2
2
1 798610556
2
2
2
1 89045164
2
1 95115056
2
2
2
1 888321126
1 686761218
2
2
1 38659174
2
2
2
1 717830878
2
1 712367722
2
2
2
1 118891570
2
1 167596406
1 991184734
1 579945612
2
2
1 865939918
2
1 712992800
2
1 132648136
2
1 590354498
1 8135828
1 87745362
1 148137850
2
1 319000068
1 40577814
2
1 222583166
1 234685734
2
2
1 53300934
2
1 497098074
1 657051482
2
2
2
2
1 296028136
2
2
1 956656736
2
2
2
2
2
1 273219420
2
2
2
2
1 102942120
1 134258518
1 2941898
1 735576202
1 573588526
2
1 293640812
2
2
2
2
2
1 28436302
1 989391974
2
1 831698232
2
2
2
2
1 185816780
2
1 544518530
1 807067816
2
1 722786012
1 615081092
2
1 353893550
2
1 675055500
1 853928100
1 885197692
1 924851864
1 695454178
2
2
2
1 789256084
1 248705834
1 799810158
2
1 717101874
2
1 661861158
2
1 655126892
2
1 736782674
1 512846074
1 741235348
2
2
1 542830908
2
2
2
2
2
2
2
1 511586660
2
1 96807204
2
2
2
1 285860974
1 679145866
2
2
1 623413874
2
2
2
1 597739246
1 632179614
1 418554232
2
1 248301532
1 125014708
1 314865292
1 304351140
2
2
1 439904498
2
1 188263704
1 383727980
2
2
1 321613576
2
1 238462276
1 665594646
1 46158270
1 606336238
2
2
1 304249788
1 405155210
2
2
2
2
2
1 701984260
1 892495732
2
1 182883428
2
2
2
2
1 620163122
2
1 3280308
1 166048776
2
2
1 987954994
2
2
2
2
2
1 399949470
1 29135420
1 990787372
1 772026018
2
1 46334230
1 544755220
2
1 164997858
1 179017186
1 697376688
1 547924804
2
2
1 296791518
2
1 22477972
1 801853818
1 419340618
1 34281242
2
1 613928986
1 703063880
2
1 305715020
2
2
1 785913202
2
2
1 289006326
1 98421042
2
2
1 884220100
2
1 144679048
2
2
2
1 816885990
2
2
1 164719000
2
1 222392640
2
2
1 631153946
2
1 479082860
1 148875474
1 406565160
2
1 301567786
1 423697080
1 449292262
1 639794204
2
1 690861590
2
2
2
1 110136862
2
1 200726712
2
1 235469508
1 426015636
2
2
2
2
1 853986732
1 405442708
2
1 868167956
1 763256440
1 324257992
2
2
2
1 863080944
2
1 11034182
2
1 664009242
1 824384664
1 168679394
1 142260824
2
2
2
2
1 60137702
1 149632408
1 429919740
2
1 997119068
2
2
2
2
2
1 761521652
1 139524856
2
2
2
2
1 941553282
2
2
1 369506406
2
1 807986656
1 75544434
1 261240096
2
1 332637848
2
2
1 35175522
2
1 932635778
2
1 182647474
2
1 982174224
1 375129814
2
2
1 954901420
1 639747890
2
2
2
1 679857834
1 165211420
2
1 326212278
2
1 304446234
1 789188860
1 768095738
2
2
1 27511492
2
2
1 49710524
1 152248874
2
1 794113734
1 970228516
1 174311346
1 328320196
2
1 299274856
2
1 168873478
2
1 118994584
1 343808690
2
1 54788024
2
2
1 744176304
1 917394358
2
2
1 353151414
2
2
1 424829564
2
1 31046570
1 717210444
1 17350408
2
2
2
1 536673744
1 943351884
1 557887264
1 250806508
1 410379162
2
2
1 95679080
1 655546866
2
1 458769452
2
2
1 958323698
1 523258282
1 724663172
2
1 514000124
2
1 437797824
1 73797252
2
1 603747388
2
2
1 650920388
2
2
1 360014638
1 547887532
1 116298676
1 648237644
2
2
1 632077100
1 532516682
2
1 151153900
2
2
2
1 301845618
2
2
2
2
1 500102052
2
2
2
2
2
2
2
1 769287738
1 488952824
1 769493586
1 835576924
1 603054608
2
1 742792094
2
2
2
1 61981162
2
2
1 819569454
1 17965100
1 385716092
1 41183244
1 519289886
2
2
2
2
2
2
1 14837110
2
1 630166044
2
1 11695760
1 889830666
2
2
2
2
1 806168498
1 609368502
2
1 109306508
2
1 480358904
2
2
1 265263400
1 385298058
1 290265254
2
2
1 184420938
1 689933512
2
1 565023462
2
2
1 110031924
1 182013782
1 344715400
1 665250318
1 691549726
2
2
2
2
1 277888228
1 833739352
2
1 168956452
1 641681336
1 871092000
1 263280700
1 303862846
2
2
2
1 577344186
2
2
2
1 25248132
1 325429476
1 184881540
2
1 386890256
2
1 71130480
2
2
1 138669678
1 867516800
2
2
2
2
2
1 206040228
2
1 722584822
2
2
1 72490032
1 858777886
1 549025364
2
1 718822404
2
1 959758426
1 933565652
2
1 703580410
1 254140050
2
1 300542400
2
2
1 830528732
2
2
2
1 386186876
1 381096498
2
1 560167188
2
2
2
2
1 94518966
2
2
2
1 363687872
2
2
1 858770740
1 782640182
2
1 695820270
2
2
2
1 107790462
2
1 493459108
1 284459374
2
2
1 369225420
2
1 344604608
2
2
1 334332544
1 92419676
1 857083246
2
2
1 301719898
1 123941814
2
1 533334828
2
1 866605258
2
2
1 2781322
2
2
1 993413680
1 40310300
2
1 743054170
2
2
2
2
2
2
2
2
2
2
2
1 861288466
2
2
2
2
1 364888542
1 661458252
2
1 693227618
1 193583562
1 934963980
1 877995850
1 915619758
1 457845704
2
2
2
1 505358450
2
1 584537348
1 22841262
2
2
2
2
2
2
2
1 275880216
1 950885700
2
1 212045718
1 741399012
2
1 798644420
1 181384678
2
1 505785190
1 337612478
2
1 57466532
2
2
2
1 953184540
1 112527156
2
2
2
1 960901842
2
1 482237950
2
1 749224728
2
2
2
1 107739750
1 755340580
2
2
2
2
2
2
2
1 65359116
2
1 729943870
2
1 281236214
1 953255648
1 241971272
2
1 781720374
2
2
2
2
2
1 974047238
1 683085674
1 757938496
1 270573634
2
1 5781560
2
1 505536720
2
2
2
2
2
2
2
2
2
1 841432176
2
2
2
1 762466458
1 63980054
2
1 417378214
2
2
1 973504974
1 235871524
1 819936948
2
2
2
2
2
2
1 985048260
1 858939982
2
1 543106372
2
2
1 822968500
1 40487166
1 466259800
1 417657424
2
1 2576798
1 170710640
2
1 778724442
2
2
2
1 204041700
1 537205352
2
1 143943612
1 437561702
1 601816822
2
2
2
2
2
1 758710080
1 519296956
1 475393364
1 880727114
2
2
2
1 639260772
1 317152262
1 819880358
1 390709380
1 348508734
1 948920520
2
1 420201858
2
1 101203860
2
1 683789484
1 274857000
2
2
1 808232324
1 481742830
1 139926838
1 749386370
2
1 953045992
2
1 473447472
1 799316156
2
1 761904938
2
2
1 730908282
2
2
1 807790832
1 539778818
2
2
2
1 619213304
2
1 126215818
1 803204854
1 656067114
1 737721136
2
2
1 403145806
1 601497068
1 430878242
1 892654380
2
1 374920358
1 273772212
2
1 423615880
1 395711696
2
2
2
2
2
2
1 129823856
2
2
1 941424562
2
1 475052748
2
2
2
2
1 522425994
2
2
2
1 329530682
2
2
1 430122040
1 102595342
2
1 97956926
2
1 115635120
2
2
2
1 137193222
2
2
2
2
1 232614938
1 93817846
2
1 739316280
2
2
1 833686504
2
1 172331946
1 752626968
1 340597890
2
1 556241810
2
1 985932418
2
2
2
2
2
1 867939218
1 90549854
2
2
1 903446832
1 334371402
1 611343042
2
1 841149232
1 67588362
2
2
2
2
2
1 540386824
2
2
2
1 46055588
1 332661134
1 488294446
1 303871500
2
1 138633176
2
1 193965006
1 288930606
1 174840932
1 492677714
1 929424416
2
1 74066620
2
1 556613848
1 544021126
1 227002098
2
1 948787638
2
2
1 5365628
2
2
1 69683606
1 138414438
2
2
1 977057772
1 517687602
1 963438354
2
2
2
1 661486374
2
2
1 909229280
2
2
1 112958144
1 23849744
1 757381808
1 769691224
1 162089414
2
1 759152958
2
1 292577878
1 716120002
2
2
1 917180042
2
1 226489114
1 191947182
2
2
1 261023092
2
2
2
2
2
2
1 927917802
2
2
2
1 257807812
2
2
2
1 210975476
2
1 464785618
1 757874896
1 61261120
1 223328704
1 2938714
1 653985926
1 22647350
1 468828352
2
1 154387546
2
2
2
2
1 152929242
2
2
2
1 402390742
1 44622880
1 555179450
2
1 231049748
1 437990202
2
1 734944158
2
1 113552434
2
1 224360216
1 608255346
2
2
1 637112942
2
2
1 790410030
2
1 97245880
2
2
2
1 791145348
2
2
2
2
1 746305484
2
2
1 475219650
2
1 594737432
2
1 102672082
2
2
1 697030752
1 962352612
2
2
1 367633770
1 405911826
2
1 202390378
1 738065814
1 194045038
1 648272408
2
2
1 33233064
2
2
2
2
1 434038026
1 524059682
2
1 915611046
2
2
1 500644152
2
1 45305110
2
1 686020596
2
2
2
1 836319592
2
2
2
2
2
1 220739990
2
2
2
2
1 537757068
1 122417632
2
2
1 606921364
2
1 469973952
1 93890424
2
1 644741926
2
1 895513090
2
2
1 758482236
2
1 562827172
2
1 976086290
1 440775004
1 49236636
2
1 95032396
2
1 319813944
1 344124408
1 391568600
2
2
2
1 369911370
2
2
1 517954518
1 607295162
2
2
1 585807790
2
1 15236384
2
1 623196392
2
1 363242482
1 88457792
2
1 746845218
2
1 769439184
2
2
2
1 919496358
1 11456128
2
1 525993802
2
2
1 934353120
2
2
2
2
1 947509496
2
1 339292130
1 399173598
1 444092844
1 221828416
1 881508060
2
1 797586002
2
2
2
1 628954194
1 65576496
2
2
2
2
1 218600518
2
2
2
2
1 73695564
2
1 342562934
2
1 422099340
2
1 795750166
1 336305524
1 143522428
2
2
2
1 933957574
1 501105684
1 897063336
1 997978042
1 274991882
1 716244622
1 939862678
1 49493304
2
1 554670554
1 74043386
2
1 743501780
2
1 61405216
2
2
1 867693504
1 378009838
1 382871594
1 87787910
2
1 872022548
1 799678010
1 927282486
1 764686366
1 655390044
1 218891682
1 227533594
2
2
2
1 716768632
1 627967584
1 132764754
2
1 520020798
2
2
2
2
1 497191126
1 104536268
1 686707904
2
1 326041370
2
1 99696044
2
1 586766596
1 148568210
2
1 878047016
1 60632350
1 577165124
1 942495042
1 450364146
1 792374538
2
2
1 16221952
1 107547652
2
2
2
2
2
2
2
1 939485154
1 300950058
1 487981646
1 26699062
1 716280022
1 464471326
1 931338044
2
1 272134722
1 656194796
1 390734332
2
2
1 734059962
1 123358772
2
2
1 649856820
2
2
2
1 186624180
2
1 59443868
1 282764262
2
1 126871594
1 415486244
1 131271926
1 98549264
2
2
2
1 435393714
2
1 839364674
1 209186638
2
1 849005774
1 91037566
1 643846264
1 215334034
2
1 802363314
1 190431890
2
2
2
1 977784452
2
2
2
1 144663484
1 552646578
2
1 830471992
1 924827878
1 206576302
2
1 209858908
1 614884892
2
2
1 222299294
1 210812784
2
1 800153068
2
1 256493852
1 643518508
1 390258646
1 484364480
2
2
1 109945800
2
1 314392052
1 448974324
2
2
2
2
1 38636974
1 212819778
2
2
2
2
1 929007522
1 686809754
2
2
1 146682048
1 42376878
2
2
2
2
1 783962092
2
1 509174210
1 12470628
2
2
2
1 935154202
1 997186660
2
1 321761944
2
2
2
2
2
1 60593478
2
1 468508064
2
1 161375542
2
2
2
1 671027418
1 601948330
1 653862964
2
1 681067874
1 474500808
2
1 694729248
1 272806634
2
2
1 177016122
1 928365186
2
2
1 142305074
2
1 849857120
1 274399638
2
1 380190168
2
1 631147646
1 984569418
1 5324044
2
2
2
2
1 156233156
1 106833224
2
1 452857036
2
2
2
2
2
1 405386994
1 648621558
2
1 737097896
1 526241028
1 537219774
1 396897840
2
1 402056562
1 73987606
2
1 287202972
2
2
1 134232578
2
1 643892320
2
1 103190140
2
1 643417016
2
1 576444738
2
1 250825772
1 538447596
1 904727472
1 635197552
1 910675828
2
1 586025956
2
1 657978114
1 805445544
2
1 95632120
2
1 841247872
2
1 884122720
2
1 379284698
2
2
1 238845608
1 613870518
1 292213960
2
2
2
2
1 396738794
1 914663790
2
1 738378560
1 39189418
1 373074912
1 405120376
1 843021768
2
1 79027322
2
2
2
2
2
1 480047744
1 44304594
1 836773062
1 803774306
2
1 547053704
2
2
1 702764054
1 6457790
1 100275128
2
2
2
1 262619418
2
1 804845164
2
2
1 921802548
2
1 216037848
2
1 495308488
1 862713618
1 725716570
2
1 295987002
2
2
1 31220450
1 113861546
2
1 182716540
1 307491346
1 994865144
2
1 187489656
1 7666124
1 758461674
2
1 538401188
2
2
1 954517166
1 252762222
1 139189514
1 526835930
2
2
2
1 952192338
2
2
1 527512838
2
1 969786794
1 426702782
2
1 444478316
1 442947898
1 176882340
1 768897006
2
2
1 542312578
2
1 550018094
1 339219610
1 582578554
1 57740820
2
2
1 885405386
1 896921720
1 751264878
2
2
1 41930890
2
1 244808130
2
2
1 487583052
1 444955898
2
2
1 235257032
1 175299116
2
1 860611524
2
2
2
2
2
2
2
2
2
2
2
1 691863256
2
1 126263948
2
1 64811910
1 989709342
2
1 21308898
1 935626964
2
1 188174478
2
2
1 753350634
1 273502560
2
2
1 537560888
2
1 937403378
1 353581258
1 855324128
2
2
2
2
2
2
2
2
2
2
1 386401948
1 365817718
1 104344798
1 988048374
1 935366514
2
1 130070930
2
2
2
1 76733940
1 113029464
2
2
2
2
2
1 684446762
2
1 511559956
1 925933042
1 291853414
1 426855878
2
2
2
1 106863354
1 626156020
2
2
1 475060290
2
2
1 362885186
2
2
1 228377858
2
1 278019718
1 291713208
2
1 123350564
1 804701090
1 848534828
1 607711178
1 380426572
1 199764500
2
1 900628588
1 176501164
2
1 901364190
1 741565252
2
1 176283832
2
2
2
2
2
2
2
2
1 918126932
2
2
1 612767300
1 397199110
2
1 78950224
2
1 900710274
1 386237880
1 917970074
2
1 923600438
1 60382940
1 261130388
2
2
2
1 255692324
2
1 356083374
1 88218722
2
1 958468718
1 382540818
2
1 48286518
2
2
2
2
1 330514178
1 1135812
1 184559320
1 16215820
1 319784974
1 685159126
2
1 556358388
2
2
1 649475502
2
1 950812386
1 23904770
1 597080256
1 139036130
2
2
1 807065480
2
1 35607144
1 534854148
1 24035694
1 428872250
1 440177144
2
2
2
2
1 963504256
2
2
2
1 952820108
2
2
1 412958042
1 571946320
1 917793042
2
1 360329730
2
1 798333104
2
2
1 291931502
1 464125344
2
2
2
2
1 782133266
1 874922336
2
2
1 265783672
1 750319172
2
1 639893210
1 500277152
1 288757978
1 82067050
1 762106616
2
2
1 110190048
2
2
1 656468302
1 867544908
1 780815334
2
1 666865894
1 489852186
1 2990466
1 145711450
2
1 44631764
2
1 306540480
1 950885416
1 28779172
1 719119244
2
2
2
1 521462926
2
1 124594692
1 200120624
1 263856018
2
1 983675978
1 820834834
1 788448922
2
2
1 185094244
1 24754076
2
1 93818032
1 519222502
2
1 508642478
1 166758272
2
2
2
1 965382400
1 563778118
1 245149252
2
1 753837404
2
1 794008990
2
2
2
1 572426188
2
1 835611662
2
1 610125266
1 568739608
1 994577202
2
2
2
2
2
2
1 707764066
2
2
1 337720602
2
1 538843162
2
2
1 429508796
2
2
1 696450530
2
2
2
1 491668896
1 901977536
1 460951738
1 772023430
1 505426396
2
1 93102626
1 603303392
2
1 857327806
2
1 215266832
2
2
2
1 68488476
2
1 787468064
2
2
1 407155148
1 710551534
2
2
1 51699812
2
1 837131158
2
2
1 49524960
1 819927570
1 157435156
2
1 286648118
2
1 620649704
2
2
2
2
2
2
2
2
2
2
2
2
2
2
1 877645568
1 137320008
1 107352528
2
1 136930332
1 974328172
1 154506710
2
2
2
2
1 939389030
2
2
1 784555336
1 42325910
1 790137254
2
1 548904362
2
2
2
1 778932178
1 130720680
1 224702378
2
2
1 592174130
1 676399008
1 312471046
1 284775278
1 533220652
2
2
2
2
2
1 539303200
2
1 291075756
2
2
2
1 857458280
1 579358926
2
1 934791684
1 644079436
1 959924436
1 372712594
1 763946040
2
1 239868916
1 906390892
1 171979062
1 923604600
1 769486016
2
1 63667800
2
2
1 212193630
1 487991498
2
2
1 439672066
2
2
2
1 332972144
1 106391576
2
1 306642230
1 27650212
1 601766284
1 13336752
2
2
1 491868852
1 904114060
2
2
1 746110176
1 809212364
2
1 316582300
2
1 210150750
1 955474794
2
2
2
2
1 605346868
1 75412718
1 1269368
1 263312458
2
2
2
1 556925262
2
2
2
2
2
2
2
1 344353520
2
2
2
1 956433882
1 299617740
1 247421636
2
2
2
1 935828116
1 226193236
2
1 165640144
2
2
1 890104028
2
2
1 207181788
1 832113150
1 280796126
1 171262008
1 588914384
2
1 5324700
2
2
2
2
1 77376356
2
1 85199378
2
1 475292532
1 158898370
1 713546482
2
2
2
2
1 219987742
2
2
1 758703006
1 857940006
2
1 213625148
2
1 605789248
1 9871866
2
1 909414814
1 313259536
1 233201310
1 926525768
1 417471566
1 343466416
2
2
2
2
1 392673184
1 657418444
1 42251104
1 762858022
2
2
1 250348848
2
2
2
2
1 687831586
1 722470704
2
1 672066162
2
2
2
1 804744800
1 602172766
2
1 295113740
1 876580332
2
2
2
1 921846774
2
2
1 185491370
2
1 397839470
2
1 193914036
2
2
2
2
2
2
2
1 266402252
2
2
1 758016878
1 267460040
2
2
2
1 77310710
2
2
2
1 392391206
2
1 464889806
1 921872922
2
1 621915890
1 244656894
1 60272566
2
2
1 476995646
1 889116870
2
1 110345338
1 169139768
1 556364090
2
2
2
2
2
2
2
1 314109466
2
2
1 572168924
1 736195288
1 439636098
2
2
1 580372242
2
2
1 742511240
2
1 631567222
2
2
1 79753196
1 907474784
2
1 595518168
2
1 714538070
2
1 842898874
1 921767112
1 834873056
2
1 530653886
2
1 426097302
2
2
2
2
1 77105256
2
1 894442000
1 499322042
2
1 582805312
2
1 249581464
1 110160772
2
1 647489158
1 966462536
1 28827748
1 488989792
2
2
2
1 594087624
1 114248826
2
2
1 414394978
2
2
2
2
2
1 530129228
1 880907556
1 272933738
1 476911080
1 55769104
2
2
1 448299094
1 954905012
1 973007714
1 327634292
2
2
1 164062918
1 504418084
2
1 446157276
2
2
2
2
2
1 813596330
2
2
2
1 76847862
2
2
2
2
2
1 257269500
1 628165180
2
2
1 382821130
2
1 62050314
1 669951502
2
2
1 209026806
2
1 205600802
1 406198200
2
1 462493752
1 165777546
1 343161944
1 753801340
1 120106046
1 286691176
2
2
1 991142446
2
2
1 632457526
1 337756278
2
2
2
2
1 354695996
2
2
2
1 64318518
2
1 106314674
2
1 454936456
1 872058910
2
2
1 363835070
1 74932560
1 696065392
2
2
2
1 70123910
2
2
1 228315096
1 864376646
1 466304294
2
2
1 253211094
2
1 584318524
2
2
1 741210710
1 672811228
1 89055746
1 240076880
2
2
1 297024018
1 668103314
1 957449580
1 101691512
2
2
1 676981470
1 529948164
2
1 590858688
2
1 958058356
2
1 16040178
2
1 924904196
2
2
2
2
2
2
2
2
1 586938624
2
1 795603900
1 294446028
1 12013798
2
1 100286218
2
1 844364894
2
1 415743572
2
1 454304606
2
1 197341826
2
2
1 180444900
2
1 959725664
2
2
1 127470834
1 528984166
1 933007674
1 91491746
2
1 867616764
1 191419368
1 726402954
2
1 878074342
2
1 580765134
2
1 921517382
1 826669652
2
2
2
2
1 72985174
2
2
2
2
1 129670196
1 116935176
1 465073018
1 621316052
2
2
2
1 429066646
2
2
1 192641620
2
2
1 50462522
1 115552232
1 283399820
2
1 771188036
2
1 154084638
1 345402924
1 926250680
2
2
2
2
1 104774288
2
1 133558756
1 112241702
2
2
1 501009218
2
1 773123644
1 460434444
1 670079934
1 237538432
1 152067854
2
2
1 110724156
1 82921544
2
2
1 875656694
2
1 926554872
1 455642368
1 14443470
1 184363906
2
1 271628442
2
1 916281910
2
2
1 874430672
2
2
1 979554590
1 758887220
1 333736506
1 899277870
2
1 723177584
2
2
1 475431974
1 904054798
2
2
2
1 381091404
2
2
2
1 116066152
1 814962378
2
2
2
1 644657924
2
2
1 921869186
2
2
1 85796732
2
1 467064104
2
2
2
1 502026784
2
2
2
1 185580828
2
1 54544540
1 103915340
1 967408336
1 37459730
1 128655328
1 791634442
1 787279058
1 380612932
1 533835706
2
2
1 287085442
2
2
1 208439634
2
2
1 80243584
1 807812158
2
1 549788874
1 532186914
1 981431364
1 609060770
2
1 961194962
2
1 570417176
1 744515032
1 915640546
2
2
1 985935666
2
1 118918430
1 140280714
1 919523896
2
1 290300176
1 531320436
1 205631176
2
2
1 428165796
1 532706456
1 258396304
1 652702184
2
2
2
1 435436666
1 673241392
2
2
1 524048842
1 80770058
2
1 113691302
1 65392870
1 556185302
2
2
2
2
1 934816774
2
1 117284444
2
2
1 833081560
2
1 310216870
2
1 54221104
1 670797970
2
1 424988006
1 325023250
1 744819656
2
2
2
2
2
2
1 261869070
1 618575182
1 493502322
1 701026812
2
2
1 453449706
2
1 117153390
2
1 335094560
2
2
1 980219098
2
1 2668160
1 66739276
2
2
2
2
2
2
1 978392264
2
1 727316332
2
2
2
1 475708706
1 225356924
2
1 99620202
2
2
2
2
2
1 195584452
2
2
1 7237090
1 130749724
1 305738206
1 724303044
1 772797172
1 259823774
2
1 260731950
2
2
2
2
2
2
1 961079652
1 145780716
2
1 843977258
1 776086844
2
1 222972968
2
2
1 494052006
2
1 472922366
2
1 105550518
2
2
2
2
2
1 280594546
1 788522288
2
1 138319002
1 591322492
2
2
2
2
1 55682190
2
1 534559170
2
2
2
1 866743618
1 518853302
2
2
2
2
2
1 537295498
2
1 152375472
2
1 74250840
2
1 366107226
1 516152882
2
1 100013836
2
2
2
2
2
1 893694244
1 319629752
2
1 506576190
1 287084902
1 101129608
1 745445578
1 500535212
1 265032796
2
1 272168954
1 109404984
1 27842540
1 354849628
1 650132984
2
2
2
1 189604136
1 902539046
1 271139030
2
2
2
1 10142400
1 511050316
2
1 337179286
2
2
1 78836052
1 155875068
1 315086290
2
2
1 981379460
1 22735506
1 612613812
2
1 49710082
1 43671114
2
1 886248396
1 677805766
1 863907424
1 755178390
1 294942162
2
1 250664334
2
2
2
1 312675900
1 564839752
2
2
2
2
1 413886996
1 909721874
2
1 630603300
1 986019124
1 518361008
2
2
1 139243618
1 642203290
1 473051898
2
2
1 212006136
2
2
2
2
2
1 887794540
1 116882538
1 85982648
1 449300832
1 850689958
1 292107690
1 450529374
1 404968990
2
2
2
2
1 207790084
2
2
2
2
1 560125978
2
2
2
2
2
2
2
1 783493646
2
1 701735784
1 465686360
1 818817606
2
2
2
2
1 160418170
2
1 75173014
1 447151684
2
1 492974440
1 695839038
2
2
1 709391206
2
1 768087256
1 301230700
1 509588336
2
2
2
1 543849708
1 366869770
2
1 474220192
2
2
1 326328362
1 674863128
1 434902598
1 268961078
2
1 561942492
1 420563896
1 827156596
1 627150552
1 562118926
2
1 867034354
1 960718036
2
1 921379178
1 480994534
1 231487886
2
1 830086524
2
1 827612660
1 479037398
1 208242018
2
1 346952272
1 416458236
1 500068452
2
1 34812538
1 149012442
1 197163586
1 203899250
1 195930042
2
2
1 630817060
1 36006736
2
2
2
1 810642446
1 144518670
2
2
2
2
2
1 494368964
2
1 592594212
1 489062124
1 124223452
1 38298430
1 474350312
2
2
2
1 125806738
2
2
1 48010158
1 800338284
1 130095734
1 280202708
2
1 79010206
1 506273596
2
2
2
1 861820006
2
1 38525196
1 432183184
1 925882574
2
1 987231020
2
2
1 54538808
2
2
2
2
2
1 982517500
2
2
2
1 150319762
1 386160756
1 288479458
2
2
1 58815856
2
2
1 886385908
1 880141840
2
2
2
1 8433570
2
1 504695672
2
2
2
1 681233862
1 979711018
2
2
1 717190744
2
1 58877568
1 955632020
2
1 817893972
1 834271128
1 174681386
2
2
1 886609750
1 812481614
1 479234374
1 12926028
1 914668872
2
1 228404936
1 934224898
1 434956978
2
1 543765980
1 686643434
2
1 717003906
1 452763360
1 553987182
2
1 612249420
1 863694126
1 159983804
2
1 115255312
2
2
1 939337124
1 857207398
1 20625054
1 566172912
1 110208352
2
1 345102056
2
2
2
1 959900498
2
1 230538380
2
2
1 806894764
1 250149898
1 929324450
1 912985694
1 278092098
2
2
2
1 550038470
2
1 194835360
2
2
1 174257272
1 722334340
1 436778706
2
1 898363968
1 662736254
2
2
1 883457950
2
2
2
1 951434202
1 846442062
2
2
1 242132090
2
1 224717186
1 775904804
2
2
2
1 265202616
2
1 422637698
1 594969058
2
1 493960332
1 245944392
1 846727054
2
1 504520812
2
2
2
2
1 632675294
2
1 264974182
2
2
1 901009566
2
2
1 411509640
1 274457460
1 813769310
1 281011754
1 213248970
1 240312090
2
2
2
2
2
1 587326174
2
1 564878134
2
1 17518764
1 462938714
1 419701340
1 70954492
2
2
2
1 256416158
2
1 401374934
2
1 539367668
2
2
2
1 315434282
2
1 848668482
1 760113720
2
1 613891838
1 947116556
1 897947650
2
2
2
2
2
1 732170476
1 769209208
2
2
2
2
2
1 471687404
1 218475898
1 814144558
1 32402076
2
1 273497270
1 717683300
2
1 54642020
2
1 36906250
1 318560122
2
1 246679894
2
1 471346614
1 578390610
1 925394382
1 511278760
2
2
2
2
2
2
2
2
1 647730894
2
2
2
2
1 652346056
2
1 873129358
1 347415620
2
2
1 979696294
2
2
2
1 927398772
1 642879396
2
1 154159242
2
2
2
2
1 324361300
2
2
1 581056924
1 656155054
1 669650224
1 709168902
2
2
1 12411520
2
2
1 310668524
2
2
1 302659210
1 89838936
1 96608296
2
1 703318878
1 316238416
2
2
2
2
2
1 251022672
2
1 409149658
2
2
2
2
2
1 691511834
1 283361510
2
2
2
1 919470814
1 484617162
1 431307694
2
1 2363728
1 445096284
1 919312932
2
2
2
1 148898960
2
1 844627242
2
1 520792530
1 982982754
1 60758888
1 39524026
2
1 29156710
1 172006258
2
2
2
1 544912270
1 20937864
1 615145300
1 831104402
2
2
2
2
2
2
2
1 427179442
2
2
1 105494506
1 653041980
1 21895862
1 49250706
2
1 801846402
2
2
1 575041942
2
1 617605926
2
1 40248842
1 664279308
1 104037892
1 72740186
2
2
1 809827412
1 292666408
2
2
1 938949250
1 260442214
2
2
1 190353008
2
2
2
1 864733486
2
1 167070116
2
1 542123700
1 304812662
2
1 1356466
1 127625024
1 994207776
1 510183414
2
2
1 341203674
1 241057734
2
1 35941278
1 899221386
2
2
1 384965926
1 405723236
1 261035046
2
2
1 564157430
1 92169348
1 699729024
2
2
2
1 403309972
1 703609506
2
2
1 849202480
2
1 667040048
1 367038118
2
1 64082104
1 35109098
1 798416406
2
2
2
1 165609396
2
2
1 579595746
1 997426390
2
1 388756642
1 912290356
1 105480500
2
2
1 735879460
2
2
2
2
1 906161204
2
1 645106878
1 388542486
1 67125742
2
1 785483656
1 621742546
1 883162508
1 765559460
1 175503066
2
2
1 240015954
2
2
2
1 40509860
1 189919222
2
1 182545390
1 122992750
2
1 564025900
2
2
1 536056982
1 121180716
1 257153112
2
2
1 83083394
2
2
1 257678298
1 135426960
1 606440306
2
1 413220410
1 865292236
1 711929392
1 250395980
2
1 768519638
1 142838770
1 158788548
1 24238330
2
1 775530598
2
1 186599208
2
1 574864360
2
2
1 84657780
2
1 339043210
2
1 673388668
2
1 622829976
1 484114560
2
2
2
2
2
2
1 907379114
1 611617998
1 53385140
1 442188762
2
2
2
1 600894338
1 974482172
2
2
2
1 54730786
2
1 818192194
1 112761554
2
1 127673608
2
2
1 833779692
2
2
1 618611676
1 932986340
1 106766726
1 154251440
1 145344712
1 265165132
2
1 816658268
1 218994040
1 262465406
1 869345232
1 621562716
1 828901624
1 490461444
2
2
2
1 309343566
2
2
1 82642636
2
2
1 46052796
1 512367530
2
1 69119246
1 106587798
2
1 974005598
1 398345424
2
1 49883580
1 563240218
1 847957952
1 284536910
2
2
2
1 803163512
1 908236632
1 869173742
2
2
1 687908892
1 797154948
1 452382812
2
2
1 801836984
1 847274950
1 35095816
1 365408996
1 765941712
2
1 122930726
2
1 74072392
1 377931412
2
1 913929582
1 857127318
2
2
1 152727776
1 387727702
1 576920474
1 910075334
2
2
1 950154968
2
1 397867104
1 299574
2
2
1 742382580
1 895512156
1 242204388
1 167408358
1 254637518
2
1 682992280
1 478920160
2
1 779543988
2
1 777764204
2
2
2
2
1 816814204
1 582418548
1 136154038
2
1 715028370
2
2
1 92597894
2
2
1 538401826
2
2
2
1 65212106
2
1 26186420
2
1 824033700
2
2
2
2
2
2
2
2
1 130837950
2
1 80901160
1 192729864
1 876382446
1 236830796
1 791322146
1 442619214
2
2
2
2
1 277375690
2
1 714423462
1 585024938
1 146668164
1 383867954
2
2
1 205579506
1 907367594
1 508019428
1 161486620
2
2
2
1 241013202
2
2
1 49575872
2
2
2
2
2
2
1 194032052
1 569557390
2
1 687268034
2
2
2
1 639917520
2
1 721838802
2
1 577905332
2
1 878917202
2
1 779547344
1 74685002
2
1 120574572
1 919842724
2
2
2
2
1 583117238
1 261166220
2
1 713634368
1 113560482
2
2
1 545798498
1 768741708
2
2
2
1 224437108
1 327693376
1 250763954
2
1 3758546
1 712801256
1 569104886
1 865883490
2
2
2
1 954554324
2
2
2
1 111581770
1 454307374
2
1 96598056
2
2
1 411290732
2
1 114557450
1 78114640
2
2
2
2
1 808167964
1 558781082
2
1 769090282
1 718159780
2
2
1 623964172
1 116982674
1 769607998
1 639591770
2
1 146414670
2
1 257105450
2
2
1 395088550
2
2
1 734899870
2
2
2
2
2
2
2
2
1 506647796
2
1 651184426
1 562540814
2
2
1 331617004
1 523172716
2
2
1 11941602
2
1 25820066
1 334977786
1 81214204
1 524789438
1 134596252
2
1 282065056
2
1 698638298
2
1 923086056
1 625184340
2
2
1 189090002
2
1 961627136
1 258791660
1 692964840
2
1 865430344
2
1 699506486
2
1 128162502
1 133432786
1 924067186
2
1 571039410
1 797752586
1 608141192
1 680072180
1 341268596
1 317642366
1 837543044
2
1 94761962
2
1 855760630
1 602478634
2
2
1 199561246
1 65560130
2
1 235762768
1 470367116
1 719414782
1 969796894
2
1 100500958
1 215346026
1 412996172
2
1 150107560
1 252679932
2
1 237217058
1 583916022
1 823246832
1 871122604
1 570035038
1 89942656
2
2
1 572112188
1 526789042
1 147434358
1 263338428
1 913574718
2
2
1 159138968
1 864903042
2
2
1 157224876
1 12779374
1 843059240
1 716972486
2
2
1 76542884
2
2
1 163392706
2
1 817828144
1 805857276
2
1 75913758
2
1 675844252
1 595404274
1 866063562
1 508600508
1 601461430
1 67945658
2
2
1 999827344
1 771611588
2
2
1 977203618
2
2
1 401354120
2
2
1 14167854
1 531486306
1 686873418
1 703699000
2
1 877587392
2
1 175234046
2
2
1 38085538
2
1 624794152
1 190107612
2
1 414483024
2
2
1 250433994
2
2
1 718421654
2
1 873638404
1 930985266
1 984330946
1 173128070
2
2
1 237045380
2
1 667538102
2
1 219227710
1 540466340
2
1 757647858
1 743649024
2
1 530822872
1 279791588
1 779808216
2
1 955874578
2
2
2
1 11839844
1 885783062
2
2
2
1 953714464
2
1 920263000
2
1 19317600
2
1 859131112
1 170399648
1 326932292
2
2
1 548555660
1 541540724
2
1 561411220
2
1 354522222
1 643559590
1 748181956
2
1 6743150
1 490490538
1 81957198
1 710575218
2
2
2
1 806122166
2
1 446056564
2
1 504188604
1 665784702
1 504359870
2
1 886498912
2
2
1 447945040
2
2
2
2
1 28947958
2
1 4194218
1 896771050
1 957151838
1 66196422
1 681555108
2
1 648995886
2
1 952448200
2
2
1 649224030
1 696631544
1 113205620
1 661900324
2
1 218471088
1 584542770
2
1 637134628
2
1 729650756
2
1 578699216
1 887813536
2
2
1 257799434
2
2
1 861898950
2
1 969010060
1 255992960
2
2
2
2
1 14993400
1 490970258
2
1 11648658
1 288746912
1 715016260
2
1 986153268
1 27545996
2
1 377289908
2
2
2
2
2
1 735958684
1 314355688
1 531722414
2
2
1 684518308
2
1 263421180
1 265154482
2
2
1 568378596
2
2
1 29998154
1 921714338
2
2
2
1 539508082
1 926430394
2
1 599730666
2
1 143258484
2
1 668823160
1 230373892
1 681178050
1 817762494
1 466353084
1 182165742
2
2
1 569881104
2
2
1 125484270
1 500793674
1 895825758
2
1 407397952
1 4026934
1 547671064
1 203415240
2
1 809943090
2
2
1 438209268
1 83198680
1 835041608
2
2
1 150503998
1 122143232
2
1 371894554
2
2
1 990031874
1 155594694
1 558817344
2
1 60080260
2
1 92260376
2
1 872029356
1 547648858
2
1 154353750
2
1 862062826
2
2
1 785960854
2
2
1 672444548
1 305352266
2
2
2
1 76346880
1 439874492
2
2
1 825509246
1 595885262
2
2
1 96686912
1 827723884
1 44798610
2
1 839009442
2
2
2
2
1 477197348
2
2
1 462494406
1 752728316
1 828108356
2
1 568312112
2
2
2
2
1 13778726
2
1 984114978
2
2
1 147610436
1 194279018
2
1 179649488
1 637100820
2
1 407321338
2
2
2
1 543137384
1 880499500
2
1 545593558
2
1 541396632
1 965887812
1 198740184
2
1 297264008
2
1 640294840
1 455182692
1 510587520
2
2
2
2
1 599420156
1 138625988
1 320442316
1 513982300
1 120730970
1 61400912
1 501177560
2
1 218015524
1 834590582
1 567605408
2
2
1 282538910
1 938429540
2
1 535115676
2
1 875466244
1 551953522
1 804999538
1 914709274
2
1 122916850
1 556759350
1 568265790
2
2
1 236305444
2
2
1 417617380
2
1 997176718
2
1 741219072
2
2
2
1 734604300
1 984822808
2
2
1 978219076
1 263561860
1 451624800
2
1 11683638
1 160121612
1 179170184
2
1 26401422
2
2
2
1 801270936
1 417617186
1 230446468
1 519646762
2
2
2
2
2
2
1 349292650
1 542741066
2
1 601461318
2
2
1 387416666
2
2
2
1 180287822
2
2
1 613616630
1 452066784
2
2
2
1 72106820
1 839834800
1 338091462
1 277618590
1 252452590
2
1 552130234
1 734182050
1 440869200
1 681077516
1 560262758
2
2
1 518721676
2
2
2
1 290509456
1 311112598
1 358020394
1 428211780
2
2
2
2
2
1 213695242
1 345550616
2
1 292815454
1 970112874
2
1 400535648
1 192013246
1 179434798
1 390311542
2
2
2
1 420433602
2
2
2
2
1 49365748
2
2
2
1 189441182
2
1 846189996
2
2
1 795822698
1 210554122
1 141128984
2
2
2
1 330124978
2
1 644675060
1 870629238
1 819662100
1 929876422
2
2
1 398845214
1 20307124
1 378996138
2
1 481295928
1 500796948
1 515498636
2
2
2
2
1 865121086
2
1 180465938
1 276096624
2
1 767400012
1 279675154
1 909761520
2
1 591376828
2
1 833880446
1 362564482
1 924911490
1 241942026
1 919495966
1 489052852
1 607093318
2
2
2
1 348735452
1 16591446
2
1 354587120
1 260496336
1 456854798
2
1 514983188
1 25134882
2
1 569021024
2
2
2
2
1 287401172
1 390471910
2
2
1 88988348
1 357119634
1 162109256
2
2
2
1 745093556
1 15085640
1 294251128
1 262486972
1 451734810
2
2
2
1 35701308
1 492376516
1 213064512
2
1 82843070
2
1 246323338
1 192555310
2
2
2
1 187456110
1 268843794
2
2
1 549808786
2
2
1 596714150
1 144968498
2
1 796885988
2
2
1 607147650
1 172166956
1 491846992
2
2
1 444291710
2
1 974771146
2
1 239349548
1 977019664
1 132687976
1 401683566
1 313009086
1 624047960
2
2
2
1 710618144
1 850475764
2
1 417651454
2
2
1 33051604
1 893382626
1 706699318
2
1 660677264
2
1 55613522
1 925986236
2
2
1 680561766
2
1 183547024
1 649396656
1 458345144
1 732797674
2
1 206500716
1 357283600
1 754793738
1 993423148
1 712751490
2
2
2
2
2
1 1980236
1 228303086
2
1 383805272
1 883077680
2
1 264894964
2
2
1 18394484
2
2
2
2
1 917871678
1 491380818
1 224447558
2
1 111364836
1 168773918
1 393648996
1 789053610
1 160574844
2
1 668679138
1 78463392
1 136467576
1 752454732
2
2
1 240208544
1 404768486
1 261227176
2
1 866260288
2
1 712256260
2
2
2
1 228541956
2
1 157024408
2
1 22792686
2
1 792975550
1 842755442
2
1 836860142
1 126428880
1 831019322
2
1 826614354
1 576354672
2
1 997157510
2
2
1 878251218
2
1 596571144
2
2
1 192048136
2
2
2
2
1 687018376
2
2
1 364489974
1 180417332
2
2
1 735840230
2
2
1 907443948
2
1 850227286
2
1 517036982
1 516329462
2
1 861646666
2
2
2
1 400663256
1 178488130
2
1 458237046
2
2
1 134978070
2
1 129620232
2
1 957592346
2
1 337112020
1 455441056
2
2
1 446955036
1 937128584
1 834159962
2
1 171112028
1 244896002
2
2
1 939965706
2
1 354939690
1 126862468
2
1 344967262
1 234115714
1 862180414
2
1 118511478
1 604740032
2
1 990543176
2
1 455938302
1 573431276
2
2
1 589326866
1 552169172
1 707660748
1 312475642
2
2
1 678997756
1 387091566
1 37564126
1 174687956
2
1 950317114
1 766973468
2
1 214481630
1 837301410
1 477039844
1 54728824
1 696672422
2
1 951925926
2
2
1 324726874
1 88357186
2
1 871143044
2
1 490812302
2
2
2
1 252137852
1 93466678
2
2
1 609529608
2
2
1 24080972
1 568223236
1 30681486
1 597826282
1 192580900
1 132548184
1 498965216
1 375581328
2
2
2
2
1 141255970
1 164071552
1 661618216
2
1 72769976
2
2
1 860988716
1 118024524
1 372263082
1 262844030
1 740155488
2
2
2
1 260325876
1 9986706
2
2
1 62336808
2
2
2
2
2
1 553263964
2
2
2
1 162436610
1 591996786
1 412590720
1 257225320
2
2
1 147405302
2
1 323976542
2
1 174280202
1 550094062
1 665289344
1 725996320
1 134825176
2
2
1 130089676
1 563186122
1 389808726
2
1 582765148
2
2
1 650592802
1 666610246
2
1 257449872
1 666349426
1 483243446
2
2
1 518684632
1 893073492
1 435971866
2
1 823246516
2
1 29095366
2
1 309569944
1 504561168
1 919030194
1 173631338
1 155522634
1 501652328
2
1 918465550
2
2
1 799453958
1 746581794
2
1 390193280
2
1 584013030
1 128234814
2
2
1 42710032
1 36338676
2
1 259549180
1 98834976
2
1 223208428
2
1 794130990
1 636436034
2
2
1 510553860
1 854805908
1 605863828
2
1 941695230
2
1 792949846
1 618941210
2
2
2
2
1 76024692
2
2
2
2
2
1 584672134
1 679171350
1 851649652
1 699969158
2
1 241417020
1 309828136
2
2
1 428655700
2
2
2
1 878295870
2
1 595957952
1 221366898
2
2
2
1 328121120
1 667922418
2
2
2
1 282885902
1 223338732
2
2
2
2
2
2
1 822053688
1 375650908
1 520133994
1 23866310
1 46753984
2
1 391629710
1 105726446
1 479221670
2
2
1 242388422
1 882817332
1 18098464
2
2
1 751717752
1 995917330
2
1 869973560
1 394926316
1 114676134
2
1 871137042
1 664565864
1 209737784
2
1 145378388
2
1 374441618
2
2
2
1 645819666
1 213229240
1 757007082
1 316794078
1 99744282
2
1 118766460
2
2
1 485663152
2
2
1 154161394
1 250337408
1 59583168
2
1 462879656
1 926228762
2
1 501635356
1 778741328
2
2
1 636077438
1 521780178
2
1 239654014
1 56021842
1 688980106
2
1 264995590
1 158998810
2
1 652794682
1 443348518
2
1 863249290
2
1 490208074
2
1 287481062
2
1 902130992
1 625983182
1 681082242
2
1 367161292
1 378985778
2
1 126658326
1 596275902
2
1 32415154
2
1 59840730
2
1 286039492
2
1 228035622
2
1 987026406
1 560228394
1 142792642
1 475386532
1 676027332
2
2
2
2
1 870563496
2
1 290100494
2
1 611753356
1 780095508
1 510739190
1 35154398
1 236407722
2
2
1 18871812
1 73610424
2
1 682337198
2
1 933529914
2
1 936965942
1 798253168
2
1 349819636
1 460568698
1 335120284
1 267953776
1 113803374
1 851641930
2
2
2
2
1 112375408
1 440044756
2
2
1 630762696
1 204419582
1 239809468
2
1 361964696
2
2
1 313475954
2
2
1 634990074
1 994740572
2
1 932914658
2
1 146575304
2
1 243271860
1 721015868
1 765684706
1 767501876
1 968814038
2
1 117228670
2
1 273322172
2
1 150226306
2
2
2
1 597464434
1 140017898
2
2
1 354079732
2
2
1 310216462
2
2
2
1 201444052
2
1 714315310
2
1 65904152
2
2
2
1 422901624
1 99258384
1 564060124
1 529448794
2
1 657396504
1 712823836
1 120027490
1 64486188
2
1 851472876
1 551546494
1 469649034
1 238397186
2
1 144206884
2
2
1 298821396
2
1 122342856
1 804845086
1 305760622
2
1 499464310
1 559113714
2
1 383412322
1 444326870
1 162972300
1 747293314
2
2
1 44653768
2
1 687035188
2
2
2
1 808162256
2
2
2
1 737455272
1 797539682
2
2
2
1 98461912
2
1 963136284
1 315881180
1 721861428
2
1 600574776
2
1 413677484
2
1 253075686
1 749105622
1 825439288
1 5513768
2
2
1 777785886
1 69898564
1 679322478
1 836213278
1 559225024
1 359928994
2
2
2
1 131177892
1 803295734
1 141091312
1 16928718
1 776879172
1 925993430
2
1 952746660
2
1 221942002
2
2
1 645999526
2
2
2
1 376080290
1 202083470
2
1 778874788
2
2
2
1 516319746
1 37305690
1 774525400
1 224461474
2
1 606114042
2
2
2
1 490833088
2
2
2
1 34936522
2
1 879914880
2
2
1 807910112
1 546645488
2
1 349020866
1 359561044
2
1 810788196
2
2
1 692050022
1 727102782
1 748868532
2
2
1 956069386
2
1 87269500
1 265826592
2
1 836322050
2
1 586744756
1 113350152
1 89547160
1 659038666
2
2
1 772090738
2
2
2
2
2
2
2
2
1 941282788
2
1 198097592
1 535082972
1 68632956
2
2
2
1 348574724
2
2
2
1 34721466
1 940783310
2
1 762823264
1 749114738
1 289369678
2
2
2
1 598229992
1 293190950
2
2
2
1 173436922
2
2
1 911123886
1 730219860
1 858561438
2
2
1 382449170
1 492554592
2
1 404032854
1 585647190
2
2
1 88447808
1 695577576
2
2
1 174936536
2
1 419538082
1 296527200
1 26707034
2
2
2
2
1 931697190
2
1 123374004
1 258255142
1 219805248
1 665030712
2
2
1 988563332
1 971828566
1 750713556
1 964066896
2
1 283850434
2
1 258765744
2
1 421839180
1 957313010
1 70883202
1 864119750
1 311939836
1 985946568
1 711767566
1 471462638
1 259600426
2
2
2
2
2
1 963834072
1 905713328
1 371223810
2
2
1 883053628
2
1 149114736
1 548542794
2
1 547786268
1 146908648
1 552743474
2
2
2
1 142058028
1 287684038
1 156578506
2
2
1 484036450
1 822540778
2
1 663793964
2
1 533359040
2
2
2
1 274099274
1 791665302
1 288270994
1 634471842
1 842866352
2
2
1 979830608
2
2
2
2
1 587682166
2
2
1 248945288
2
2
1 119959926
2
2
2
2
2
2
2
2
2
1 758068306
2
2
2
2
2
2
1 462341966
1 931772276
2
2
2
2
2
1 900495362
1 681489530
2
1 211990642
1 290303786
1 149709020
2
2
2
1 175269036
2
1 450298630
1 408524436
1 118653612
2
1 397254532
1 667711700
2
1 145200778
2
1 144187084
1 400331408
1 721015636
2
2
1 345513854
2
1 763331520
2
1 16684786
1 170574852
2
1 197716078
2
1 851404354
2
2
2
2
1 369865350
1 86886094
1 514267072
1 511191682
1 638913808
2
2
2
2
1 446660510
1 725268948
1 100480948
2
2
1 279406096
2
2
1 69683350
1 824752698
1 582717026
2
2
1 7688238
1 744313812
1 686253202
2
2
2
1 949742332
1 979636814
1 783918072
1 583452572
2
2
1 939043654
1 218432552
2
2
2
2
1 978930188
2
1 284219284
1 480861064
1 532765554
2
1 519363562
2
1 109763936
1 499110260
2
1 957736218
2
1 291706992
2
1 780050900
2
2
2
1 322920220
1 587658038
2
1 242658270
2
2
2
1 183116986
2
1 770409688
1 690556384
2
2
2
1 196003174
2
2
1 9986350
2
1 571550350
2
1 228185138
1 264215794
1 300491544
2
2
1 925612354
2
2
2
1 641044026
2
1 608455214
2
1 797471396
1 577278628
2
1 344063754
1 331863998
2
2
2
2
1 599722090
1 199497452
2
2
2
1 291005518
2
1 958543648
1 606113240
2
2
2
1 211526766
2
2
1 931908208
1 617450152
1 198760440
2
1 100130720
2
2
2
2
2
1 445968786
2
2
2
2
2
2
2
2
2
2
1 185225168
1 935505212
1 293680712
2
2
1 74536150
2
2
1 499526932
2
2
1 267121954
1 881497192
1 277981324
2
2
2
1 310265280
1 303479630
2
1 602657800
2
1 998144664
1 3507352
1 744080134
2
2
2
1 652989428
2
2
1 938487378
1 422628228
1 983150914
2
1 890483436
1 147166268
1 212525234
1 674181100
2
2
2
2
2
1 622462174
2
2
1 394079928
2
2
2
2
2
2
1 54069336
1 21131996
2
2
1 683074700
2
2
2
1 941363244
2
2
2
1 985772618
2
1 485988044
2
1 319966504
1 99560028
1 142666484
1 176870666
1 725669712
1 131278054
1 489945046
1 670586882
2
1 200869424
2
2
1 101456712
2
1 939546778
1 832534834
2
2
1 50175842
1 897608250
2
1 692902236
1 252839044
1 59276054
2
2
2
2
2
2
1 659212150
2
1 167182048
2
2
2
2
1 150371418
1 459660198
1 98127088
1 174825648
2
2
2
2
1 681959798
1 931158278
2
2
2
2
1 29553372
1 815138134
2
1 799637664
1 31999690
1 203036584
1 862939848
1 892959444
1 776360218
2
1 819995154
2
2
1 243348278
1 901393136
2
1 734564360
2
2
1 820104888
1 70374
2
1 399288840
2
2
2
1 706013458
2
1 644981448
1 541127946
1 849272392
2
1 175209106
1 17140532
2
2
2
2
2
1 255455600
2
1 159793548
1 845195400
2
1 338949880
2
1 812333030
1 182124426
1 447359226
2
2
2
1 241016726
1 681736510
2
2
1 941714884
2
2
1 277087128
2
1 978858176
2
2
2
2
2
2
1 544143302
1 294955356
1 437747324
2
1 668040608
1 871405192
2
2
1 282261688
1 22746198
1 460268726
2
2
2
1 868266528
1 145379676
2
1 935660784
2
1 879021178
2
2
2
2
1 839352146
1 341280166
1 41674284
2
1 352936070
2
2
2
1 978743622
1 870103814
1 656163174
1 740722108
1 909616764
2
1 25589716
1 219912046
2
1 574628136
2
1 498918448
2
1 141777344
2
2
2
1 639844840
2
1 993068834
2
1 444457052
2
2
1 225561304
2
1 256211852
2
1 273093512
2
1 746039946
1 817581746
1 58848534
2
1 248058938
2
1 580966492
2
2
2
1 733964122
2
2
1 33924196
2
2
1 485806892
2
2
2
2
2
1 745957942
1 733631050
1 624550884
2
2
2
1 36734240
2
2
2
1 285963998
2
2
2
2
2
1 24758888
1 639201996
1 330266464
2
1 919657066
2
1 264294432
1 290983932
1 669791848
1 388379150
2
1 210616620
2
2
1 255158664
2
1 681412848
1 929227320
1 822941912
1 815420742
1 113698650
2
2
2
1 479579916
2
1 497851358
1 965113936
1 468518334
1 295311486
2
2
1 61600436
1 751180920
2
2
2
2
2
2
2
2
1 192673680
1 316087006
2
2
1 470253454
1 840530820
1 141416226
1 121428940
2
1 225058998
1 714963496
1 106043124
2
2
1 818587906
2
2
2
1 313588578
2
1 265916964
1 725761326
1 175643470
2
2
1 163821832
1 870568666
2
1 796962518
2
1 805425398
1 36877412
1 436449012
1 227097546
2
2
2
1 260034572
2
2
2
1 473708194
2
2
2
2
2
2
2
1 285100788
2
2
2
1 107936162
2
2
1 630015262
2
2
2
2
1 899997936
2
1 10046706
2
2
1 229226006
2
1 177898018
2
2
1 540584182
2
1 78106026
1 253445576
2
1 458978650
1 399765696
2
1 221520378
2
2
1 963787098
1 882294878
1 212076794
2
2
1 137514114
2
1 290389904
2
2
1 978606084
2
1 109577624
1 342551110
2
2
2
2
1 107267138
1 979664876
1 278927786
2
1 742864532
2
2
2
1 250518120
2
1 21178180
1 994764072
1 644292858
1 942010848
1 244963624
2
1 744724200
2
2
1 719318828
2
2
1 340955906
1 739379594
2
2
1 982740200
2
2
1 326609820
2
2
2
1 478081830
1 371195090
1 930707618
1 987603668
2
2
2
2
2
1 163231530
1 134899652
1 660456986
2
2
2
2
2
1 205107668
2
1 116790162
2
1 579607464
1 302925704
2
1 907567752
1 360045442
2
1 914042282
1 95697762
1 119663338
1 189468928
2
2
1 473810926
1 30848950
2
1 55152224
1 633685982
1 975561194
1 831300778
2
2
1 621914052
1 321898824
2
2
1 707572986
2
1 699004210
1 743113562
1 711617292
2
1 610193470
2
1 142776092
1 173916308
2
1 849593224
2
1 717216518
2
1 16553378
1 331083270
2
1 669676748
1 170006042
1 114364092
2
2
1 15344924
2
2
1 403871996
2
2
1 71435472
2
2
1 751747502
2
1 353978724
2
2
2
1 568987156
1 36173104
1 102539232
2
1 799967894
1 489696128
1 550474034
1 189525018
2
2
1 810569452
1 232357602
1 229579108
1 42956396
2
1 122216260
2
1 338447196
2
1 578216040
2
1 139850494
2
1 440372738
1 571029600
1 499162966
1 224185522
1 956212632
2
1 920679770
1 940058498
2
1 611350796
2
1 475199688
1 124710588
1 807126284
2
1 709034700
1 534465066
2
2
1 175214004
1 144775984
1 732143116
2
2
1 876492990
2
2
2
2
2
2
1 134020318
2
1 113258126
1 291857512
1 806051752
1 460478806
1 912154654
2
1 48203926
2
2
2
2
1 715113406
2
2
2
1 754313386
2
2
2
2
2
2
2
1 913260494
2
2
1 367889876
1 688092696
1 21620240
1 835771318
1 738001150
1 109662720
1 751353708
1 151530990
1 53419088
2
1 593127710
1 606587792
2
1 298640106
2
2
1 106210312
1 955577674
2
1 194392024
1 791499098
1 100829084
2
2
2
1 424742214
2
2
1 961243696
1 463291468
1 287304792
2
2
2
1 591860364
2
1 839923232
2
2
2
2
1 63137878
2
1 239463432
2
2
1 881636242
1 740255644
2
2
2
1 633826536
2
1 157836006
1 608556294
1 718159704
2
2
2
1 667806906
2
1 189375220
2
1 33411408
1 716395676
1 743104960
2
1 86487402
1 52068404
1 181403518
2
2
1 385893502
2
2
2
2
1 940985808
2
1 484207872
1 285725830
2
2
1 693925944
1 447164874
2
2
1 750935176
1 135764724
1 150009424
2
2
1 3100492
1 19952460
1 632285350
1 31289586
1 436505864
2
2
1 107128320
1 440076888
2
2
2
1 161662788
1 931278138
2
2
2
1 399926424
2
2
1 168794252
2
1 586901340
2
2
1 357045902
2
1 615543772
1 308893842
2
1 900035078
2
2
2
2
1 798541532
1 138074780
2
1 425806738
2
1 561559416
1 804011708
1 482063518
1 313394598
1 671410090
1 837679932
1 338350350
2
1 517942650
1 501729784
2
1 744456168
2
1 426141758
2
2
1 517292568
1 273195430
2
1 790313442
2
2
2
2
1 38192870
1 433168142
1 124745174
2
1 228948320
1 88445300
1 201654520
2
2
1 423335874
1 65306696
1 169011616
1 251708092
2
2
1 506497158
1 84714834
1 328083232
1 527355012
2
2
1 840242052
1 69545012
1 49529104
1 819447258
1 762957140
2
1 569496924
1 324519808
1 673451792
1 177300198
2
1 529679652
2
2
2
2
2
1 109408744
2
1 385478068
1 518642656
1 596865594
2
1 5198804
2
1 93811700
1 854579438
1 907872106
2
1 983393956
2
1 967574864
1 635714164
1 914612924
1 710872310
2
1 487181460
1 22687248
2
1 936422466
1 620450458
2
2
2
2
2
2
1 675541644
2
2
2
2
2
1 220117546
1 324027010
1 956004470
2
2
1 264294922
1 109980136
1 760429790
1 62397292
1 899211202
2
2
1 46020170
1 873058868
2
1 795484028
2
2
2
2
1 690286152
2
2
2
1 269763004
1 384114844
1 100047016
2
2
2
1 958379336
2
1 380536126
2
2
2
1 216362922
1 151235068
2
1 331219338
1 922791538
2
2
1 873938438
1 360384764
1 150482624
2
1 685488132
1 159589692
1 425565344
1 143033816
1 56142990
1 201446096
2
1 147302108
2
1 206091792
2
1 238270138
1 92378314
2
2
1 181489058
2
2
2
2
2
1 424872110
1 842708888
1 287293006
1 347300566
2
2
2
2
1 397487284
2
2
1 330120494
1 51860696
1 947421800
1 3932912
1 47792460
1 791019720
1 706011942
2
1 981762926
2
2
2
1 189592740
2
2
1 483529828
2
1 111791092
1 484494050
1 237187700
2
1 832853260
1 811552844
2
2
1 247392134
1 978570648
1 941104538
1 157252138
2
1 246704594
1 67770704
2
1 79656836
1 318500
1 64092314
2
2
2
1 770051374
1 767098530
1 277505778
2
1 618865264
2
1 183274364
2
2
1 840672268
1 508099248
1 845177690
2
2
1 166965246
2
2
2
2
1 234237668
1 268854368
2
2
2
2
2
1 204967646
2
1 698232078
1 707261622
2
1 212279350
2
2
1 814868762
1 197303562
2
1 945917266
2
1 330898718
2
2
1 386627796
2
2
1 65155306
1 489389430
1 559640660
1 854239534
1 65248626
1 378271050
1 162896828
2
1 200368134
1 578035970
2
1 819957614
1 39335718
2
1 701510688
1 414607402
2
2
1 54501428
1 570142082
2
1 792367644
2
2
1 557629196
1 684009124
1 943528194
2
2
1 61237364
1 171914252
1 293826932
1 789907004
2
1 351365864
2
2
1 174323148
2
1 377588040
2
1 775586212
2
1 702364330
1 942293396
2
1 944479160
1 649819002
1 960195004
1 283827294
2
2
2
2
2
2
1 779394620
2
1 731288470
2
2
2
1 686880588
2
2
2
2
1 504632310
1 759135150
1 688868536
1 562639188
2
1 378882772
1 802090430
2
2
1 423007068
2
1 534314634
1 872061356
2
2
1 775069210
1 564491728
1 934532062
1 171912830
2
1 544237756
2
1 741013170
1 704722092
1 484787454
1 916439692
2
2
1 646543694
2
2
1 321292052
1 889911174
1 272196936
1 163060768
2
2
2
1 148457464
1 830842870
2
2
1 608102290
1 873634562
1 787215508
1 191280404
2
2
1 178461976
1 761714158
1 761782860
2
2
1 222857484
2
2
1 211048318
2
1 672093534
1 778829292
2
1 700869494
2
1 463705102
1 493860682
1 707699568
1 103058856
1 582489832
2
2
1 269113074
2
2
1 709377404
1 102852790
1 625734690
2
1 640634508
1 287870802
2
2
1 447440432
2
1 904548706
2
2
1 802448154
2
1 391171336
1 168238624
1 12332360
2
1 530642900
1 641843502
1 525883208
2
2
1 813623310
1 897746690
1 401537096
1 201515892
2
2
2
1 291386952
2
1 83087062
2
2
2
2
1 749638690
1 720436086
1 445591078
2
2
1 404482166
2
2
1 716322384
2
2
2
1 593719842
1 842223184
1 630270494
1 993681270
1 392591618
2
1 37332834
1 95376272
2
1 332521566
1 364675044
1 557617850
1 931296364
2
2
2
2
2
1 943530236
2
2
2
1 525894160
2
1 179604660
2
1 499380256
2
2
2
2
1 298419126
1 197598238
2
2
2
2
1 357427424
1 446399200
2
1 51235394
1 875316262
1 523698360
1 686324972
1 614014552
2
1 276561238
2
1 280597410
2
1 995252782
1 764351184
1 89387468
2
1 12365586
1 866823228
1 677495128
2
1 62863690
2
2
2
2
1 636105720
1 668710208
1 489868084
2
1 333971668
1 81030576
1 19433098
2
2
2
1 503175182
2
1 893301258
2
1 119086614
1 315942186
2
2
1 353648082
1 824215926
2
1 187217452
2
1 20377034
2
2
2
1 860475282
2
1 437580356
2
2
2
2
1 453211362
1 189508164
1 290453038
2
2
1 264866308
1 781234968
2
1 650721224
1 225058764
1 138447550
1 781960472
1 121194360
2
2
2
1 461340500
1 325727060
2
1 450954640
1 340078050
1 482807536
1 727671624
2
1 900712040
2
2
2
1 299597402
2
1 909946048
1 772107620
1 778225158
1 533145490
1 125581418
2
2
2
1 771000134
2
2
1 120937166
2
1 765152704
2
1 202399932
1 153780882
1 734519756
1 777374930
2
2
2
2
2
2
2
1 191865740
2
1 767061072
1 973541840
1 208272322
1 173516036
1 150449320
1 294059238
2
2
2
1 314381766
1 385180924
2
2
1 979126696
2
1 136736004
1 72842754
1 606757738
1 286219610
2
2
2
1 984107534
2
1 34931806
2
2
1 165925312
1 792368302
1 975708184
2
1 208191648
2
2
2
1 60708674
1 395461156
2
2
1 279982072
2
1 535912594
1 296210982
2
1 256955318
1 910361424
2
1 431882346
2
1 874818382
1 885050548
2
1 885892422
1 365113094
2
2
1 620700288
2
2
1 415555956
1 816036398
1 180230912
2
1 504937052
1 448995566
2
2
2
2
1 872968094
1 444896884
2
2
2
1 15037544
1 831316760
1 839079882
1 85232356
2
1 186686744
2
2
1 92865328
1 126643860
1 51258358
1 856199058
1 545074988
2
2
2
1 172521464
1 265985250
1 510958692
2
2
1 27406922
1 625550696
2
1 210729680
1 295726572
1 78134722
2
2
2
2
2
1 679595138
2
2
2
1 925923504
2
1 721918814
2
2
1 604701936
2
2
1 323002530
1 166885936
2
1 324491140
2
2
2
2
2
1 639547604
1 767792948
1 624114928
1 295185426
2
1 411792890
2
2
2
2
2
1 834968290
2
1 671645630
2
1 406849066
1 217561578
2
2
2
2
2
2
1 289575158
1 204129596
2
1 703374476
2
2
2
1 615054652
1 243251242
2
2
1 216856120
2
1 162301278
1 979081442
1 847817288
1 914040478
1 441757634
2
2
2
2
2
2
2
2
2
1 82572786
2
1 122160924
1 444387826
1 43150612
1 431990500
2
2
2
2
2
2
2
2
2
1 697099700
1 108713968
1 82785554
2
1 315951212
2
1 205130546
2
2
2
1 491131398
1 195264332
2
1 533199332
1 882477312
2
2
1 482154692
1 497017544
2
2
2
2
2
2
1 112548074
2
2
1 604492664
2
2
2
2
2
2
1 619571334
2
1 671955976
2
2
1 621957470
1 7711312
1 289613502
2
2
2
1 865960694
1 869099620
1 46651836
1 572082902
1 954844152
1 457054748
2
1 618084170
1 835814934
1 306933450
1 764105588
2
2
2
2
2
1 236916956
1 958583872
2
2
1 132386412
1 123986692
1 739312264
2
2
1 147997708
1 884470580
2
2
1 218292656
1 374286400
1 395694256
1 868721496
1 599804848
1 589977600
1 430629410
1 363353184
2
1 706752366
1 87858048
2
1 339739462
2
2
1 317259084
1 735044650
1 995397834
2
2
1 741405408
1 770703436
2
1 431683618
2
1 679449058
2
1 265468564
1 28423254
1 31504264
2
2
2
2
1 147561600
1 180840272
1 880723806
1 766034526
2
1 162719972
1 746219532
2
2
1 465348008
2
1 888929718
2
2
2
1 869243736
1 735731034
1 496945030
2
1 819700798
1 165730400
2
1 234655202
2
1 19150984
1 590949052
1 220129650
1 618607476
1 951820220
2
1 798160660
1 610149262
1 806226376
2
2
2
1 477631616
1 857819578
2
2
2
2
1 944286896
1 829933950
1 476359112
2
2
2
1 435652718
1 792088114
1 979132360
1 161661618
1 632064378
2
1 135230146
2
1 211950694
2
2
1 462410110
2
2
1 804344998
2
2
2
2
2
2
2
2
1 451451820
2
2
2
2
1 284639398
2
1 390586984
2
1 862851678
1 45758284
2
2
1 287804198
2
2
1 931100248
1 92928648
1 969814338
1 676330384
2
2
2
2
2
2
2
2
2
2
2
2
2
2
1 709518422
1 475021900
1 669283172
2
2
1 918304438
2
2
2
2
2
2
1 53321864
1 808794790
2
2
1 549091194
1 613858370
2
1 52709818
1 31420798
1 103938076
2
1 998161086
2
2
2
1 237102112
1 359764644
2
2
1 115489520
2
2
2
2
2
2
2
2
1 573059466
1 231281324
2
2
1 219313038
1 877067356
2
1 361884442
1 426937464
2
2
1 753375570
2
2
2
2
1 509946346
2
2
2
1 711449246
1 220538542
1 418270306
1 93470328
2
2
2
2
1 652020830
1 693457128
1 726140536
2
2
1 438017122
1 171789442
2
1 707343928
1 147839902
2
2
1 851350430
2
2
2
1 782133964
2
1 116697930
2
1 450556048
1 888344898
2
2
2
1 117097968
1 9832412
1 990128736
1 708592072
2
1 650569414
2
2
2
2
2
2
1 317328412
1 147398948
1 668504808
2
1 5249816
1 988620850
1 282580834
1 494304412
2
2
1 282609902
1 331279004
1 953802156
2
2
2
1 619090988
2
2
2
1 538860664
1 397940462
2
1 363063170
1 37118696
2
1 399023168
1 953381778
2
2
1 34574936
1 512013990
1 859776526
2
1 450471862
2
2
2
2
1 369341484
1 396937058
2
2
1 148785546
2
2
2
1 745843512
2
2
2
1 630889546
2
1 123876730
1 140664266
2
1 134046306
2
1 567925590
1 979574408
1 33123260
1 717705836
2
1 993722214
2
1 901256434
2
1 550850182
1 88907650
1 361502772
2
1 472205940
1 965508220
2
2
2
2
1 814837714
1 750282640
2
1 674591204
1 33680554
1 156623714
1 304763800
2
1 590201390
1 28946838
2
2
1 232921568
2
1 707723438
2
2
1 741186486
1 560032982
2
1 78294358
2
2
1 754357428
1 274770078
2
2
1 937953408
2
2
1 878989402
2
2
2
2
1 188990994
1 224847592
2
2
1 167679220
2
1 903602322
1 218865220
1 808614448
1 962638720
2
2
2
2
2
2
2
1 119370178
2
2
1 118712698
2
2
1 568903452
1 528013146
1 615416002
2
1 284756042
2
2
2
1 421117894
2
1 981036906
1 579693524
1 942042334
2
2
1 59206356
2
1 936264968
1 734153324
1 259161944
2
2
1 149082078
1 291010050
1 588998662
1 520753446
1 67847462
2
2
2
2
1 629329926
1 515121850
1 908294334
2
2
1 352588082
2
1 283791900
1 71870126
2
1 557924238
2
1 621898606
1 771339510
1 831628960
2
2
1 436619184
1 477861260
1 145722924
1 271723282
1 586263832
1 705013866
1 207300274
2
1 779572968
1 953405024
2
2
1 65898226
1 946521582
1 782318584
2
2
1 350717912
2
2
2
2
2
1 380242540
1 782119018
2
1 24049302
1 273316912
1 183999238
2
2
1 595320994
1 247970246
2
2
1 528141510
2
1 28807066
1 107730574
1 260038706
1 152762576
2
2
1 971792106
2
2
2
2
2
1 151189438
2
2
1 420811140
2
1 938921232
1 418391302
1 398652008
2
1 870601920
2
1 196487990
2
2
2
2
2
1 596601782
1 566277814
1 226141484
1 250987338
1 197386494
1 666811926
2
1 425506468
2
1 26186406
1 665009594
1 107062820
1 965785932
1 371112076
2
2
1 492783454
1 404429754
2
1 294053058
2
1 381718932
2
1 74994750
1 561916920
1 19341910
2
2
1 704581650
2
1 556399262
2
1 591598442
2
2
1 850474698
1 138123798
2
2
1 271489508
2
2
2
2
1 207117934
1 26879898
2
2
1 900369422
2
2
2
1 224618512
2
2
1 980471590
1 543134512
1 686557936
2
1 607351962
1 87033750
1 46732252
1 953190696
1 534649038
2
2
2
2
1 77851698
1 567745560
1 377939978
2
2
2
1 849853284
2
2
2
2
1 865008694
1 15693818
2
2
2
2
1 393376808
1 514454060
2
1 643011254
1 649747890
2
2
2
1 946541542
1 983357124
1 439919726
2
1 93834270
1 243227240
2
1 343464424
1 755800710
1 785324228
1 959519950
2
1 921200014
1 795409908
2
1 405279516
2
1 400320532
2
2
2
1 973847466
2
2
2
2
2
2
2
2
1 219204580
1 103013904
1 538446482
2
1 506200026
1 227786716
1 836602062
1 240493066
1 929011476
1 376152036
2
1 764155678
1 746067278
1 538754990
2
1 247423842
2
2
2
1 12773812
2
1 887384328
1 557292818
2
1 511991376
1 410676952
2
2
2
2
1 202332458
1 803101596
1 289843810
2
1 50989468
1 28751708
1 680434412
2
2
2
1 795425506
1 86088012
2
1 851864098
1 795492710
1 528842682
1 73186980
2
2
1 621744884
1 795194038
2
2
1 418388380
1 197449554
1 691814370
1 97259184
2
2
2
1 691712988
2
1 425559938
1 832963456
2
2
2
2
1 991377272
2
2
2
2
1 642386830
1 35636524
2
2
1 197282180
1 665496640
2
2
1 498593334
1 45017956
2
2
1 635287458
1 914399400
1 640247032
1 409791898
2
1 489793670
2
1 909736412
1 221937256
1 810371152
1 612197370
2
1 820712952
1 251674200
2
1 137908946
1 383060242
2
1 64202428
1 10973836
1 938105198
1 268195632
2
1 185975942
2
2
2
2
1 363305608
2
2
1 439678424
2
2
2
2
1 444466788
1 769261108
2
2
2
2
1 403493070
1 111001262
2
1 350646962
1 674982350
2
1 17921390
2
1 394173010
1 986506746
2
2
1 416037604
2
1 573018990
1 956172430
1 38448894
1 448343438
2
1 779078208
2
2
1 567431030
1 50464046
1 434050390
1 800243832
1 497771346
2
2
2
2
2
1 829940324
1 407714672
1 750432234
2
1 303750182
2
1 172221410
2
1 264616242
2
1 827846946
1 791294644
2
1 487869828
1 360655484
2
1 532344656
1 969296208
2
2
2
2
1 732384462
2
1 373734438
1 169453694
1 280559622
2
2
2
1 756801030
1 814921176
2
1 276955274
2
1 73396614
2
2
1 606923982
2
1 939836096
2
2
1 743559826
1 341133688
2
2
2
2
2
1 383646660
1 916692882
2
1 269763824
2
2
1 166818654
1 104828244
2
2
1 81397686
2
1 522574136
1 56620808
1 501353568
1 165966884
1 827519254
2
1 459719644
1 831306344
1 806390506
2
1 995639452
2
2
1 128915108
1 493277362
2
2
1 634660148
1 644980834
1 97791590
1 588319496
1 850967246
1 878712698
1 747322510
1 357142940
1 363345064
1 314549848
1 244492824
2
2
2
1 199290098
2
2
1 44642682
2
2
2
1 68294628
1 834218362
1 464394936
2
1 310037006
1 40492246
2
1 183636850
2
1 422744986
2
2
2
1 714612860
1 6756806
2
2
1 910554406
1 610317266
1 887408524
1 531617950
2
2
2
2
1 232313758
1 523863084
1 605774994
1 758862310
2
1 126067430
1 250735954
2
1 173567274
1 670195530
2
2
2
2
2
2
2
2
1 707502312
2
2
2
1 607709222
2
1 162713586
1 252317696
1 45420276
2
1 898471998
1 861467704
2
1 223450598
1 796912768
2
1 815858350
2
1 357290058
1 64200702
1 168566586
1 156341180
1 81218768
1 718190458
1 764951242
1 826774970
1 735480760
2
2
2
2
2
2
2
1 985710590
1 549641678
1 871848602
2
2
1 79706410
1 158630468
1 953081614
1 4789458
1 671408480
1 213118336
1 132835768
1 163369404
2
2
1 565298740
2
2
2
2
2
1 635288784
1 38483180
2
2
2
2
1 393112240
1 356260422
1 414504436
2
1 238756414
2
2
2
1 671362674
2
2
1 10119962
1 141629904
1 98320518
1 162859256
2
1 687549198
1 562125186
2
1 81856806
2
1 748661038
2
1 676448654
2
2
1 834680012
1 755809270
1 290528002
1 741634086
2
1 419424156
1 26504812
2
1 437938306
2
2
1 534350616
1 144291588
2
2
2
2
2
1 162836046
2
1 468267012
2
1 48275256
2
2
2
1 451717108
2
1 132235802
1 201835884
1 742640074
1 976257940
1 358406430
1 19810266
1 759279404
1 612040218
2
1 132383644
2
1 858261346
1 171269132
1 114505704
2
1 334093044
1 467190954
2
1 995694504
1 150824898
2
2
1 542779892
2
2
2
2
1 168176684
2
1 36708762
2
2
2
1 277044188
1 130959572
1 781689684
1 8569656
2
1 79645634
1 827967378
1 747916500
1 138365312
1 688592660
1 288994300
1 999289788
2
2
1 256459750
2
1 850955160
1 666405726
2
2
1 341423036
1 133333162
2
2
2
2
2
2
1 938472386
1 893279578
2
2
2
2
2
1 441840530
2
1 400761436
2
2
1 791466310
1 783624040
2
1 407389816
1 682958938
2
1 138210320
1 321781008
1 418481740
2
2
1 834768046
2
2
1 692379726
2
1 920489628
1 460860696
2
1 952364500
2
1 956529072
2
1 358102384
2
2
1 137913168
1 783094184
1 658351898
1 671367910
1 776550412
2
1 805988536
1 369263612
2
1 177270250
2
2
1 117142100
2
1 960157800
2
1 80579194
1 921983478
1 246005290
2
2
2
2
2
2
2
1 117491022
1 999957918
1 569308856
1 797014222
1 842515208
2
2
2
2
1 467419146
1 201092080
2
2
1 854465402
1 29474756
1 716372658
2
1 86631600
1 901089006
1 470880958
1 990034920
2
1 763037784
2
2
2
1 698255954
2
2
1 825917012
1 637901784
2
2
2
1 676222676
1 723444274
1 225753772
2
1 654095910
2
2
1 181437730
2
1 607763326
2
2
2
2
2
1 329528412
1 562740578
2
1 968279088
2
2
1 292112128
2
2
1 522687900
1 881088768
2
1 767968276
2
1 897211436
2
1 69489012
2
1 563755948
2
2
2
2
1 866224814
2
2
2
2
1 868126910
1 702824766
2
1 697110894
1 280541976
1 140815376
1 455011260
2
2
1 128118236
1 583495034
2
2
2
1 842960466
1 991869254
1 984851846
1 181458422
2
1 118900406
1 675523550
2
2
1 276043490
1 924275582
2
2
1 564930190
1 206206220
1 552953362
2
1 170319464
2
2
1 935379900
2
2
2
1 970727928
2
1 831708874
1 107806828
2
2
2
2
1 750011776
1 435705670
2
2
2
1 21269402
1 449862316
2
2
1 20626456
1 137969382
1 72308138
2
2
1 109602288
2
1 59944356
2
1 537580762
1 830198252
1 73137118
1 211157926
1 24240716
1 353655084
2
1 56590012
1 912780226
2
2
1 689864416
1 516759144
1 527691138
1 947635560
1 701568498
2
1 497741932
2
2
2
1 147134154
2
2
1 742687720
2
1 256207792
1 559174178
1 817345864
1 54703134
1 988862436
2
2
2
2
2
1 695297080
1 803607010
2
1 472555480
1 610128224
1 818750770
2
1 344335652
1 874855668
1 502948470
1 860343120
1 198164696
1 26249402
1 754883204
2
2
2
2
1 769698360
1 747623320
2
2
2
2
2
1 503003616
1 618014322
1 933490574
1 947468174
2
1 572331910
2
2
2
1 640839124
2
1 161433478
2
1 851899214
2
1 849616548
1 36610730
2
2
2
2
2
1 668338818
2
1 964644132
2
1 757277548
1 601021836
2
2
1 819520812
2
1 27396522
2
1 382313144
2
1 60809242
1 118346400
2
2
1 418819418
2
1 38090392
2
2
2
1 351281586
1 881294470
1 676327156
2
1 832496864
2
2
1 327486866
2
1 88666096
2
1 470406880
1 877988292
1 22609716
1 753355040
2
2
2
1 812713232
2
1 358183950
1 948581604
2
1 639415722
2
1 263924418
2
1 793229788
2
1 225033146
1 837950608
2
1 323914290
2
2
1 896935724
1 752202470
2
1 826618500
1 520973680
2
2
1 634327504
2
1 521203832
1 600154170
2
2
2
1 306848576
2
1 778479574
1 754334328
1 821412358
1 102865806
2
2
2
1 988646590
2
1 881140556
1 279070268
1 191874282
1 782570266
2
2
2
1 876922006
2
1 743588400
2
2
2
2
2
1 126711608
1 699545378
1 804247432
1 209838534
2
2
1 610758172
2
2
2
1 116784014
2
1 35001090
2
1 465671762
1 381964326
2
1 703197944
1 382994768
1 417865308
1 916925824
2
1 703803138
2
2
2
1 478440674
1 704399682
2
2
1 883576754
2
2
2
1 735761384
1 493329024
1 368489804
2
2
1 433334838
1 152473812
2
1 292767044
1 849388952
2
1 61251660
1 173027264
1 105659360
1 298470824
1 244774884
1 301341054
1 96984820
2
1 447156498
1 113353014
2
1 485760638
2
1 639892956
2
2
1 146881052
1 79829542
1 576917970
1 394591610
2
1 559796756
2
2
1 677239816
1 808509460
2
2
1 482863184
1 564284552
1 873889752
1 514680662
2
2
1 677843272
1 908896670
2
2
1 289144306
1 67682530
2
2
1 580527490
2
1 191707620
2
2
2
2
2
2
1 786626610
1 419539588
2
1 233678914
1 85133420
1 115218236
1 354895588
2
2
2
1 893840526
1 272119516
1 652029554
2
1 871679674
2
1 924313120
2
2
1 219584976
2
1 520268448
2
2
2
1 278169176
2
1 269161770
1 135783000
1 97724226
2
1 370801658
2
1 161915242
2
1 912981518
1 126368834
1 899017558
1 295086652
2
1 229893500
2
2
1 500452414
2
1 558568260
2
2
2
2
2
2
2
2
1 38423958
1 123891640
2
2
2
2
2
1 438227218
1 438796228
2
1 896702750
1 923578480
2
1 521560898
1 45452642
1 727081194
1 288586246
2
1 248984034
2
2
1 398998394
2
2
2
2
1 777340176
1 23932184
1 691908228
2
2
2
1 688467802
2
2
1 127728402
1 162615542
2
2
1 457452274
1 79515464
1 928251914
2
2
2
1 981978482
1 916756708
1 805564700
2
2
1 325872012
2
1 722295058
1 79123348
1 338413606
2
1 284899916
1 979817412
1 132048716
1 377194216
2
1 842086406
2
2
2
2
1 633447258
1 953926486
1 5554830
2
2
1 466930208
1 988565214
1 807232782
2
2
2
2
2
2
1 686661520
1 960181286
2
1 85916498
2
1 180671686
1 156737680
2
2
1 675982228
2
1 603691254
2
2
2
2
2
1 212823940
1 383216730
2
1 646777520
2
1 452320706
1 653850794
2
2
2
2
1 57787526
2
2
1 451523630
1 702354202
2
2
1 531043372
1 707222878
2
1 927516840
1 526344610
2
2
1 123686162
2
2
2
1 281307086
1 947614612
1 971251462
1 774264920
1 243673714
1 659303094
1 28803372
2
1 960046136
2
2
1 970722696
1 993383700
1 490277904
2
2
2
1 607497186
1 609926454
2
2
2
2
1 492324790
2
2
2
1 865774794
1 922813390
2
2
2
2
2
1 583470094
2
1 868793610
1 511577770
1 243777784
1 459446554
1 223019788
1 992731694
2
1 456635844
1 919591884
2
1 259222570
2
2
1 940456948
1 604999646
1 288534360
1 858412980
2
1 509047388
2
1 849505204
1 632752196
1 504288166
2
1 491778854
1 455248202
1 249670856
1 250910656
2
2
1 246103244
2
1 380769586
1 321805094
2
2
1 210571356
2
1 754089786
2
1 538430648
1 701902762
2
2
2
1 39044868
1 640043992
1 19964002
2
2
2
1 75827602
2
1 537022348
2
2
2
2
1 82087254
1 754185976
2
2
1 820718104
2
1 323579962
1 47125536
1 638175230
2
2
2
2
2
2
1 994821976
2
2
1 952304202
2
2
1 177625736
2
2
2
2
1 186321580
2
1 632094356
1 151668052
2
1 861259650
1 10596088
1 114906526
2
1 145988000
1 168062868
1 252168792
1 958430412
1 625483884
1 343535546
1 226141682
2
1 506428040
2
1 1845034
1 214651522
2
1 541487804
1 893180600
2
1 756583480
2
1 739032352
1 575420954
2
1 750869776
2
2
1 121264146
1 23403154
2
2
1 168334988
2
1 116477518
2
2
1 586845968
1 129973590
1 379631568
2
1 891333650
1 455553830
2
1 714869626
2
1 861834634
2
2
2
2
1 138610116
2
1 334839340
2
1 938752010
2
1 614081568
1 329055528
2
2
1 736787542
1 903673842
2
2
2
