931550140
931550140
574259360
574259360
546227842
546227842
526803706
383485447
383485447
383485447
414785592
383485447
352185302
352185302
352185302
329875039
329875039
307564776
303374802
329875039
329875039
307564776
307564776
329875039
329875039
329875039
352185302
383485447
352185302
352185302
352185302
350415734
351300518
352185302
360834309
392134454
432924090
432924090
414785592
392134454
369483316
392134454
392134454
414785592
392134454
410936202
410936202
410936202
414785592
414785592
410936202
410936202
410936202
388285064
388285064
410936202
451062588
432924090
461301582
471540576
471540576
471540576
461301582
461301582
461301582
451062588
451062588
451062588
451062588
471540576
471540576
471540576
471540576
471540576
471540576
461301582
461301582
484033391
484033391
476336695
476336695
461301582
461301582
461301582
461301582
461301582
461301582
461301582
461301582
461301582
461301582
471540576
451062588
451062588
451062588
461301582
451062588
451062588
451062588
451062588
451062588
451062588
448324908
448324908
431555250
431555250
431555250
431555250
449693748
449693748
449693748
449693748
449693748
449693748
449693748
410936202
431555250
431555250
448324908
448324908
448324908
448324908
431555250
431555250
431555250
431555250
448324908
448324908
448324908
449693748
448324908
448324908
431555250
431555250
431555250
431555250
431555250
431555250
414785592
414785592
410936202
407086812
407086812
407086812
407086812
407086812
414785592
414785592
400184944
400184944
400184944
403635878
403635878
400184944
403635878
403635878
400184944
399266562
398348180
399266562
399266562
399266562
399266562
396924461
396924461
396924461
396924461
398348180
398348180
398348180
398348180
398348180
396924461
387191699
375339062
375339062
375339062
375339062
375339062
375339062
375339062
371795468
371795468
371795468
371795468
371795468
375339062
371795468
370639392
371795468
369310967
369483316
369483316
369310967
369310967
369310967
369310967
369310967
369310967
369310967
369310967
369483316
370639392
370639392
371795468
371795468
371795468
371795468
375339062
375339062
375339062
375339062
375339062
375339062
378882656
395500742
395500742
396924461
396924461
396924461
395500742
398348180
398348180
398348180
400184944
403635878
403635878
403635878
403635878
407086812
403635878
410936202
416068475
417351358
417351358
417351358
417351358
432838133
417351358
417351358
417351358
416068475
416068475
417351358
417351358
416068475
427567249
427567249
443054024
443054024
443054024
443054024
448324908
451062588
455919487
455919487
460776386
463745085
463745085
463745085
463745085
466713784
466713784
463745085
463745085
460776386
460776386
455919487
460776386
455919487
455919487
455919487
460776386
463745085
460776386
460776386
457782157
460776386
457782157
457782157
454787928
457782157
454787928
454787928
454787928
452925258
452925258
452925258
455009576
455009576
455009576
454787928
454787928
455009576
455009576
452925258
452925258
454787928
452925258
454787928
454787928
454787928
454787928
455009576
455009576
455009576
455231224
455009576
455009576
455231224
460290450
460290450
460533418
460776386
460776386
460533418
460290450
460290450
460290450
460290450
460533418
460533418
460776386
460776386
463745085
460533418
460533418
460533418
460290450
460290450
460290450
460290450
457760837
460290450
460290450
460290450
460290450
460290450
460533418
460290450
460533418
460533418
460776386
460776386
460533418
460533418
460776386
463745085
467316654
463745085
466713784
466713784
463745085
463745085
460533418
460533418
460533418
460533418
460776386
460776386
460290450
460533418
460776386
460776386
463745085
463745085
463745085
463745085
466713784
467316654
467316654
467316654
466713784
463745085
463745085
463745085
463745085
463745085
463745085
463745085
463745085
466713784
466713784
466713784
466713784
466713784
466713784
466713784
466713784
467316654
467316654
467316654
467316654
467316654
467316654
467919524
467919524
466713784
466713784
463745085
463745085
466713784
466713784
463745085
463745085
460776386
460776386
460776386
463745085
464716328
467316654
467316654
467316654
467316654
467316654
467316654
467316654
466713784
466713784
466713784
466713784
466713784
466713784
466713784
464716328
464716328
464716328
466713784
466713784
468273906
467924578
467924578
467924578
467924578
467924578
467924578
467924578
467919524
467919524
467919524
467919524
467919524
467919524
467924578
467924578
467316654
467316654
467919524
467919524
467919524
467316654
466713784
467919524
467924578
467924578
467924578
467924578
467924578
468273906
468273906
468273906
468273906
468273906
468273906
468910005
468273906
467919524
467919524
467919524
467316654
467316654
466713784
464716328
464716328
464716328
464716328
464716328
464716328
464716328
466713784
466713784
466713784
464716328
464716328
462718872
462718872
462718872
462718872
464716328
464716328
467316654
467316654
467919524
467919524
467316654
467316654
466713784
466713784
466713784
467929632
467929632
467929632
468618180
468618180
468910005
469201830
468273906
468273906
468273906
467929632
467924578
467924578
467924578
