1000
1 931550140
2
2
1 546227842
1 574259360
2
2
1 90123064
1 307564776
2
2
1 526803706
1 262093716
2
1 352185302
1 299184828
1 414785592
2
2
2
1 750412566
2
1 132209668
2
1 22409442
2
2
2
1 156081630
2
2
1 202067780
2
1 64896534
2
1 595187236
1 921518882
2
2
1 198535694
2
2
1 862039028
2
2
1 936452994
1 305009070
2
1 972271374
2
1 934764662
1 156071874
1 923367434
2
1 57164312
2
2
2
1 350415734
1 223207432
2
1 803174452
2
1 995553924
2
1 369483316
2
1 739175076
1 471540576
2
1 987931166
1 451062588
2
2
1 177878704
2
1 328998956
1 494529168
1 323341966
1 717763534
1 46940826
2
1 317834740
2
1 952788022
1 318080200
1 577704370
1 271698102
1 792637700
2
2
1 506732156
2
1 343346834
2
1 407086812
1 853389916
2
2
2
1 731685776
1 233391730
1 162921064
1 808169178
1 722919030
2
1 942960582
1 6122626
2
1 5952670
1 115612526
1 693894502
2
2
2
1 196978328
1 314736154
2
2
1 843281386
1 871093458
2
1 727327386
1 979356032
1 534123158
2
1 398348180
2
1 938598062
1 867075220
2
1 967168752
2
2
1 974505496
1 318458622
2
1 364685692
1 976610696
1 139102946
2
2
2
1 395500742
2
2
2
2
1 961796818
1 481132814
1 86879544
1 486933968
2
2
2
2
2
2
1 68897196
2
2
1 566081726
1 361070860
1 813829450
1 830641888
1 964202694
1 799586398
2
2
1 74392054
1 448324908
2
1 32909158
1 850785418
2
1 169268860
1 59995742
2
2
2
2
2
1 864306332
1 48212300
2
2
2
2
2
1 935768404
2
1 371795468
1 250453252
2
2
2
1 757148976
2
1 212353508
2
2
2
2
2
2
1 205661730
1 109000538
2
2
1 159977552
2
2
2
2
1 803840602
1 907759118
2
2
2
2
2
2
2
1 11865828
1 156722082
1 138782340
1 218089792
2
1 978047218
1 956712584
2
2
1 577776854
1 857543926
1 29609930
2
2
2
2
1 340679204
2
2
2
2
1 469227430
2
2
2
1 758412342
2
1 193436642
2
2
1 263444102
2
1 959028988
1 83584848
2
2
1 400184944
1 969006904
2
2
2
1 135163238
2
2
1 59498474
2
1 79229886
2
2
2
2
2
1 675335352
1 813224188
2
2
1 176996050
1 283911412
1 355577052
1 56399302
2
2
2
1 948916752
2
2
1 346785402
1 653270698
1 150247012
2
1 787431536
2
2
1 195570704
2
1 66979702
2
1 378882656
2
1 941110870
2
2
1 768264842
1 17219942
2
2
1 369138618
1 262374652
2
2
2
2
1 304445532
1 904090172
1 719588766
2
2
2
2
2
1 185043046
2
1 74858166
1 219647406
2
1 117359838
1 216334244
2
2
2
2
2
1 728052726
1 302178280
2
2
1 504701270
1 207093456
1 365451376
2
1 963758184
1 159566972
2
2
2
2
1 772876646
2
1 90954802
2
1 277527566
2
1 623374340
2
1 255635062
1 338828152
1 128917118
1 104518376
1 832773564
2
1 556929594
2
2
1 240801016
2
2
2
2
2
2
2
2
1 339372744
1 417351358
1 613702520
2
1 813166866
2
2
1 520443966
2
2
2
2
1 857832974
2
2
2
2
2
2
1 722435116
2
1 841053058
1 784243646
2
1 249945894
1 777578696
2
1 594958580
2
2
2
1 369859330
2
1 460776386
1 587152738
2
1 521183076
1 100356666
1 711170700
1 51428590
2
2
1 561551974
1 476671804
2
1 778572924
2
2
2
2
1 869324936
2
1 108589152
2
1 519026032
1 485909144
2
1 752278956
1 554469040
2
1 733985376
1 986127250
1 226205282
2
2
2
2
1 862443382
2
1 57300196
1 535937652
1 288674072
2
2
1 974936490
1 162798926
2
1 137067230
2
2
1 691614890
1 909772760
1 242931930
2
2
1 403123340
2
1 619101782
1 437783140
2
2
1 826674196
1 466713784
2
1 105451406
1 675007050
2
1 617632380
1 62028652
2
2
1 899416430
1 509228302
1 996616626
1 143210556
1 64763772
2
1 924347848
1 560212092
2
1 713105040
2
2
1 351628168
1 756100980
1 707845586
2
1 946680772
1 830812928
1 39606354
1 799935410
1 226586240
2
2
1 650803302
1 336781790
2
2
1 700004564
2
2
1 183221142
2
2
1 188297420
1 865028482
1 564827218
1 257561156
1 357646920
2
2
1 77391262
1 893210484
1 383466050
2
1 754353294
1 761349772
1 756815124
1 182574456
1 7514142
2
1 64137408
1 79255454
1 468618180
2
2
1 499103386
1 169941162
2
1 690561618
2
1 454787928
1 497587454
1 264849350
1 684236208
1 756066488
2
1 115243922
2
2
1 104364690
2
1 974454708
2
1 96478696
1 638209184
1 246356580
2
2
1 129138644
1 579087586
1 16228230
2
1 588416890
2
1 299072192
2
2
2
1 107757756
1 335488730
1 680123718
2
2
2
1 657564092
1 455231224
2
2
2
1 104930480
2
2
1 827062882
2
2
1 90852980
1 85303610
2
2
1 686151744
2
1 339966572
2
1 861703658
1 601058680
1 12620210
2
2
2
2
1 771870232
2
2
2
1 69744512
1 460290450
1 620965014
2
1 60586168
1 513486412
1 449244318
2
2
1 577179530
1 432247908
1 547881594
2
1 471357386
1 955126624
2
2
1 704294732
2
1 698388382
2
2
1 443014114
2
1 332629216
2
2
2
2
1 564722596
2
2
1 860189918
2
2
1 392146002
1 725107996
1 620709642
2
1 64318396
1 321427040
2
2
2
1 223520142
2
2
2
1 819313070
1 66870650
2
1 148874828
2
1 599478678
2
2
2
2
2
1 479453984
2
1 191520362
1 15353120
1 785178762
2
1 619887122
1 721131468
1 310376836
2
2
1 983717990
2
2
1 151718878
2
2
1 467919524
2
1 752766704
1 22971532
1 619778324
2
1 821686008
1 543767044
2
1 343219868
1 327872496
2
1 637488772
2
2
1 155747856
2
2
1 85896106
1 188794758
2
2
2
1 578616182
1 600138316
1 422112166
1 374249796
2
1 582242422
1 966733720
1 428642226
2
2
1 382257436
1 469201830
1 347317408
1 384536424
1 739389004
1 99350992
2
1 649906640
2
1 812407578
2
2
1 821538900
2
2
2
2
1 520214832
2
1 883849994
2
2
2
1 387905494
2
1 113125842
2
2
2
1 92593882
1 467929632
2
2
2
2
2
1 557494534
2
2
2
2
2
2
2
2
1 652919928
2
2
2
2
2
2
1 973724194
2
2
1 322141276
1 71398956
2
2
1 833403050
1 40742436
1 398988808
2
1 614618758
1 233696392
2
1 707603728
2
2
1 395221296
1 39761070
1 810516464
2
2
1 447797612
2
1 528370036
1 323937328
1 713093482
1 804382984
1 158617108
1 369871738
1 228454920
1 957614162
2
2
1 775230728
2
1 641891938
1 462718872
2
1 988295002
1 547675386
2
2
2
2
2
2
2
1 111239486
2
2
1 738589914
1 390181454
2
2
2
2
2
1 241117236
2
2
2
1 558332202
2
2
1 556041898
1 639309430
1 123925386
1 906006000
1 223177492
1 958858248
1 877769806
1 614789210
1 477469992
2
1 103410242
1 96667276
1 724982746
1 171966806
1 29603868
1 670245640
2
2
2
2
2
2
1 103750036
1 500492666
1 191723792
1 877959132
2
1 290954960
2
2
2
2
2
2
1 436600174
1 777464098
1 92444260
1 648201058
1 539342290
2
2
1 141298222
1 40065262
2
2
1 738986298
2
2
2
1 222433182
2
1 379327000
2
1 987760642
1 881254484
2
1 535646520
2
2
2
2
2
1 788381842
1 566137760
2
2
2
2
2
2
1 481169114
1 488521744
2
1 2592818
1 80348684
2
1 52515774
1 196783486
1 410960198
2
2
2
1 269724160
1 792243278
1 209269296
2
2
1 117319446
2
1 321891180
2
2
2
2
2
2
2
1 887692434
1 715411650
1 116839522
2
2
2
1 33374160
2
1 174812126
1 641690860
2
1 228913670
2
2
2
1 246618004
1 741490922
2
1 591743298
1 976863418
1 115382864
2
1 232184692
1 914087768
2
1 568017028
1 774968080
2
2
1 712130522
2
2
1 330843582
1 303552672
1 566610358
2
2
1 240815650
2
2
2
1 697329448
1 690287716
1 878331848
1 887561564
2
2
1 331482398
1 565091858
2
1 915451154
1 518728138
1 396463198
1 994789302
2
2
1 803420908
2
1 862232756
1 270851626
1 924867906
2
1 352910514
1 174264080
1 12637356
2
2
2
1 148107320
2
1 434551334
2
2
2
1 413391910
1 575540174
1 334777402
