20 80
6 16 733993
17 15 873040
18 1 310468
18 15 295516
14 3 552097
9 6 565653
19 15 831685
11 10 688393
3 11 859771
10 1 33549
11 18 666836
16 14 223530
7 11 749350
14 20 763804
6 18 268974
4 2 274104
14 19 252899
8 10 112669
17 2 146217
20 19 813052
15 4 552933
1 14 302282
6 5 66086
15 10 780423
19 3 158470
12 14 927720
12 3 40389
8 16 702957
7 6 32361
13 9 585293
13 14 403927
4 5 756548
6 20 354242
12 4 742392
6 13 876896
11 5 999467
5 13 14054
20 1 773661
5 1 897985
12 8 717676
15 12 729143
8 15 455258
20 13 339842
15 3 152146
13 8 4838
4 3 198323
8 20 529032
6 11 404071
13 17 33766
7 1 279260
6 15 734517
17 7 74358
3 10 226504
15 9 747693
13 15 857235
18 4 119878
3 20 181177
7 8 731294
5 8 10553
9 7 196741
19 9 614522
2 6 926848
9 1 460249
18 10 191973
17 8 680015
17 1 715999
4 14 345381
10 14 171719
19 16 600637
14 18 426963
15 2 685563
15 11 674694
8 14 866517
2 3 191305
17 16 141974
14 15 281056
17 10 423396
5 16 544438
18 9 324570
8 1 365816
