50 125
42 33 557120
40 30 699093
11 33 167995
41 46 643842
48 24 358983
44 18 658798
33 7 231358
3 44 268481
22 16 688473
45 33 336485
12 26 1568
31 18 730149
25 28 988681
20 21 459278
13 18 189251
45 13 183420
42 46 116479
50 48 668772
30 21 186689
4 17 861821
39 29 127099
8 11 247966
6 36 247995
39 7 191865
18 19 876983
19 13 759447
40 6 350992
18 5 492539
41 37 144161
29 40 133228
2 28 341906
2 35 843666
19 43 853953
13 33 540761
30 50 31579
14 20 718093
49 2 608779
5 42 423772
41 3 425452
33 32 288953
12 37 312256
47 4 583524
41 9 102787
23 19 330266
22 50 467431
44 42 847690
41 33 525247
35 6 843339
39 8 669073
20 12 865385
6 18 329481
11 41 237773
21 29 689945
40 46 826718
41 26 945361
34 16 559265
26 8 298300
24 44 977457
14 32 565714
37 1 959276
21 8 181445
3 19 470785
25 41 895616
19 30 650711
38 22 873237
49 6 459804
15 31 141663
16 6 658957
5 41 386413
25 48 84209
27 18 554994
1 9 966961
21 40 617671
9 12 7259
9 17 983414
25 49 125077
41 4 300385
15 22 229074
2 27 681114
17 3 818612
25 30 555829
20 32 929489
30 5 90479
1 13 433540
11 23 282658
25 47 601106
1 39 426459
35 3 639630
8 7 306958
22 23 843813
35 47 478692
15 19 259625
4 48 375531
34 50 842045
25 11 652867
32 35 393666
39 37 915704
47 21 596759
28 30 347615
38 3 587389
50 37 883937
43 4 308605
19 9 828353
50 42 93554
44 16 78764
11 49 800100
26 37 866286
31 35 577706
39 14 196138
5 1 369990
43 50 950579
30 42 10084
36 11 961642
40 12 412083
44 5 827650
9 15 491000
9 42 3238
44 25 790822
2 13 526085
39 20 515986
30 14 120687
10 43 818881
43 31 386543
34 20 199204
18 15 98908
