300 300
19 174 254875
118 82 60768
255 275 432292
228 126 482557
113 266 559176
250 196 765889
288 155 986634
68 198 530014
110 133 257085
265 151 745050
273 221 589023
299 39 105456
66 45 127930
158 273 783208
214 137 267425
41 138 950572
229 125 783227
214 245 808176
279 106 987060
264 71 731962
213 95 386883
87 93 442821
42 158 935717
23 67 140041
182 32 581877
7 72 326266
78 53 461191
56 266 838235
283 245 843940
43 260 193862
56 172 470556
238 10 445248
210 51 695058
227 125 135924
19 7 766756
196 65 146727
261 194 558079
203 2 503797
89 36 997541
81 130 845452
142 186 759875
298 123 846184
297 85 726186
154 63 44162
268 85 198628
84 163 859941
30 294 982443
83 90 459532
118 182 813264
248 233 844505
185 207 346302
59 242 809699
143 27 484504
257 288 295233
38 8 872717
65 143 629632
105 224 944625
100 6 279766
183 176 128799
46 123 306931
50 7 761289
104 65 578182
154 260 121260
57 216 192147
90 5 362706
258 122 660701
289 278 69424
65 77 859982
230 11 334057
28 56 392731
110 158 203037
150 261 682953
131 166 362464
190 222 868332
289 11 64136
146 21 664857
146 9 46787
122 74 159663
155 55 528426
11 135 417281
41 296 219790
129 146 765902
33 28 381667
197 270 67941
80 258 603603
215 155 377723
224 53 19932
210 226 507557
24 80 120363
149 90 470797
82 182 414845
171 10 681090
273 94 396769
291 42 650438
231 121 666947
234 88 809002
256 11 770006
39 272 103031
247 295 184410
210 196 348199
58 277 503480
202 199 369641
243 223 629634
12 214 162276
101 196 352248
148 129 747335
101 137 45097
106 227 775968
36 174 132315
45 135 126210
195 244 207638
226 198 80036
266 140 542011
151 203 942524
78 4 898571
126 203 464700
12 3 567688
209 108 711114
76 195 435239
225 151 415385
169 40 697210
66 128 865027
205 138 178829
160 61 654907
163 283 999584
65 282 91595
119 221 228703
278 87 658131
172 125 219872
162 50 424175
98 218 836114
207 35 844441
85 239 394778
113 150 403990
219 12 311773
254 128 200606
249 246 173479
203 223 857465
233 146 976689
5 59 472690
31 156 426159
44 114 537193
237 198 806384
266 63 415233
108 33 409297
232 287 332424
89 235 101170
167 137 258444
31 122 527490
72 178 94400
161 208 341856
272 3 999769
64 291 449519
199 257 353581
132 116 883213
128 47 554351
3 135 942237
124 2 791926
168 84 761547
109 155 587324
108 68 693431
263 39 948685
284 154 681176
254 105 802032
234 236 747947
298 115 347045
101 169 283579
137 293 763732
62 160 128616
108 20 387622
83 127 497089
213 142 915879
98 177 181185
25 130 99389
156 115 602076
154 112 98542
250 264 921210
128 101 687602
112 162 172513
127 22 903432
100 104 491111
89 69 761052
219 218 745728
255 242 894657
95 149 77771
222 54 694634
163 3 299598
25 182 351250
178 293 125163
243 171 382884
26 271 744440
236 111 386908
287 81 291677
266 36 107218
74 182 184618
244 104 755471
30 18 199525
79 94 284006
228 24 805351
42 266 375821
126 291 415743
117 227 422205
124 265 311086
152 231 296273
69 4 993506
238 300 488509
108 81 428879
32 211 219472
189 190 96947
39 231 201112
112 56 984455
206 172 905381
111 47 273997
148 250 319679
220 18 453435
225 7 269386
86 114 462166
16 197 364076
287 86 326365
34 124 474195
97 287 706803
151 193 768626
183 3 562925
232 150 381374
210 121 847544
244 97 146050
29 234 548716
112 73 276088
197 89 299321
73 36 556369
59 90 797872
251 15 461106
5 91 398337
154 65 655247
26 160 881942
123 209 378023
56 124 852620
5 236 691293
292 184 889033
64 256 560968
284 67 972409
55 17 152476
61 22 895466
49 227 536182
247 253 24441
89 127 175102
63 234 358125
282 290 796212
26 33 267048
159 148 941355
78 132 791421
87 238 523190
11 79 793899
289 61 211245
293 201 26885
171 2 220547
105 279 266829
94 242 37106
216 274 888144
294 157 679564
132 95 719105
45 144 684867
123 242 100056
235 39 96200
188 223 104471
241 170 715375
271 150 869220
213 155 233346
53 71 356172
296 116 793428
212 299 447774
116 43 650270
83 217 646663
90 152 854301
89 91 88824
11 31 60245
285 2 814846
105 214 90200
102 266 578322
125 14 499489
5 277 46387
278 144 596881
147 226 391598
10 67 756401
262 208 8891
85 218 674473
181 203 603974
126 59 509839
278 212 338857
251 37 979170
40 41 659398
178 70 65941
111 269 400019
208 278 761685
260 239 763492
102 76 509910
274 256 232664
200 134 800974
38 111 448185
246 61 563173
