40
519369 943889
503979 756747
495825 946619
398180 908000
612901 638790
198481 588416
374213 903822
378465 817113
689597 743380
969904 998360
80123 619691
812003 899808
663596 683495
380584 898612
137997 897134
216277 608066
935468 996851
422633 482650
17215 307487
246739 581811
720298 947783
959167 989931
281416 720034
683412 704398
148747 349075
552050 661656
933381 960163
962174 986661
56580 363724
137587 231778
116648 623675
126139 304176
353326 878847
264891 279816
440735 702856
761162 901503
81620 905445
13328 905193
38390 203411
327090 862579
