100
213082 229657
632136 898824
76254 564188
316422 746189
474692 885173
282497 401456
656865 903128
129965 567871
95731 520277
94498 761452
576434 850193
503178 945712
948766 999105
563706 648802
537363 592482
794095 894177
395579 928676
920378 980303
541553 682328
91483 187672
537660 955163
105945 863248
16293 284615
541507 752178
625050 818345
681725 987980
608521 737924
104265 772562
141978 496388
115544 138810
746870 779308
982033 999889
581341 614884
24491 914973
659101 711006
600601 947457
896849 983974
535469 768698
968985 997638
937999 945604
442328 599162
260194 865513
754691 883498
632422 750921
776823 811342
754708 987829
759096 865324
716329 815267
352512 368821
366733 419685
837054 968769
603978 741651
838244 891410
38634 258270
460495 637022
710587 741177
572609 780864
309179 990254
27418 441634
103296 823917
935886 943566
500251 760365
298556 492280
234333 491936
677508 718271
217600 350592
382054 547063
240043 697637
569099 600099
788957 894615
434697 996147
436182 533378
687898 694802
511593 888930
1854 474542
906206 920995
621464 632035
802536 914870
545937 959728
63487 663970
982404 999912
351669 539677
366125 396121
742784 879028
968325 989138
921211 994586
430371 506689
330501 660019
513197 523974
725031 839917
609477 654641
686620 846216
112779 781355
230639 597589
514305 808738
430422 907937
944179 998984
748290 807876
545725 970938
114191 171059
