1000
387664 976367
4852 995410
566517 651391
950854 970311
538125 609276
651078 793529
352563 864449
417301 479042
901981 982621
201463 540122
319742 835890
64125 581411
114110 426049
174037 283412
263795 312077
668011 829792
456223 515269
852961 969500
211581 522204
530195 810912
584679 807320
534136 597981
260228 884174
218569 528452
143195 209212
21885 656238
626537 742691
468572 899522
395190 812459
790489 889512
678902 933654
150795 187133
191617 621508
708111 992410
402706 603731
402855 678166
362149 548367
259557 603712
477682 602511
82255 388263
455718 600913
189942 197514
699560 888738
488222 662440
80884 481404
80158 221815
91945 449461
94339 354090
279633 999166
291657 890996
547775 821082
424674 741978
107325 739555
271506 822944
142899 888351
412378 504222
558772 688558
999034 999382
149774 547826
498991 568873
126885 762950
435615 822946
968976 988907
880182 985927
107342 723751
549352 679858
890113 961525
206060 262273
899755 902698
890919 930195
580362 918095
299124 816329
306981 806646
944540 978054
601832 935954
878821 888704
859720 980215
414883 900527
93090 651873
373794 602453
142886 467252
380267 582425
876118 907453
616889 769771
227227 648384
131219 629437
159663 442525
621685 890713
453836 692931
343248 854180
88369 432260
534809 577524
196973 258514
545536 609842
987892 990415
125867 251097
642252 798582
185155 641473
729588 797949
733418 981955
194680 524416
748655 843002
824190 868123
262567 873625
708535 991294
637213 693596
918341 947669
909058 919908
821619 906799
607620 761410
287071 881632
797077 968657
483686 826815
969670 972236
338045 675824
271739 951823
799769 895240
813774 981345
203334 507160
834211 933905
863273 957491
618812 690059
342097 979290
307816 367965
768306 784634
500734 805693
131330 497201
234541 357362
441836 545006
384240 893103
750880 902470
472774 970598
93418 857603
209390 421590
494533 720614
715354 721529
64599 460880
535278 630465
906049 948385
386727 637379
302860 710684
933710 982180
176877 660378
970011 985080
379409 844875
261646 942502
569292 865958
772875 867099
894546 965366
214484 279224
14602 235574
712649 728363
403650 731573
955794 960323
718429 770607
528752 969507
791039 832743
873078 986807
994694 998119
203720 857369
536642 877220
756335 998934
532577 937638
469765 644640
108654 937978
479006 584351
625184 628716
850278 943683
308434 712786
152806 262702
147402 818827
325471 404426
864196 963999
949866 971080
246666 630614
524287 872966
72364 747297
723878 777197
856614 892909
682091 915791
106269 485172
100131 317407
642561 838211
796970 953252
86986 150585
775561 868855
942831 997105
51293 836244
986602 990563
1992 981259
972160 972362
922018 988755
211211 408057
492281 892390
700216 786826
746404 815775
925201 959186
874310 955498
776622 889452
890509 905318
793538 844373
321455 794618
330877 746807
688351 714363
150456 342077
812458 820446
891439 905791
158050 988771
724735 731181
357453 392475
569667 960958
258872 544381
66753 294802
475527 840380
585281 844003
406126 432405
253831 631702
204107 431668
992663 998780
504430 979572
421713 793350
885749 961192
294929 456125
771381 910319
432113 844410
533478 945817
715778 753303
686292 740868
781396 980317
56512 449468
6030 577835
425548 507827
921323 928669
61137 440851
155658 285348
649961 807757
687400 877168
915852 928614
456468 573291
164830 324143
994441 998639
811641 880465
203457 343701
107068 385897
623314 856361
654766 803742
957521 957959
123640 415737
70725 331477
137445 487416
651396 733359
405134 654501
935087 954895
723253 759929
825480 892219
183585 865870
546690 762580
988000 991132
397475 991471
139874 268188
942805 987360
807172 977850
875488 901548
748618 765092
421693 468149
415126 576920
23118 133821
364150 800587
311368 489116
469641 583700
53047 417595
826231 875505
372248 722738
67612 359912
948372 990850
274482 576466
224165 905228
870853 965196
93237 966482
949783 993726
573725 592954
235810 780042
669705 999679
666632 725057
100439 409934
447179 592607
461388 834529
319624 973427
67697 805469
508057 619819
324300 746845
61849 337636
785005 812198
575979 903839
378546 979097
893323 982347
447664 496782
981034 982533
789569 795217
493594 689621
623776 988916
907429 998100
972974 977771
146157 843092
590268 816808
842411 983460
318627 647729
346763 769989
885060 905455
805797 808985
578491 958223
176989 766269
799953 923243
221531 831938
37387 673517
547710 858943
835758 919696
707810 743743
715544 780997
685119 901830
909099 934022
293238 518258
82766 508561
82690 682555
113331 638834
733975 930494
149215 561353
85444 130249
394455 740282
357506 931239
167756 463952
43425 109573
231106 977179
2073 266379
542667 872855
913725 983947
919924 947396
849108 921276
242099 965830
642577 988490
591382 639923
233450 942179
444735 774980
399485 682954
849582 921498
5527 891472
977331 996069
445790 633606
490906 574688
748533 985526
160933 744544
335544 877294
661275 720107
607569 759508
517718 811414
1079 884927
888021 976883
965941 999916
31052 573794
903395 931553
967182 993816
336008 997573
826424 937184
498596 894776
22392 678860
344162 964069
173908 753795
635499 732435
526459 928694
552629 897515
506435 926955
586657 917017
483081 535629
238489 608901
427821 962603
437887 697324
714354 731013
688634 830456
977708 995641
385274 577281
913878 924349
684266 694434
506445 554166
810917 951245
410659 929687
386359 491489
686268 743693
643879 860357
262171 720349
513682 672472
750291 955358
366006 552127
462520 701353
927020 993478
892848 999688
569108 993786
426932 717254
561924 604434
863304 877419
724427 726524
429422 693852
143024 655739
472153 500068
332222 368190
996806 997029
267666 694452
308917 578902
749846 780666
368257 478234
929411 945999
905915 985178
583053 939548
573345 938919
337806 964141
116567 138212
829823 854947
58299 173613
838543 852922
498118 507333
603119 622678
473866 556934
300390 816500
845912 874240
356326 703788
507134 793249
595435 597938
436423 914035
233456 594441
673340 682468
423628 526663
346046 499237
299574 512431
723928 809886
119202 345588
976266 988819
335351 397516
662029 903103
642698 785538
776110 900964
67870 503934
874101 961939
679604 945472
242918 777967
678901 969825
878927 879726
859348 927050
774737 844803
730661 981568
304485 433631
355893 433830
370808 410133
89214 643734
479661 765874
957660 961407
443986 659864
401887 820170
544429 869886
310225 473260
599573 718510
669294 845251
101000 936013
782969 992458
896920 905714
176045 292795
867402 957293
641810 847110
482847 958141
1469 191677
629270 686641
423682 988301
983434 989262
786338 995180
340682 446086
549396 657156
382352 606134
379895 610085
381547 775022
985731 991153
38891 344921
133714 430200
999786 999985
130601 907470
269900 866116
515383 757670
896433 986052
663770 870489
685139 705151
408937 557535
738058 813962
648030 734381
983809 992185
890571 974685
959571 974852
618890 808651
736491 888342
391770 953475
173695 513023
987162 991526
927696 932239
177647 905488
335498 456260
270638 649337
838583 983565
510581 884162
911382 994649
79 331655
86883 851673
554382 866466
712273 966143
289406 602517
869376 901465
545513 570683
172443 912472
725920 833551
168596 914239
217103 676582
392639 680392
465929 794915
612728 668592
77421 452585
119531 152911
869774 944182
63952 808619
775492 811184
170807 908725
513867 881699
433309 461542
600183 899864
478755 970804
628972 783348
352102 726336
750706 940005
345416 800767
730092 920769
24649 593756
449254 819265
984483 988199
665241 894801
840887 853664
325652 396711
442989 928464
526206 816183
122637 174383
511166 584792
422185 505237
67977 527451
724070 842381
997023 997073
356724 747039
601865 998550
93570 863803
478830 615560
401030 568662
210096 467466
537870 842200
736654 885769
769488 815377
460511 508394
644513 693271
162466 250797
271271 324204
340780 683560
956745 968324
879500 932714
56952 470642
322468 814597
539430 897541
644833 974636
617166 904139
859670 981700
354155 811720
846844 864483
472355 545684
522632 600201
288805 800139
612567 914544
202352 581083
549261 597287
735846 886059
583501 706065
153338 669350
40844 625109
615377 865181
502463 544631
551032 615824
889821 953021
454964 782284
403107 581709
767359 945380
628472 776133
137253 794007
950643 994303
361567 776517
284939 532082
580055 697635
250299 313398
839259 911569
940740 995192
873673 987219
80296 817403
699512 719140
789143 824232
750516 757259
81638 995241
794642 939699
952157 978755
743321 957650
285814 558802
915036 954900
611482 724589
522086 807646
616024 974733
969447 984397
235613 630967
274124 405928
827077 943602
806719 809344
437496 748751
368315 615134
112364 315919
99704 343213
945944 997611
39366 471979
954651 967581
295379 376305
253349 703632
567748 630726
922152 933408
914486 964072
513041 888307
356916 541337
491771 794239
887186 942868
856166 957662
373755 483424
421941 991417
241433 663735
351113 629919
658997 728189
975599 991660
450235 655881
15878 213960
957480 972202
421200 896673
646016 978091
49242 721462
212113 826505
885139 907216
679120 991539
87492 473093
2671 799242
629813 710360
124202 715318
683204 710073
834545 870966
878392 878475
743619 848054
59924 175501
203845 448009
594320 705937
218404 996126
501493 875455
31011 770888
525137 949683
628584 823488
71603 747748
39991 168703
411635 821054
258967 381503
264703 788023
587129 896665
640150 892204
784244 901439
49784 721755
131167 422691
350073 761160
777216 951743
745862 774513
31698 740189
101961 883505
915177 935871
908947 950971
803721 853430
570854 642636
341992 567684
141335 335263
169305 900368
698018 749741
273837 776686
974158 997113
210396 253141
480508 546048
506069 787039
89949 692174
591708 695451
428507 466674
968321 974664
723847 994724
81728 459474
17963 616084
607241 980286
958123 984010
183572 983786
502705 837435
6263 495041
814921 833470
739372 822371
880014 894308
486543 522286
851544 884860
177612 757265
548000 603409
984270 991837
63648 736550
845787 870119
236875 468809
928333 988804
252353 971621
492201 609491
237798 271235
900884 987988
453852 663356
306324 674513
457370 792621
341800 732745
109474 996272
443564 985776
138049 753297
173417 591503
933665 966222
548366 862183
390719 776933
162105 561055
356165 518939
894837 997950
557230 921457
911475 955671
938032 938983
10417 862601
759708 813213
792841 935365
681023 682601
363694 500439
467863 790741
646241 994138
295380 405615
73795 557455
625734 886761
293403 380532
374369 425218
834971 938958
358641 903649
922102 963158
867612 969740
296118 426307
708486 973337
706648 806326
415554 740283
734365 743118
768263 879426
900166 931934
320540 584442
887935 929092
760574 880742
6091 918027
13858 999937
809588 860951
686186 970542
642435 874211
158880 356283
457409 731450
203526 341509
184039 548727
295218 826180
135404 403773
667846 759697
625768 921567
138881 510839
472135 473633
748350 928439
155314 781924
573337 866774
640387 646408
807138 816289
714974 851508
237728 250578
84030 559948
873601 947982
256510 574705
310634 592885
332906 719433
773160 786394
594824 616889
320223 635705
855946 951707
184218 598347
334652 368152
284383 376152
794750 818302
156069 490825
813483 973867
305193 309929
28690 43826
689378 874645
953337 968190
815634 939087
773813 995453
484658 918515
116001 805459
705725 768034
248242 913355
369001 637907
406621 678495
114023 199067
447973 960680
62837 427224
851890 932207
856047 968857
606330 900415
11489 319512
665236 721030
781073 820671
339538 729873
805949 913309
913899 922601
311371 829667
576769 833861
315498 823887
568965 780437
100388 159407
977424 997895
120552 362991
548507 699557
724742 881755
457835 668829
689856 911657
638261 985152
947049 958760
471668 631896
25177 273356
483674 942353
65452 687483
60640 226493
396967 652568
92103 179903
684265 869308
424463 468981
815867 833903
380841 525311
479979 875908
241831 956083
100182 950401
166045 222251
302200 972874
578442 604513
800074 822776
545804 641620
732965 802424
83297 678643
507801 649975
722887 735886
156687 374210
204341 558938
531483 828266
224323 502718
290696 777021
475920 735933
843804 845999
82962 191660
424165 533715
221958 425331
633091 688344
614975 776866
363456 696876
148414 865731
610415 646147
622551 666419
355837 559503
181265 588325
535814 994879
866323 910917
708965 826315
417435 977058
245304 731087
950184 983137
39855 912283
526010 818506
765068 799950
894276 944801
236845 699344
689201 902256
199429 749243
467571 595571
428496 541879
730838 768485
113464 263724
915810 955984
418635 597028
38284 830575
553589 717227
536823 842818
341087 548216
951149 953593
537856 837525
435216 538961
865417 898736
838612 888099
685959 947978
111275 242801
286809 562175
328428 512537
352087 741086
518128 967348
165253 312637
266071 797084
249206 394505
642812 961675
767914 986559
774788 806092
485588 545145
169497 480440
224039 248996
303328 765434
656750 844492
525132 858523
972688 986168
943681 982081
159577 218226
514069 673924
652107 809572
62782 909369
31577 272921
348715 403115
627264 926548
428358 655315
742104 920210
206096 299610
818126 822169
130314 867261
240994 776338
868788 976391
905196 923426
672738 927883
229419 413224
32880 491484
343325 503034
915587 986706
471176 833888
392916 724449
407678 525711
287734 546095
956693 964725
663429 721389
234003 591781
506102 794789
38624 614900
53555 54357
524936 918513
613376 900202
236952 940848
785578 846234
914485 964218
648311 836259
761376 777972
908700 933814
225207 314392
964039 992867
908533 959270
339968 578163
803319 973317
815244 860078
936204 940207
631099 998252
235200 429942
176353 423049
808950 880530
274149 827799
372823 465262
421401 544500
199530 701578
557644 682036
376631 571619
284487 359420
529696 653495
225468 639686
506895 796593
210747 274947
149555 761380
589667 664675
968888 996607
564980 576835
399783 654959
817081 960635
864968 888199
34596 239851
949634 978627
568270 769106
190650 751469
267568 741863
92096 369867
