10
5 4
1 2 1
1 3 1
1 4 1
1 5 1
4 10
3 20
2 30
1 40
10 5
10 9 10
9 8 9
8 7 8
7 6 7
6 5 6
5 4 5
4 3 4
3 2 3
2 1 2
9 1
5 10
5 20
1 100
5 199
21 10
1 2 1
1 3 1
2 4 1
2 5 1
3 6 1
3 7 1
4 8 1
4 9 1
5 10 1
5 11 1
6 12 1
6 13 1
7 14 1
7 15 1
8 16 1
8 17 1
9 18 1
9 19 1
10 20 1
10 21 1
1 1
4 4
20 20
14 14
7 50
19 100
20 100
13 101
5 150
5 50
250 20
1 58 50
2 58 95
3 58 17
4 3 77
5 58 77
6 5 61
7 1 27
8 4 77
9 2 41
10 4 52
11 9 51
12 8 12
13 58 42
14 4 90
15 7 16
16 9 12
17 15 26
18 5 41
19 12 53
20 2 26
21 20 16
22 5 4
23 16 92
24 17 49
25 13 30
26 12 53
27 58 97
28 17 36
29 3 87
30 27 92
31 23 65
32 10 48
33 11 20
34 10 57
35 15 45
36 2 46
37 58 11
38 4 22
39 19 1
40 13 55
41 14 44
42 1 36
43 9 53
44 38 2
45 4 72
46 44 20
47 15 80
48 45 29
49 1 97
50 44 34
51 12 25
52 29 58
53 15 46
54 10 11
55 41 56
56 35 76
57 2 60
58 215 38
59 36 79
60 35 43
61 29 14
62 12 11
63 1 95
64 8 57
65 52 87
66 45 40
67 27 85
68 3 9
69 15 55
70 20 29
71 25 44
72 9 82
73 53 89
74 20 80
75 39 45
76 34 75
77 68 35
78 50 67
79 78 74
80 46 37
81 29 99
82 71 88
83 48 90
84 32 52
85 72 14
86 5 93
87 81 33
88 60 78
89 30 33
90 23 84
91 82 54
92 22 57
93 69 92
94 81 19
95 39 53
96 51 63
97 91 50
98 84 16
99 62 83
100 49 55
101 21 29
102 2 45
103 96 70
104 101 32
105 97 70
106 65 25
107 20 21
108 63 62
109 91 23
110 11 94
111 24 23
112 18 94
113 22 42
114 106 37
115 63 17
116 98 47
117 102 73
118 62 24
119 106 8
120 117 54
121 41 54
122 8 34
123 46 40
124 2 59
125 99 93
126 63 77
127 124 65
128 120 43
129 79 60
130 13 46
131 128 73
132 1 71
133 43 46
134 51 44
135 64 84
136 23 2
137 10 22
138 14 70
139 32 58
140 70 87
141 107 17
142 5 55
143 65 16
144 38 67
145 48 78
146 11 13
147 128 25
148 35 34
149 1 28
150 110 45
151 115 52
152 63 80
153 135 8
154 84 1
155 10 11
156 4 92
157 72 26
158 4 30
159 97 54
160 109 92
161 19 88
162 27 73
163 142 5
164 93 46
165 121 75
166 68 27
167 164 45
168 72 80
169 36 30
170 39 49
171 118 24
172 89 9
173 57 100
174 6 30
175 27 89
176 147 20
177 115 38
178 167 19
179 149 21
180 152 19
181 162 79
182 64 36
183 7 9
184 180 20
185 74 78
186 143 54
187 104 96
188 22 76
189 33 20
190 32 36
191 111 35
192 21 79
193 16 46
194 30 76
195 78 88
196 114 38
197 17 35
198 84 76
199 185 56
200 157 100
201 165 94
202 137 34
203 175 48
204 195 31
205 18 66
206 161 83
207 56 15
208 153 42
209 86 92
210 57 61
211 163 4
212 181 86
213 201 86
214 201 87
215 246 100
216 103 29
217 184 18
218 137 3
219 79 26
220 40 23
221 96 6
222 70 92
223 222 75
224 15 63
225 207 84
226 127 20
227 52 31
228 145 76
229 9 63
230 132 37
231 221 9
232 25 48
233 9 12
234 148 1
235 65 97
236 146 34
237 213 40
238 5 22
239 37 37
240 11 63
241 174 94
242 136 89
243 72 39
244 72 92
245 164 61
246 250 21
247 16 78
248 173 43
249 231 82
136 31
76 437
245 946
103 234
231 457
85 518
132 782
209 806
243 161
152 202
43 3945
136 7556
123 7444
73 7014
192 4782
30 9519
161 1730
206 9083
115 3033
64 9196
500 20
1 308 50
2 1 27
3 308 42
4 2 26
5 4 80
6 2 46
7 4 22
8 2 35
9 1 97
10 1 95
11 8 57
12 9 82
13 1 71
14 10 22
15 14 70
16 9 30
17 7 9
18 15 63
19 9 12
20 1 15
21 11 63
22 308 38
23 13 52
24 10 86
25 21 16
26 18 82
27 14 42
28 19 61
29 5 56
30 3 44
31 11 12
32 16 79
33 9 84
34 3 18
35 4 16
36 27 28
37 32 77
38 12 92
39 31 81
40 27 27
41 21 98
42 40 44
43 32 21
44 308 6
45 28 15
46 30 27
47 19 54
48 35 76
49 14 51
50 9 13
51 21 95
52 19 2
53 18 93
54 11 55
55 26 2
56 35 71
57 47 88
58 35 75
59 40 84
60 31 91
61 13 96
62 17 22
63 27 95
64 31 96
65 62 10
66 23 41
67 53 16
68 53 74
69 8 20
70 54 80
71 1 73
72 50 95
73 60 78
74 21 16
75 69 88
76 9 41
77 50 48
78 1 47
79 60 98
80 64 23
81 20 21
82 54 77
83 9 75
84 82 87
85 57 73
86 54 54
87 82 56
88 49 46
89 48 20
90 83 80
91 30 2
92 82 21
93 46 71
94 16 9
95 87 31
96 53 27
97 38 37
98 89 75
99 10 97
100 80 95
101 28 57
102 37 17
103 85 58
104 58 1
105 14 34
106 8 74
107 38 97
108 56 25
109 62 58
110 72 77
111 81 13
112 46 39
113 51 19
114 99 75
115 89 21
116 47 4
117 71 39
118 116 36
119 81 91
120 7 82
121 44 73
122 121 76
123 38 96
124 83 28
125 100 6
126 7 91
127 96 97
128 107 80
129 25 58
130 123 54
131 4 84
132 83 58
133 64 42
134 95 23
135 131 31
136 7 20
137 69 84
138 69 64
139 2 89
140 73 77
141 130 53
142 133 59
143 108 82
144 63 17
145 49 86
146 106 15
147 40 60
148 24 49
149 43 99
150 5 83
151 57 76
152 134 11
153 129 74
154 83 72
155 122 85
156 77 44
157 38 47
158 97 4
159 156 88
160 66 94
161 27 30
162 118 26
163 139 27
164 46 58
165 126 8
166 52 42
167 65 64
168 2 73
169 54 30
170 41 77
171 90 5
172 19 69
173 163 75
174 28 16
175 159 36
176 132 17
177 114 12
178 45 9
179 173 93
180 173 16
181 14 44
182 10 6
183 50 12
184 308 61
185 81 90
186 64 34
187 67 86
188 86 43
189 175 92
190 164 94
191 178 90
192 70 61
193 32 66
194 14 97
195 51 5
196 124 89
197 113 81
198 77 1
199 42 19
200 59 83
201 153 52
202 118 30
203 128 92
204 2 40
205 14 71
206 121 58
207 200 3
208 168 20
209 138 30
210 119 19
211 130 25
212 161 79
213 78 59
214 116 9
215 122 9
216 96 12
217 11 61
218 111 2
219 136 21
220 185 7
221 106 9
222 125 50
223 45 17
224 125 82
225 62 86
226 139 4
227 8 23
228 14 96
229 184 99
230 90 2
231 11 75
232 29 92
233 148 82
234 21 69
235 25 54
236 20 94
237 6 32
238 231 10
239 133 75
240 54 12
241 165 39
242 189 8
243 163 59
244 176 78
245 30 91
246 28 22
247 241 65
248 137 6
249 12 85
250 156 76
251 160 40
252 150 100
253 173 75
254 243 23
255 22 61
256 102 66
257 249 75
258 3 11
259 220 11
260 237 49
261 9 51
262 38 33
263 195 94
264 11 12
265 208 54
266 75 65
267 15 88
268 96 49
269 68 14
270 61 54
271 171 84
272 227 1
273 200 72
274 159 36
275 108 21
276 194 53
277 190 14
278 104 99
279 51 89
280 47 44
281 189 12
282 267 44
283 139 5
284 168 58
285 123 47
286 204 21
287 28 65
288 206 30
289 189 51
290 186 3
291 174 46
292 116 53
293 29 18
294 123 24
295 197 62
296 80 85
297 98 29
298 45 53
299 239 73
300 16 28
301 262 83
302 145 29
303 36 2
304 240 24
305 249 28
306 134 9
307 42 22
308 400 70
309 231 82
310 77 14
311 8 55
312 181 48
313 289 87
314 248 7
315 39 28
316 203 32
317 80 58
318 147 28
319 239 42
320 3 66
321 12 9
322 3 44
323 81 37
324 3 65
325 88 41
326 109 56
327 206 88
328 166 100
329 160 58
330 44 83
331 240 85
332 262 5
333 28 85
334 25 57
335 208 49
336 109 5
337 336 33
338 137 58
339 26 65
340 329 34
341 124 31
342 245 71
343 133 5
344 286 80
345 165 56
346 127 80
347 221 91
348 2 25
349 303 11
350 5 64
351 161 65
352 102 1
353 45 86
354 70 24
355 269 79
356 275 22
357 238 58
358 321 90
359 313 43
360 184 3
361 42 53
362 68 88
363 289 8
364 34 33
365 282 4
366 233 28
367 251 86
368 20 24
369 366 75
370 218 19
371 294 1
372 35 92
373 358 20
374 46 94
375 113 80
376 19 31
377 50 58
378 191 69
379 309 27
380 373 53
381 118 94
382 112 42
383 232 8
384 269 64
385 302 23
386 238 59
387 47 95
388 164 84
389 85 74
390 288 33
391 270 8
392 263 85
393 149 36
394 131 99
395 95 27
396 51 35
397 316 69
398 92 100
399 372 70
400 411 74
401 93 12
402 129 1
403 13 80
404 40 70
405 352 15
406 365 85
407 112 45
408 128 42
409 400 98
410 7 92
411 412 39
412 454 19
413 124 4
414 309 74
415 181 100
416 294 50
417 144 19
418 76 76
419 282 77
420 331 36
421 129 49
422 198 63
423 162 48
424 338 15
425 196 31
426 308 57
427 326 44
428 167 16
429 351 43
430 76 24
431 366 13
432 30 81
433 158 57
434 224 54
435 7 53
436 377 63
437 212 67
438 295 10
439 183 97
440 10 97
441 145 36
442 266 59
443 4 4
444 405 47
445 176 28
446 153 12
447 285 88
448 117 78
449 252 91
450 184 21
451 291 43
452 312 37
453 263 61
454 458 100
455 351 20
456 299 44
457 177 2
458 489 21
459 250 12
460 348 45
461 297 79
462 257 37
463 163 40
464 140 80
465 267 1
466 107 92
467 357 99
468 347 71
469 134 2
470 91 85
471 59 28
472 95 87
473 98 90
474 236 28
475 469 1
476 465 41
477 289 11
478 384 24
479 332 24
480 157 15
481 313 70
482 253 63
483 382 36
484 236 72
485 425 71
486 367 94
487 129 27
488 334 100
489 490 20
490 494 21
491 114 43
492 27 51
493 457 33
494 495 64
495 496 16
496 497 67
497 500 98
498 343 7
499 24 45
408 285
288 581
58 379
441 810
263 67
122 937
308 927
438 137
107 953
331 968
101 1037
117 3516
447 6600
178 5313
481 5637
125 8911
88 4255
436 2024
432 1174
278 6758
750 20
1 308 50
2 308 95
3 1 27
4 3 67
5 308 97
6 4 22
7 1 36
8 1 95
9 2 59
10 5 15
11 10 11
12 4 92
13 4 30
14 9 30
15 11 61
16 13 52
17 10 86
18 14 42
19 8 83
20 12 92
21 9 40
22 1 39
23 12 79
24 14 51
25 18 15
26 4 34
27 18 93
28 11 55
29 23 41
30 8 20
31 1 73
32 3 95
33 7 46
34 1 47
35 7 60
36 20 21
37 30 2
38 31 53
39 27 80
40 37 3
41 13 24
42 14 34
43 38 97
44 308 72
45 15 82
46 7 82
47 23 56
48 34 96
49 7 91
50 25 58
51 2 89
52 49 86
53 43 99
54 28 5
55 43 71
56 25 24
57 38 47
58 55 56
59 46 58
60 54 30
61 27 90
62 19 69
63 12 62
64 23 20
65 55 84
66 10 6
67 43 73
68 11 81
69 52 62
70 37 61
71 48 80
72 34 68
73 25 16
74 31 78
75 7 6
76 28 25
77 45 17
78 62 86
79 23 14
80 52 100
81 11 75
82 29 92
83 82 94
84 12 85
85 22 61
86 3 11
87 64 68
88 61 54
89 53 90
90 51 89
91 44 66
92 17 44
93 8 23
94 82 4
95 93 17
96 53 74
97 93 91
98 45 53
99 73 88
100 33 78
101 9 42
102 77 14
103 80 58
104 93 3
105 12 9
106 87 3
107 38 15
108 105 33
109 28 85
110 107 15
111 8 26
112 36 80
113 100 68
114 14 61
115 101 83
116 45 86
117 106 69
118 58 21
119 53 42
120 68 88
121 34 33
122 75 18
123 69 94
124 120 46
125 44 13
126 19 31
127 59 27
128 19 64
129 84 11
130 308 63
131 127 51
132 92 100
133 122 70
134 102 97
135 12 29
136 102 15
137 115 85
138 112 45
139 128 42
140 7 92
141 4 81
142 59 74
143 32 77
144 81 36
145 129 49
146 88 15
147 58 57
148 94 67
149 143 76
150 45 10
151 147 10
152 47 45
153 16 59
154 4 4
155 153 12
156 35 88
157 28 52
158 41 84
159 13 61
160 20 15
161 150 51
162 47 79
163 7 37
164 17 1
165 107 99
166 134 2
167 135 59
168 95 87
169 98 90
170 132 36
171 129 27
172 54 27
173 49 53
174 19 62
175 2 84
176 171 14
177 153 7
178 53 35
179 178 96
180 167 95
181 72 67
182 31 97
183 107 1
184 144 82
185 165 76
186 53 93
187 49 33
188 5 61
189 136 82
190 64 69
191 79 26
192 51 60
193 19 18
194 52 72
195 29 23
196 77 5
197 15 58
198 51 17
199 73 56
200 193 87
201 165 87
202 130 84
203 88 32
204 86 100
205 154 97
206 192 99
207 149 38
208 191 91
209 118 30
210 184 47
211 122 56
212 85 77
213 28 51
214 143 86
215 100 55
216 10 74
217 49 86
218 180 91
219 95 67
220 9 100
221 8 46
222 156 76
223 177 76
224 86 69
225 93 68
226 145 87
227 191 14
228 112 97
229 123 64
230 147 28
231 122 1
232 30 48
233 149 78
234 139 93
235 12 18
236 77 89
237 105 80
238 4 16
239 86 94
240 66 100
241 6 47
242 204 38
243 158 77
244 50 94
245 37 64
246 120 22
247 231 10
248 174 86
249 8 3
250 244 63
251 136 35
252 243 24
253 180 84
254 53 94
255 68 69
256 151 53
257 183 9
258 38 75
259 82 38
260 83 97
261 23 83
262 31 16
263 77 13
264 84 2
265 178 84
266 196 67
267 85 82
268 83 42
269 66 62
270 162 33
271 241 63
272 10 78
273 168 22
274 174 44
275 87 100
276 112 94
277 156 15
278 208 2
279 55 92
280 132 64
281 199 93
282 221 55
283 182 61
284 230 66
285 1 89
286 176 58
287 187 83
288 46 15
289 194 43
290 63 97
291 41 62
292 160 36
293 243 24
294 32 3
295 56 28
296 50 34
297 237 32
298 279 10
299 295 18
300 187 37
301 40 91
302 5 69
303 57 85
304 268 76
305 166 13
306 210 89
307 134 33
308 485 7
309 151 11
310 276 21
311 309 22
312 258 100
313 212 8
314 144 16
315 73 48
316 94 52
317 90 96
318 115 86
319 240 46
320 152 42
321 316 45
322 284 41
323 4 87
324 283 88
325 63 5
326 313 65
327 310 46
328 17 10
329 263 12
330 257 24
331 45 8
332 285 88
333 331 58
334 263 67
335 308 27
336 287 17
337 197 100
338 178 13
339 125 11
340 255 36
341 274 32
342 174 78
343 258 95
344 166 72
345 263 77
346 76 8
347 76 51
348 43 7
349 189 30
350 201 37
351 26 98
352 260 17
353 178 76
354 275 58
355 270 93
356 255 26
357 249 97
358 292 79
359 354 82
360 113 20
361 174 69
362 250 63
363 42 66
364 30 70
365 74 84
366 69 89
367 12 31
368 260 61
369 102 66
370 363 92
371 180 92
372 1 88
373 219 36
374 220 58
375 43 65
376 156 37
377 243 27
378 178 5
379 236 8
380 6 13
381 307 72
382 145 82
383 70 34
384 382 87
385 313 1
386 142 80
387 110 86
388 380 83
389 270 95
390 373 64
391 98 40
392 193 25
393 154 14
394 246 12
395 221 70
396 344 69
397 218 52
398 261 16
399 265 92
400 291 88
401 274 45
402 122 68
403 103 53
404 63 57
405 302 85
406 117 28
407 221 9
408 111 62
409 91 64
410 91 59
411 5 33
412 311 12
413 258 54
414 123 1
415 158 22
416 339 61
417 285 38
418 142 11
419 5 10
420 411 72
421 200 76
422 131 8
423 206 73
424 213 15
425 97 20
426 98 64
427 59 70
428 383 13
429 68 80
430 199 55
431 264 85
432 148 80
433 351 38
434 389 46
435 220 10
436 293 77
437 253 53
438 14 72
439 125 72
440 202 87
441 315 58
442 372 14
443 378 86
444 101 59
445 160 6
446 42 59
447 67 78
448 322 16
449 242 59
450 222 45
451 434 19
452 174 86
453 191 85
454 7 16
455 424 15
456 382 55
457 390 80
458 48 36
459 188 26
460 434 54
461 158 53
462 74 77
463 162 19
464 316 50
465 30 33
466 303 89
467 186 57
468 356 23
469 235 47
470 405 76
471 294 21
472 99 99
473 188 47
474 298 68
475 421 40
476 367 6
477 157 65
478 418 62
479 451 30
480 450 5
481 39 28
482 335 83
483 254 49
484 402 5
485 687 51
486 23 85
487 182 20
488 123 2
489 291 44
490 120 75
491 280 9
492 86 86
493 73 12
494 76 22
495 294 71
496 282 76
497 163 64
498 302 29
499 388 58
500 356 90
501 490 86
502 437 6
503 360 37
504 139 35
505 202 33
506 167 89
507 270 98
508 387 91
509 141 70
510 53 97
511 256 2
512 201 91
513 235 95
514 287 26
515 354 92
516 369 76
517 421 82
518 500 86
519 46 20
520 352 96
521 140 96
522 170 46
523 49 95
524 180 48
525 464 46
526 272 20
527 236 20
528 330 35
529 298 59
530 375 97
531 474 99
532 492 54
533 301 31
534 161 29
535 251 11
536 479 59
537 488 95
538 357 99
539 366 56
540 344 60
541 200 29
542 351 71
543 343 90
544 467 93
545 408 25
546 241 88
547 207 39
548 141 51
549 468 97
550 292 45
551 67 34
552 459 63
553 483 3
554 228 82
555 444 90
556 448 72
557 48 42
558 216 80
559 400 61
560 267 28
561 522 95
562 518 42
563 116 98
564 102 75
565 197 18
566 130 67
567 80 2
568 498 53
569 488 51
570 371 32
571 265 69
572 448 92
573 14 20
574 530 13
575 554 37
576 249 90
577 37 10
578 544 96
579 500 5
580 326 34
581 205 62
582 114 62
583 562 43
584 204 75
585 519 57
586 47 79
587 262 38
588 37 90
589 11 21
590 178 99
591 569 98
592 231 39
593 63 4
594 291 93
595 27 75
596 327 35
597 365 48
598 393 77
599 364 69
600 591 17
601 297 54
602 111 58
603 278 59
604 366 95
605 39 31
606 414 28
607 12 52
608 47 49
609 583 27
610 172 9
611 429 74
612 366 43
613 191 19
614 535 51
615 195 70
616 361 98
617 403 54
618 343 92
619 307 58
620 190 27
621 152 41
622 13 68
623 49 14
624 424 33
625 376 37
626 72 98
627 272 38
628 323 82
629 347 37
630 446 92
631 375 70
632 392 82
633 469 84
634 28 94
635 609 91
636 271 48
637 107 16
638 292 40
639 236 34
640 295 17
641 436 71
642 627 97
643 141 92
644 242 52
645 640 81
646 586 18
647 468 24
648 209 51
649 118 87
650 233 40
651 439 16
652 43 1
653 105 13
654 58 40
655 278 8
656 636 77
657 165 61
658 123 36
659 510 98
660 237 77
661 564 64
662 93 2
663 628 72
664 193 85
665 146 12
666 394 80
667 178 40
668 70 50
669 376 56
670 584 35
671 666 83
672 499 22
673 58 68
674 604 45
675 531 79
676 201 52
677 346 67
678 346 66
679 59 85
680 615 57
681 261 49
682 244 56
683 413 58
684 313 87
685 208 86
686 496 58
687 706 16
688 584 35
689 190 95
690 484 4
691 351 20
692 606 15
693 475 65
694 646 39
695 344 21
696 6 36
697 315 9
698 130 34
699 184 37
700 633 37
701 307 79
702 155 47
703 375 84
704 245 20
705 502 7
706 739 86
707 270 10
708 17 100
709 601 96
710 403 25
711 219 12
712 157 35
713 251 74
714 635 95
715 70 68
716 672 46
717 177 36
718 448 42
719 27 55
720 139 4
721 196 38
722 246 59
723 505 48
724 465 84
725 512 14
726 226 55
727 461 77
728 322 80
729 71 100
730 622 93
731 639 90
732 530 13
733 198 28
734 16 97
735 524 47
736 410 63
737 719 69
738 162 39
739 741 30
740 170 79
741 745 62
742 482 32
743 483 90
744 232 17
745 749 96
746 360 29
747 82 92
748 482 78
749 750 76
687 686
353 122
129 666
370 930
419 19
410 18
277 425
446 995
417 70
525 729
621 2955
655 9469
672 4780
131 7260
212 4466
635 95
330 8823
169 5628
581 5946
6 5603
999 20
1 824 50
2 1 12
3 1 53
4 3 100
5 1 53
6 4 46
7 5 54
8 1 1
9 8 21
10 6 78
11 2 34
12 2 59
13 1 77
14 6 97
15 13 71
16 824 84
17 1 13
18 824 20
19 18 50
20 15 72
21 2 87
22 19 73
23 18 30
24 1 8
25 9 26
26 15 87
27 6 20
28 12 83
29 22 35
30 20 62
31 6 5
32 14 90
33 28 64
34 31 92
35 2 92
36 31 61
37 10 46
38 11 11
39 27 83
40 31 99
41 29 29
42 10 77
43 7 50
44 5 71
45 8 72
46 31 42
47 13 99
48 23 30
49 19 97
50 27 91
51 49 65
52 36 9
53 5 2
54 50 11
55 48 50
56 24 24
57 41 42
58 52 8
59 6 47
60 6 74
61 40 39
62 49 81
63 51 37
64 5 2
65 32 79
66 57 53
67 27 90
68 60 69
69 60 90
70 67 65
71 57 67
72 51 44
73 29 69
74 4 33
75 824 61
76 4 82
77 27 60
78 51 80
79 41 100
80 74 43
81 72 86
82 65 80
83 58 85
84 72 88
85 53 50
86 34 86
87 77 20
88 26 95
89 18 100
90 69 21
91 57 44
92 22 73
93 11 2
94 87 86
95 94 63
96 92 68
97 82 53
98 19 95
99 29 83
100 42 12
101 93 15
102 76 33
103 69 33
104 15 60
105 38 62
106 6 15
107 19 2
108 49 82
109 20 21
110 104 66
111 15 51
112 79 90
113 56 58
114 824 90
115 96 24
116 59 28
117 101 50
118 6 35
119 99 22
120 72 37
121 40 44
122 98 27
123 8 66
124 113 63
125 51 57
126 32 85
127 59 17
128 2 11
129 12 55
130 127 32
131 127 17
132 110 77
133 121 8
134 51 89
135 78 1
136 110 97
137 100 42
138 42 82
139 24 9
140 29 83
141 5 28
142 101 48
143 118 88
144 3 24
145 14 70
146 46 10
147 66 95
148 37 25
149 10 14
150 66 16
151 111 41
152 86 39
153 101 85
154 84 62
155 85 59
156 35 73
157 55 38
158 34 92
159 53 37
160 51 88
161 155 56
162 4 24
163 116 13
164 83 23
165 4 55
166 102 44
167 2 72
168 140 2
169 16 92
170 42 14
171 150 78
172 66 51
173 86 10
174 84 59
175 64 78
176 71 34
177 136 74
178 73 32
179 13 33
180 105 40
181 168 36
182 165 8
183 172 70
184 8 24
185 138 36
186 137 23
187 139 5
188 91 1
189 55 89
190 178 35
191 190 54
192 158 37
193 32 73
194 126 75
195 133 12
196 63 3
197 119 61
198 109 58
199 183 91
200 182 90
201 44 6
202 63 37
203 75 52
204 84 67
205 50 36
206 12 98
207 107 97
208 67 2
209 28 95
210 184 75
211 137 54
212 26 86
213 22 20
214 52 27
215 206 20
216 110 80
217 78 48
218 89 40
219 156 29
220 57 99
221 190 1
222 134 53
223 126 25
224 177 6
225 194 68
226 177 17
227 114 20
228 40 72
229 21 42
230 129 80
231 213 100
232 57 95
233 68 42
234 133 75
235 209 2
236 190 38
237 203 32
238 178 98
239 197 20
240 66 90
241 109 10
242 223 100
243 59 34
244 93 23
245 91 43
246 82 86
247 225 75
248 21 97
249 208 38
250 209 21
251 30 75
252 113 48
253 195 77
254 156 17
255 60 78
256 182 66
257 113 39
258 48 28
259 246 52
260 110 19
261 136 51
262 9 11
263 69 13
264 91 33
265 137 37
266 141 46
267 120 25
268 35 19
269 10 78
270 121 69
271 75 21
272 96 7
273 162 36
274 20 36
275 186 92
276 274 90
277 124 18
278 191 30
279 125 51
280 274 87
281 92 40
282 19 1
283 132 13
284 181 40
285 283 86
286 246 98
287 54 14
288 147 43
289 241 85
290 212 12
291 286 40
292 190 56
293 99 83
294 247 8
295 235 45
296 234 52
297 161 85
298 36 57
299 162 49
300 16 56
301 270 58
302 244 58
303 37 72
304 258 6
305 299 34
306 38 84
307 288 20
308 66 96
309 7 50
310 210 83
311 110 20
312 173 20
313 267 53
314 107 21
315 97 75
316 159 60
317 44 20
318 65 28
319 262 67
320 146 2
321 67 13
322 258 89
323 42 70
324 180 65
325 97 96
326 288 57
327 218 74
328 202 72
329 111 36
330 159 46
331 70 48
332 8 62
333 22 26
334 236 77
335 16 71
336 56 22
337 28 38
338 83 13
339 164 60
340 244 69
341 262 62
342 180 30
343 289 10
344 153 41
345 208 19
346 155 65
347 52 81
348 164 44
349 158 96
350 130 8
351 64 34
352 307 46
353 244 75
354 223 31
355 154 5
356 286 64
357 10 52
358 19 27
359 169 64
360 342 9
361 285 27
362 269 25
363 144 23
364 50 83
365 85 44
366 271 8
367 47 47
368 313 31
369 202 15
370 169 25
371 195 18
372 90 60
373 349 65
374 293 35
375 351 73
376 31 88
377 367 54
378 125 70
379 254 63
380 283 17
381 48 53
382 237 14
383 182 54
384 184 98
385 39 77
386 64 10
387 206 57
388 11 99
389 85 87
390 110 95
391 253 83
392 97 9
393 200 49
394 153 60
395 292 82
396 287 78
397 341 13
398 262 13
399 379 70
400 18 11
401 136 38
402 274 90
403 7 80
404 394 95
405 61 30
406 365 74
407 196 22
408 311 56
409 120 29
410 408 15
411 331 5
412 94 18
413 35 15
414 407 76
415 315 75
416 131 37
417 248 73
418 82 4
419 322 99
420 38 19
421 67 53
422 144 47
423 218 96
424 237 65
425 65 93
426 405 86
427 824 51
428 342 58
429 28 65
430 379 79
431 40 8
432 127 11
433 278 40
434 368 84
435 235 41
436 87 82
437 13 29
438 347 27
439 270 77
440 168 57
441 278 54
442 422 61
443 280 31
444 232 35
445 395 41
446 307 60
447 103 26
448 361 20
449 185 11
450 13 47
451 114 72
452 262 11
453 450 86
454 270 54
455 21 64
456 227 10
457 7 98
458 321 68
459 355 62
460 411 36
461 353 54
462 225 84
463 4 66
464 356 5
465 242 87
466 212 32
467 33 70
468 414 93
469 19 73
470 138 46
471 397 62
472 448 32
473 275 11
474 8 33
475 61 24
476 1 29
477 254 10
478 31 47
479 280 48
480 377 5
481 358 95
482 472 33
483 319 55
484 273 67
485 346 20
486 167 95
487 285 26
488 145 69
489 231 15
490 95 39
491 141 93
492 228 44
493 78 27
494 80 70
495 321 42
496 299 85
497 445 7
498 268 11
499 411 14
500 228 15
501 412 43
502 106 94
503 399 9
504 58 17
505 331 81
506 369 13
507 221 42
508 134 34
509 398 74
510 223 10
511 445 6
512 59 53
513 61 87
514 268 12
515 394 14
516 482 85
517 2 44
518 173 57
519 470 63
520 67 93
521 316 64
522 390 76
523 293 41
524 60 89
525 393 60
526 209 11
527 39 50
528 247 92
529 511 40
530 208 59
531 383 69
532 169 56
533 332 95
534 516 27
535 476 85
536 274 78
537 512 51
538 404 94
539 445 29
540 86 2
541 350 94
542 430 33
543 73 46
544 72 52
545 231 34
546 129 96
547 166 74
548 291 49
549 68 50
550 135 88
551 255 74
552 508 24
553 52 15
554 25 40
555 139 61
556 180 68
557 168 80
558 353 11
559 558 82
560 100 35
561 537 24
562 533 6
563 114 27
564 401 34
565 543 73
566 153 92
567 22 43
568 394 61
569 472 77
570 199 85
571 535 8
572 458 25
573 95 78
574 538 33
575 512 58
576 309 83
577 410 97
578 239 10
579 29 67
580 56 38
581 211 63
582 138 2
583 118 29
584 548 66
585 339 55
586 244 73
587 215 9
588 48 97
589 231 52
590 482 44
591 101 84
592 319 80
593 518 54
594 42 28
595 24 41
596 115 86
597 229 64
598 225 11
599 282 23
600 263 73
601 249 57
602 340 17
603 259 75
604 124 67
605 515 77
606 293 72
607 566 61
608 328 57
609 70 56
610 246 58
611 251 36
612 212 62
613 277 59
614 403 62
615 450 95
616 235 18
617 350 63
618 170 90
619 13 84
620 241 65
621 575 39
622 326 56
623 97 1
624 544 96
625 551 29
626 571 38
627 476 29
628 477 34
629 399 35
630 270 66
631 246 40
632 345 24
633 632 6
634 24 59
635 227 26
636 249 16
637 367 3
638 257 62
639 558 1
640 540 17
641 5 48
642 303 6
643 29 48
644 556 67
645 571 30
646 238 62
647 83 5
648 153 45
649 546 15
650 131 76
651 399 40
652 333 84
653 573 85
654 201 100
655 556 19
656 514 19
657 513 39
658 599 12
659 5 37
660 271 26
661 121 10
662 455 24
663 641 66
664 34 66
665 335 13
666 596 76
667 118 84
668 231 48
669 341 29
670 571 7
671 545 23
672 536 70
673 488 14
674 90 92
675 240 14
676 609 47
677 179 8
678 21 59
679 573 10
680 247 57
681 27 69
682 319 70
683 47 18
684 60 99
685 108 74
686 109 68
687 21 89
688 505 38
689 649 29
690 648 64
691 557 85
692 108 46
693 188 13
694 609 100
695 588 9
696 583 7
697 202 93
698 219 24
699 397 88
700 145 24
701 507 65
702 419 21
703 194 31
704 270 94
705 692 69
706 188 70
707 696 44
708 185 80
709 452 11
710 698 61
711 648 44
712 622 36
713 552 91
714 184 67
715 235 34
716 639 95
717 11 98
718 570 60
719 684 27
720 105 28
721 34 51
722 141 49
723 594 76
724 116 80
725 387 64
726 156 51
727 478 48
728 53 15
729 110 35
730 339 4
731 625 13
732 602 59
733 304 23
734 354 50
735 149 58
736 647 95
737 226 49
738 604 23
739 112 23
740 425 9
741 277 32
742 187 88
743 102 28
744 261 77
745 18 12
746 387 56
747 684 69
748 642 49
749 509 52
750 653 93
751 424 64
752 689 49
753 329 79
754 150 44
755 18 17
756 737 97
757 18 43
758 532 82
759 4 46
760 640 92
761 71 8
762 347 34
763 760 3
764 250 33
765 107 66
766 533 98
767 12 55
768 669 12
769 325 91
770 317 64
771 616 41
772 407 68
773 29 20
774 276 18
775 606 98
776 412 96
777 598 55
778 745 5
779 765 6
780 712 10
781 726 71
782 716 65
783 168 40
784 471 91
785 564 64
786 435 11
787 262 8
788 342 5
789 479 78
790 681 52
791 688 58
792 431 76
793 455 96
794 36 19
795 68 63
796 361 53
797 729 68
798 261 24
799 282 92
800 568 33
801 90 7
802 472 70
803 181 22
804 382 68
805 739 25
806 677 85
807 456 100
808 70 87
809 727 3
810 108 79
811 8 20
812 372 69
813 731 18
814 355 25
815 182 95
816 126 70
817 87 29
818 162 55
819 703 69
820 312 80
821 635 60
822 416 95
823 459 23
824 894 3
825 757 66
826 597 99
827 231 78
828 117 43
829 380 34
830 115 47
831 512 93
832 161 57
833 380 87
834 139 31
835 466 96
836 629 87
837 114 33
838 746 57
839 145 89
840 638 35
841 121 12
842 323 34
843 368 71
844 210 92
845 769 22
846 822 31
847 544 24
848 248 89
849 80 44
850 431 20
851 706 52
852 310 82
853 556 97
854 384 45
855 486 5
856 55 45
857 520 84
858 116 74
859 518 47
860 285 32
861 585 45
862 99 3
863 252 58
864 89 4
865 210 70
866 496 100
867 10 77
868 495 49
869 239 79
870 799 41
871 694 40
872 829 95
873 748 97
874 364 41
875 490 17
876 298 29
877 362 72
878 377 94
879 695 13
880 502 2
881 664 6
882 520 12
883 214 65
884 855 6
885 579 94
886 636 21
887 843 16
888 416 15
889 213 73
890 114 10
891 176 76
892 85 72
893 739 16
894 930 94
895 59 75
896 105 13
897 887 57
898 627 46
899 612 79
900 162 68
901 812 67
902 139 42
903 38 32
904 481 34
905 614 99
906 54 18
907 824 7
908 224 91
909 362 33
910 290 72
911 325 33
912 316 20
913 163 54
914 325 68
915 722 67
916 17 28
917 83 95
918 502 74
919 649 80
920 341 87
921 450 64
922 810 3
923 431 60
924 598 9
925 593 41
926 827 8
927 759 85
928 439 95
929 308 94
930 946 85
931 749 8
932 824 55
933 588 28
934 463 70
935 160 77
936 914 23
937 25 90
938 167 75
939 103 82
940 634 57
941 210 55
942 511 46
943 588 70
944 255 88
945 600 10
946 950 62
947 756 4
948 462 28
949 947 70
950 999 32
951 675 75
952 852 36
953 787 14
954 106 71
955 146 17
956 8 13
957 23 70
958 930 24
959 441 85
960 360 36
961 124 76
962 638 72
963 21 26
964 355 93
965 665 21
966 805 39
967 507 46
968 865 17
969 432 46
970 456 91
971 22 51
972 165 5
973 899 5
974 555 19
975 407 21
976 429 24
977 675 87
978 110 7
979 747 18
980 368 64
981 525 89
982 54 80
983 9 93
984 805 76
985 427 27
986 17 18
987 872 8
988 132 27
989 843 70
990 318 70
991 443 27
992 843 42
993 61 11
994 285 14
995 564 79
996 810 79
997 359 79
998 257 75
876 63
615 652
257 953
235 245
267 674
714 232
713 656
241 393
198 584
406 490
962 2808
514 5287
497 9741
453 535
369 5024
953 4540
344 2533
899 9181
18 7333
899 6406
1000 20
1 808 50
2 1 27
3 1 97
4 1 95
5 1 71
6 1 15
7 808 38
8 7 82
9 7 91
10 5 83
11 2 40
12 11 61
13 7 6
14 11 75
15 6 12
16 3 11
17 9 51
18 11 12
19 14 29
20 5 68
21 9 42
22 12 9
23 3 65
24 20 24
25 12 29
26 7 92
27 4 81
28 808 57
29 16 51
30 13 30
31 7 53
32 10 97
33 4 4
34 20 99
35 2 91
36 27 51
37 12 69
38 19 18
39 31 22
40 23 100
41 15 58
42 17 71
43 22 29
44 37 80
45 32 12
46 28 2
47 38 50
48 10 38
49 15 34
50 27 41
51 44 87
52 46 15
53 29 10
54 5 69
55 18 76
56 4 84
57 46 17
58 32 13
59 12 57
60 58 79
61 808 27
62 37 17
63 24 32
64 13 77
65 30 1
66 4 16
67 32 76
68 25 58
69 42 79
70 30 70
71 12 31
72 33 48
73 1 88
74 36 11
75 70 34
76 72 82
77 63 1
78 20 95
79 66 98
80 12 21
81 24 45
82 68 53
83 63 52
84 28 18
85 15 73
86 22 39
87 35 38
88 72 37
89 8 56
90 8 24
91 63 13
92 15 39
93 13 68
94 3 53
95 14 72
96 65 58
97 67 78
98 28 62
99 29 7
100 15 32
101 48 36
102 60 34
103 94 91
104 34 36
105 23 85
106 86 23
107 79 88
108 3 76
109 49 88
110 91 6
111 90 6
112 106 24
113 88 87
114 26 54
115 82 100
116 86 96
117 20 86
118 80 35
119 48 59
120 59 88
121 56 23
122 101 71
123 66 93
124 88 6
125 67 20
126 48 42
127 95 18
128 42 96
129 98 75
130 80 2
131 53 38
132 15 69
133 110 44
134 76 34
135 62 43
136 57 97
137 63 4
138 41 93
139 91 17
140 54 61
141 131 14
142 12 52
143 47 49
144 127 72
145 109 79
146 57 58
147 27 59
148 13 68
149 37 72
150 98 55
151 142 22
152 138 73
153 42 40
154 134 95
155 141 92
156 86 18
157 151 68
158 1 5
159 123 36
160 98 94
161 64 43
162 112 94
163 31 79
164 52 96
165 59 85
166 11 49
167 163 58
168 63 87
169 97 7
170 94 54
171 139 81
172 35 48
173 101 20
174 115 75
175 6 36
176 130 34
177 125 84
178 20 93
179 81 21
180 175 98
181 115 20
182 77 89
183 172 46
184 177 36
185 142 77
186 38 46
187 5 48
188 72 80
189 71 100
190 16 97
191 24 47
192 160 63
193 169 12
194 110 68
195 170 79
196 2 90
197 41 50
198 115 76
199 121 81
200 189 79
201 184 8
202 10 34
203 26 46
204 52 69
205 141 52
206 64 25
207 98 49
208 127 9
209 155 89
210 46 92
211 120 69
212 90 49
213 208 27
214 196 47
215 116 5
216 125 94
217 63 14
218 160 64
219 208 83
220 159 88
221 170 88
222 50 17
223 42 53
224 38 85
225 188 44
226 150 37
227 183 77
228 169 47
229 70 84
230 118 95
231 62 82
232 217 45
233 96 60
234 92 82
235 13 39
236 52 51
237 138 21
238 90 30
239 49 95
240 189 4
241 130 70
242 234 74
243 15 85
244 222 71
245 83 15
246 229 49
247 205 48
248 215 37
249 221 76
250 175 17
251 137 53
252 65 99
253 808 61
254 3 77
255 47 21
256 202 65
257 97 32
258 55 51
259 58 52
260 259 79
261 179 8
262 168 22
263 79 11
264 141 18
265 96 82
266 54 20
267 107 87
268 27 64
269 163 54
270 168 61
271 183 1
272 141 13
273 126 35
274 146 11
275 21 31
276 122 98
277 54 82
278 21 12
279 110 65
280 262 58
281 36 46
282 113 41
283 135 66
284 205 84
285 201 87
286 132 60
287 230 70
288 72 46
289 133 80
290 242 46
291 48 27
292 259 4
293 242 11
294 192 57
295 238 14
296 114 33
297 291 73
298 107 15
299 68 39
300 161 70
301 272 67
302 285 13
303 126 62
304 120 7
305 41 97
306 160 11
307 43 15
308 297 43
309 45 65
310 292 17
311 113 62
312 234 59
313 17 4
314 110 40
315 64 27
316 89 85
317 100 12
318 14 41
319 253 43
320 102 38
321 41 26
322 244 44
323 257 75
324 63 59
325 30 23
326 65 64
327 76 86
328 124 89
329 296 60
330 196 11
331 134 47
332 50 37
333 292 69
334 40 81
335 64 8
336 141 76
337 69 61
338 156 54
339 245 69
340 127 27
341 78 15
342 169 51
343 339 5
344 227 94
345 63 59
346 17 42
347 34 74
348 296 96
349 282 49
350 16 50
351 223 88
352 66 24
353 237 9
354 253 18
355 40 35
356 87 68
357 82 80
358 11 1
359 335 80
360 139 6
361 327 80
362 95 98
363 173 72
364 192 53
365 43 13
366 25 77
367 133 71
368 110 28
369 157 99
370 163 61
371 56 29
372 121 66
373 155 58
374 327 9
375 296 97
376 102 85
377 144 65
378 164 80
379 261 54
380 141 61
381 11 64
382 233 11
383 128 85
384 104 23
385 15 88
386 147 77
387 117 5
388 375 29
389 139 23
390 277 85
391 172 80
392 61 97
393 357 74
394 25 58
395 64 74
396 344 36
397 136 59
398 83 35
399 382 62
400 232 18
401 247 97
402 163 76
403 390 44
404 244 84
405 218 65
406 221 56
407 321 1
408 351 96
409 318 42
410 129 86
411 138 13
412 29 30
413 134 72
414 379 35
415 231 53
416 366 49
417 410 84
418 159 27
419 126 58
420 128 22
421 201 89
422 252 94
423 248 10
424 292 97
425 167 19
426 260 19
427 30 3
428 426 62
429 359 45
430 300 15
431 240 9
432 84 52
433 396 80
434 424 91
435 119 55
436 14 41
437 12 11
438 337 43
439 174 82
440 41 26
441 10 78
442 411 66
443 326 66
444 13 70
445 208 84
446 147 48
447 365 75
448 317 7
449 312 23
450 170 41
451 414 33
452 292 41
453 391 14
454 447 17
455 408 52
456 421 10
457 321 57
458 201 69
459 296 41
460 390 46
461 206 41
462 398 74
463 268 86
464 189 99
465 23 38
466 284 29
467 164 59
468 113 48
469 251 9
470 377 7
471 94 93
472 54 51
473 388 26
474 39 24
475 164 65
476 249 86
477 264 21
478 431 1
479 394 69
480 270 4
481 380 39
482 347 44
483 367 79
484 34 88
485 288 95
486 92 98
487 460 32
488 184 27
489 201 28
490 151 28
491 449 23
492 486 80
493 64 7
494 402 48
495 229 74
496 235 81
497 375 62
498 66 59
499 150 80
500 50 50
501 158 12
502 195 35
503 249 34
504 323 61
505 223 14
506 109 82
507 247 32
508 296 98
509 388 25
510 493 18
511 277 68
512 212 98
513 356 3
514 224 49
515 252 69
516 393 69
517 145 49
518 444 81
519 444 59
520 17 15
521 234 97
522 375 43
523 282 32
524 246 1
525 392 21
526 508 73
527 334 30
528 303 82
529 366 39
530 255 41
531 512 19
532 391 10
533 85 64
534 441 24
535 399 18
536 158 98
537 335 55
538 245 5
539 271 6
540 15 37
541 171 34
542 165 70
543 140 29
544 543 64
545 418 11
546 208 25
547 205 37
548 511 88
549 252 11
550 222 56
551 496 55
552 19 71
553 392 68
554 272 89
555 424 64
556 323 92
557 233 94
558 222 95
559 219 37
560 120 85
561 235 46
562 500 76
563 187 86
564 103 22
565 19 60
566 18 27
567 425 96
568 70 75
569 121 55
570 469 22
571 260 62
572 466 35
573 95 30
574 81 46
575 256 3
576 76 66
577 137 95
578 394 78
579 343 45
580 234 70
581 9 82
582 209 6
583 228 31
584 293 96
585 317 87
586 278 33
587 73 57
588 545 89
589 289 35
590 138 58
591 534 77
592 271 11
593 252 22
594 24 76
595 589 28
596 444 1
597 320 18
598 152 80
599 504 82
600 297 11
601 345 4
602 5 88
603 245 36
604 384 82
605 374 62
606 435 45
607 492 3
608 63 58
609 82 4
610 166 70
611 220 100
612 263 77
613 197 49
614 309 79
615 310 41
616 268 40
617 240 95
618 403 41
619 543 17
620 88 29
621 330 72
622 489 13
623 107 2
624 261 6
625 409 12
626 106 27
627 394 4
628 326 16
629 52 15
630 447 73
631 545 10
632 494 76
633 384 72
634 616 92
635 594 96
636 196 13
637 47 46
638 467 79
639 326 68
640 279 67
641 261 42
642 413 32
643 491 34
644 476 99
645 18 65
646 507 36
647 70 33
648 43 67
649 72 90
650 433 77
651 220 9
652 54 17
653 568 26
654 567 85
655 328 34
656 95 66
657 447 80
658 342 94
659 187 100
660 364 94
661 5 60
662 148 9
663 451 41
664 485 13
665 195 34
666 94 3
667 154 100
668 511 85
669 574 8
670 99 55
671 291 28
672 219 70
673 236 23
674 490 6
675 575 46
676 382 88
677 364 94
678 55 50
679 335 70
680 368 88
681 268 10
682 463 98
683 109 3
684 155 55
685 45 62
686 526 4
687 506 28
688 370 69
689 45 71
690 279 62
691 202 46
692 461 1
693 65 56
694 37 45
695 138 47
696 484 75
697 165 36
698 51 14
699 330 71
700 617 100
701 613 58
702 370 58
703 424 73
704 363 36
705 284 76
706 372 65
707 93 9
708 21 63
709 534 46
710 4 17
711 24 46
712 420 91
713 259 51
714 163 5
715 205 17
716 119 45
717 196 24
718 296 87
719 678 18
720 387 64
721 189 64
722 280 74
723 705 76
724 238 27
725 287 18
726 95 8
727 576 27
728 609 70
729 470 72
730 287 42
731 670 11
732 546 14
733 108 79
734 629 79
735 646 79
736 723 75
737 451 63
738 637 52
739 245 19
740 674 71
741 232 4
742 656 49
743 393 86
744 584 95
745 490 90
746 808 62
747 287 52
748 741 59
749 535 95
750 24 62
751 540 75
752 533 2
753 181 92
754 333 92
755 406 40
756 512 44
757 57 24
758 290 25
759 182 61
760 506 76
761 171 39
762 293 31
763 53 29
764 556 7
765 252 77
766 242 24
767 618 57
768 421 38
769 420 17
770 249 40
771 232 26
772 657 12
773 424 10
774 485 4
775 259 7
776 769 57
777 67 23
778 110 25
779 680 65
780 21 39
781 261 76
782 398 64
783 229 64
784 712 9
785 10 33
786 532 49
787 18 6
788 288 87
789 372 87
790 547 59
791 220 20
792 17 58
793 100 94
794 61 76
795 221 32
796 550 74
797 438 77
798 35 81
799 329 90
800 453 71
801 456 44
802 244 60
803 517 35
804 162 18
805 359 46
806 799 91
807 246 10
808 857 71
809 573 74
810 512 83
811 271 18
812 306 21
813 147 64
814 808 18
815 106 68
816 616 69
817 580 78
818 143 28
819 592 92
820 630 50
821 720 82
822 669 6
823 758 66
824 354 63
825 1 31
826 70 88
827 107 48
828 143 52
829 33 91
830 754 16
831 145 5
832 21 82
833 580 53
834 741 51
835 166 42
836 139 37
837 434 28
838 503 24
839 119 17
840 341 90
841 682 84
842 589 80
843 255 74
844 8 6
845 372 12
846 570 79
847 575 14
848 11 85
849 198 88
850 213 15
851 77 7
852 715 49
853 274 15
854 39 47
855 412 19
856 348 35
857 909 22
858 475 28
859 118 26
860 260 6
861 570 56
862 475 65
863 552 85
864 510 96
865 720 56
866 280 72
867 350 87
868 549 100
869 414 65
870 472 51
871 527 15
872 562 72
873 588 50
874 409 97
875 310 20
876 90 2
877 491 35
878 822 63
879 602 86
880 622 59
881 373 88
882 817 50
883 799 19
884 444 19
885 169 84
886 48 3
887 283 15
888 101 16
889 348 35
890 45 76
891 778 84
892 909 82
893 206 93
894 641 52
895 548 97
896 648 17
897 800 45
898 175 90
899 839 90
900 804 25
901 676 2
902 635 24
903 296 61
904 273 46
905 810 69
906 509 49
907 289 66
908 745 50
909 955 69
910 647 53
911 636 19
912 381 54
913 757 52
914 47 53
915 275 95
916 184 17
917 425 91
918 344 13
919 24 27
920 282 20
921 563 8
922 114 19
923 631 84
924 916 49
925 159 49
926 856 17
927 734 39
928 890 16
929 193 2
930 45 48
931 242 68
932 258 8
933 112 24
934 352 98
935 623 54
936 10 59
937 589 11
938 763 56
939 349 78
940 875 15
941 922 8
942 399 25
943 892 14
944 565 95
945 833 1
946 48 4
947 401 31
948 346 45
949 815 67
950 667 93
951 327 67
952 85 20
953 97 90
954 548 27
955 990 40
956 48 62
957 772 18
958 508 52
959 853 83
960 656 70
961 757 10
962 955 29
963 672 41
964 669 84
965 159 30
966 876 93
967 565 53
968 695 11
969 450 20
970 879 29
971 60 32
972 807 96
973 203 69
974 485 37
975 81 61
976 721 17
977 847 28
978 657 81
979 599 68
980 677 100
981 857 80
982 927 13
983 159 45
984 708 84
985 6 49
986 337 62
987 272 62
988 901 18
989 971 40
990 997 50
991 117 41
992 537 53
993 174 85
994 635 7
995 71 1
996 205 8
997 999 2
998 475 84
999 1000 80
943 970
33 513
907 949
252 965
774 885
897 887
728 145
725 215
268 200
469 136
595 9007
692 1021
211 2389
961 7294
158 8852
730 2264
632 2462
262 5280
507 9172
389 4728
1250 20
1 558 50
2 558 17
3 558 77
4 1 27
5 2 41
6 5 41
7 2 35
8 5 22
9 5 56
10 6 60
11 8 20
12 5 69
13 1 47
14 7 60
15 13 24
16 8 74
17 558 72
18 7 39
19 17 63
20 16 62
21 558 61
22 14 97
23 8 23
24 21 69
25 2 28
26 16 59
27 3 89
28 20 24
29 19 31
30 24 88
31 20 8
32 13 85
33 7 92
34 27 31
35 16 51
36 13 30
37 7 53
38 16 59
39 20 15
40 27 51
41 32 15
42 19 65
43 17 71
44 22 29
45 20 59
46 19 93
47 12 18
48 28 2
49 37 64
50 16 77
51 10 38
52 38 75
53 47 82
54 15 34
55 2 48
56 10 78
57 56 83
58 56 28
59 41 15
60 46 17
61 12 57
62 58 79
63 13 67
64 58 27
65 43 7
66 47 71
67 27 83
68 58 93
69 58 6
70 66 98
71 12 21
72 70 44
73 69 68
74 15 92
75 39 22
76 51 17
77 11 82
78 38 83
79 20 33
80 68 80
81 14 85
82 3 53
83 22 75
84 65 58
85 28 62
86 60 34
87 7 6
88 44 21
89 39 28
90 51 23
91 41 44
92 86 86
93 79 88
94 44 71
95 6 90
96 48 88
97 89 87
98 77 72
99 59 88
100 10 50
101 88 6
102 70 33
103 100 48
104 11 67
105 95 18
106 102 75
107 80 2
108 69 98
109 30 13
110 37 99
111 37 10
112 46 100
113 12 64
114 29 12
115 38 37
116 27 75
117 83 27
118 20 11
119 104 61
120 93 92
121 73 82
122 20 42
123 21 48
124 42 40
125 45 17
126 70 50
127 126 56
128 85 66
129 31 79
130 96 66
131 57 94
132 35 48
133 59 30
134 57 89
135 121 82
136 44 39
137 115 20
138 117 2
139 34 13
140 110 67
141 74 85
142 139 4
143 5 48
144 12 14
145 105 61
146 27 72
147 93 89
148 140 38
149 147 60
150 110 68
151 30 70
152 29 10
153 40 67
154 71 65
155 46 84
156 26 46
157 114 40
158 36 72
159 98 49
160 15 27
161 39 46
162 149 83
163 1 15
164 64 96
165 68 31
166 91 20
167 123 59
168 104 85
169 17 42
170 10 69
171 47 76
172 49 55
173 52 51
174 4 90
175 4 34
176 120 34
177 65 92
178 40 19
179 161 12
180 123 3
181 77 47
182 136 70
183 107 87
184 47 71
185 132 64
186 122 21
187 111 68
188 7 68
189 60 62
190 113 41
191 141 93
192 123 57
193 149 62
194 172 11
195 30 24
196 120 29
197 94 54
198 187 48
199 127 7
200 108 49
201 60 69
202 127 35
203 66 72
204 90 85
205 41 97
206 160 11
207 64 68
208 65 97
209 65 9
210 124 81
211 8 24
212 186 10
213 48 89
214 85 14
215 3 43
216 135 2
217 41 26
218 94 57
219 25 35
220 63 59
221 86 41
222 165 96
223 210 100
224 37 92
225 64 8
226 141 76
227 156 54
228 195 45
229 140 85
230 89 5
231 227 94
232 142 17
233 34 74
234 124 82
235 51 16
236 124 66
237 165 34
238 87 68
239 1 8
240 132 30
241 85 80
242 77 80
243 53 43
244 145 77
245 3 18
246 158 97
247 157 99
248 2 38
249 11 2
250 104 55
251 159 1
252 15 84
253 164 80
254 141 61
255 15 88
256 9 17
257 5 20
258 125 29
259 172 80
260 124 56
261 236 44
262 209 83
263 112 74
264 223 95
265 84 32
266 218 20
267 197 63
268 144 44
269 34 21
270 218 65
271 189 87
272 101 96
273 138 13
274 29 30
275 103 34
276 237 79
277 99 40
278 26 24
279 206 43
280 122 25
281 42 97
282 19 30
283 31 59
284 50 15
285 126 38
286 55 100
287 119 55
288 193 12
289 174 82
290 41 26
291 266 14
292 147 48
293 191 91
294 260 47
295 275 90
296 199 98
297 268 86
298 49 81
299 23 38
300 284 29
301 9 43
302 285 41
303 127 7
304 277 94
305 304 51
306 39 24
307 165 59
308 249 86
309 251 94
310 119 5
311 254 44
312 255 36
313 130 91
314 117 79
315 34 88
316 92 98
317 181 60
318 182 84
319 151 28
320 23 38
321 76 64
322 258 82
323 212 95
324 184 23
325 182 47
326 282 96
327 78 93
328 277 68
329 298 56
330 303 19
331 319 24
332 2 69
333 119 64
334 145 49
335 142 21
336 258 73
337 262 19
338 210 85
339 264 51
340 324 68
341 149 18
342 330 96
343 264 35
344 271 6
345 140 29
346 128 58
347 338 85
348 315 76
349 246 55
350 89 24
351 114 23
352 344 7
353 135 35
354 250 76
355 353 22
356 180 69
357 269 60
358 268 27
359 175 96
360 167 70
361 229 21
362 95 30
363 73 19
364 331 46
365 266 37
366 95 99
367 144 78
368 234 70
369 247 9
370 143 9
371 228 31
372 43 96
373 67 87
374 278 33
375 323 57
376 61 92
377 2 22
378 326 89
379 1 20
380 68 52
381 230 4
382 249 97
383 111 45
384 154 5
385 189 32
386 95 92
387 303 63
388 82 4
389 327 97
390 41 28
391 18 40
392 197 3
393 338 29
394 72 85
395 244 84
396 357 2
397 6 9
398 394 4
399 197 73
400 122 60
401 116 92
402 94 96
403 357 47
404 396 67
405 384 76
406 7 36
407 83 43
408 318 26
409 335 28
410 34 11
411 95 66
412 294 87
413 50 64
414 153 5
415 148 9
416 91 5
417 350 11
418 235 74
419 108 99
420 155 91
421 78 19
422 73 5
423 256 75
424 38 57
425 305 50
426 246 35
427 368 88
428 10 63
429 109 3
430 262 26
431 278 44
432 69 76
433 51 58
434 145 38
435 234 75
436 236 51
437 80 71
438 367 100
439 258 24
440 373 85
441 34 76
442 372 65
443 76 64
444 343 9
445 284 46
446 367 24
447 441 59
448 205 5
449 417 19
450 374 96
451 229 7
452 418 87
453 214 57
454 30 74
455 243 5
456 126 38
457 345 8
458 76 27
459 109 70
460 220 72
461 61 46
462 379 79
463 223 75
464 313 37
465 152 42
466 203 88
467 174 71
468 232 4
469 156 49
470 393 86
471 84 95
472 240 90
473 308 62
474 287 52
475 445 24
476 62 40
477 375 33
478 431 92
479 156 40
480 124 90
481 275 14
482 160 82
483 296 93
484 131 68
485 79 56
486 129 42
487 424 18
488 7 61
489 421 38
490 408 20
491 482 26
492 269 57
493 67 23
494 110 10
495 180 65
496 271 39
497 426 98
498 114 29
499 414 12
500 309 10
501 282 49
502 18 6
503 337 72
504 220 20
505 100 94
506 333 61
507 226 21
508 132 50
509 438 77
510 285 81
511 140 53
512 456 44
513 118 3
514 360 77
515 466 90
516 422 58
517 107 71
518 68 6
519 325 3
520 218 16
521 269 100
522 80 78
523 92 92
524 380 50
525 32 69
526 256 58
527 416 54
528 463 1
529 348 43
530 302 33
531 41 54
532 16 45
533 271 82
534 80 53
535 416 42
536 378 3
537 192 89
538 505 74
539 356 72
540 320 79
541 393 75
542 64 11
543 85 98
544 327 7
545 249 74
546 39 47
547 169 48
548 391 6
549 342 37
550 548 9
551 478 18
552 189 70
553 265 52
554 435 10
555 46 20
556 530 72
557 150 92
558 882 14
559 15 72
560 65 62
561 450 9
562 90 2
563 435 22
564 436 22
565 359 73
566 49 19
567 194 19
568 156 69
569 66 48
570 535 45
571 526 78
572 84 9
573 332 6
574 52 48
575 50 45
576 140 39
577 54 25
578 176 2
579 523 46
580 310 69
581 509 49
582 466 45
583 353 34
584 166 68
585 54 55
586 216 47
587 203 36
588 69 81
589 504 57
590 297 53
591 545 53
592 434 17
593 491 44
594 274 27
595 32 20
596 63 8
597 114 19
598 484 16
599 299 59
600 106 17
601 45 48
602 74 52
603 198 23
604 254 10
605 89 11
606 238 76
607 263 56
608 128 75
609 108 99
610 142 14
611 65 95
612 48 4
613 81 46
614 145 15
615 317 85
616 347 90
617 77 28
618 117 17
619 397 89
620 486 79
621 188 73
622 514 25
623 276 12
624 590 17
625 406 21
626 55 74
627 403 66
628 282 65
629 249 14
630 298 62
631 102 53
632 583 56
633 620 57
634 360 55
635 169 84
636 409 30
637 126 93
638 315 53
639 195 11
640 320 79
641 560 32
642 57 96
643 269 85
644 361 21
645 478 57
646 431 99
647 427 100
648 357 80
649 409 45
650 458 84
651 6 49
652 262 72
653 218 71
654 46 44
655 533 78
656 45 3
657 497 50
658 617 41
659 207 71
660 251 5
661 208 58
662 216 70
663 90 64
664 628 89
665 156 79
666 7 57
667 485 49
668 470 18
669 148 99
670 634 27
671 6 71
672 259 55
673 5 67
674 543 61
675 650 30
676 100 63
677 638 17
678 234 90
679 160 57
680 459 80
681 158 25
682 351 57
683 589 38
684 283 60
685 275 81
686 381 69
687 673 37
688 227 70
689 439 13
690 239 98
691 309 34
692 190 49
693 245 51
694 362 71
695 675 79
696 2 71
697 511 45
698 592 21
699 452 9
700 13 22
701 514 26
702 255 8
703 388 78
704 526 82
705 78 4
706 504 36
707 180 15
708 497 78
709 362 1
710 256 69
711 179 75
712 654 63
713 401 16
714 115 2
715 161 59
716 187 65
717 196 84
718 305 53
719 236 64
720 512 7
721 595 59
722 305 39
723 607 24
724 701 13
725 406 14
726 649 34
727 231 82
728 203 50
729 1 20
730 250 80
731 193 70
732 283 13
733 199 52
734 274 85
735 397 87
736 728 45
737 215 68
738 719 36
739 595 7
740 442 21
741 461 89
742 102 30
743 382 62
744 12 80
745 422 89
746 610 45
747 533 38
748 362 32
749 480 69
750 57 54
751 688 15
752 12 93
753 729 26
754 286 78
755 94 35
756 59 39
757 671 76
758 705 61
759 243 30
760 605 77
761 713 74
762 448 54
763 60 59
764 121 37
765 364 61
766 371 36
767 164 73
768 374 35
769 154 25
770 267 71
771 405 76
772 4 67
773 439 68
774 91 71
775 531 71
776 731 70
777 693 88
778 759 47
779 643 38
780 265 29
781 586 23
782 167 20
783 531 93
784 516 25
785 473 6
786 494 93
787 113 18
788 301 29
789 110 31
790 565 89
791 535 6
792 589 47
793 413 47
794 374 64
795 657 10
796 301 14
797 215 41
798 6 95
799 507 11
800 546 18
801 390 37
802 267 80
803 217 42
804 82 55
805 314 8
806 706 96
807 724 81
808 468 29
809 551 30
810 342 71
811 86 29
812 81 47
813 112 52
814 142 46
815 501 83
816 506 20
817 639 29
818 297 39
819 97 32
820 746 88
821 343 3
822 181 34
823 219 95
824 606 27
825 539 100
826 712 14
827 508 38
828 86 71
829 785 69
830 75 51
831 568 14
832 300 23
833 423 56
834 660 70
835 562 91
836 508 2
837 372 87
838 564 82
839 190 51
840 96 95
841 324 69
842 323 19
843 45 50
844 752 27
845 676 30
846 680 45
847 58 80
848 199 57
849 429 88
850 756 4
851 583 8
852 44 24
853 23 57
854 562 98
855 598 79
856 185 67
857 366 12
858 79 1
859 571 89
860 114 35
861 364 3
862 463 78
863 161 29
864 274 70
865 19 91
866 83 37
867 74 10
868 198 30
869 203 15
870 408 97
871 269 70
872 201 24
873 608 81
874 157 35
875 803 13
876 755 88
877 56 67
878 134 63
879 364 12
880 132 22
881 337 92
882 1058 36
883 794 74
884 873 9
885 569 15
886 844 87
887 382 54
888 541 36
889 607 4
890 223 66
891 130 65
892 663 100
893 284 54
894 711 8
895 728 30
896 397 17
897 401 90
898 173 90
899 1058 97
900 621 31
901 310 52
902 476 36
903 328 8
904 646 50
905 744 4
906 386 10
907 423 23
908 288 92
909 636 82
910 735 85
911 140 66
912 114 18
913 438 37
914 111 73
915 436 80
916 441 50
917 649 4
918 452 87
919 710 3
920 437 19
921 835 10
922 770 72
923 266 100
924 276 96
925 535 95
926 780 53
927 557 14
928 912 78
929 782 52
930 349 98
931 99 40
932 46 76
933 875 50
934 411 90
935 653 22
936 873 67
937 707 21
938 522 89
939 75 96
940 653 65
941 601 88
942 722 9
943 190 70
944 97 1
945 580 91
946 333 74
947 641 56
948 619 73
949 576 56
950 281 5
951 498 33
952 60 14
953 697 98
954 380 45
955 234 39
956 357 22
957 767 30
958 885 7
959 329 21
960 738 92
961 130 93
962 871 46
963 304 72
964 231 32
965 306 11
966 622 36
967 164 54
968 470 14
969 772 65
970 549 98
971 256 88
972 484 62
973 732 42
974 613 35
975 166 57
976 788 96
977 143 21
978 706 79
979 129 45
980 290 72
981 859 54
982 675 63
983 890 19
984 559 63
985 294 94
986 907 90
987 546 80
988 450 41
989 987 89
990 281 94
991 166 46
992 954 29
993 882 63
994 605 77
995 456 2
996 821 87
997 820 22
998 503 73
999 550 92
1000 488 87
1001 744 21
1002 330 100
1003 627 14
1004 836 97
1005 498 83
1006 384 36
1007 784 16
1008 622 27
1009 174 48
1010 379 29
1011 138 71
1012 95 8
1013 50 35
1014 1013 48
1015 717 86
1016 462 25
1017 185 22
1018 937 31
1019 510 85
1020 516 7
1021 321 19
1022 346 48
1023 628 58
1024 423 93
1025 619 35
1026 374 17
1027 805 74
1028 99 4
1029 912 48
1030 430 18
1031 176 3
1032 230 70
1033 979 29
1034 505 44
1035 562 94
1036 833 41
1037 199 4
1038 193 65
1039 777 78
1040 376 85
1041 923 24
1042 402 28
1043 525 14
1044 81 30
1045 416 42
1046 75 84
1047 362 45
1048 375 41
1049 371 87
1050 740 22
1051 629 93
1052 549 26
1053 14 78
1054 562 73
1055 482 45
1056 67 58
1057 353 25
1058 1221 100
1059 1053 25
1060 824 98
1061 299 74
1062 5 94
1063 476 22
1064 552 93
1065 120 38
1066 22 100
1067 134 98
1068 1053 15
1069 552 64
1070 705 48
1071 823 47
1072 611 93
1073 752 82
1074 1063 74
1075 857 64
1076 904 54
1077 511 95
1078 1012 86
1079 219 98
1080 271 85
1081 422 74
1082 61 15
1083 635 87
1084 690 49
1085 243 27
1086 1074 49
1087 661 48
1088 901 25
1089 664 70
1090 676 3
1091 660 78
1092 867 95
1093 167 38
1094 1002 40
1095 538 68
1096 670 71
1097 440 51
1098 699 67
1099 445 65
1100 240 21
1101 429 34
1102 154 2
1103 403 32
1104 401 78
1105 5 53
1106 602 86
1107 134 48
1108 339 60
1109 538 17
1110 493 72
1111 988 34
1112 1023 13
1113 641 22
1114 463 86
1115 243 83
1116 285 61
1117 823 36
1118 716 78
1119 1221 93
1120 537 59
1121 210 88
1122 269 50
1123 147 51
1124 1012 1
1125 292 99
1126 4 12
1127 653 29
1128 938 63
1129 589 59
1130 873 88
1131 126 51
1132 881 17
1133 550 76
1134 233 79
1135 545 98
1136 390 78
1137 593 31
1138 1082 43
1139 612 13
1140 1025 86
1141 1105 41
1142 95 75
1143 777 55
1144 782 26
1145 884 70
1146 401 38
1147 643 86
1148 540 10
1149 244 24
1150 76 28
1151 50 30
1152 750 96
1153 112 5
1154 939 92
1155 1136 93
1156 856 32
1157 787 69
1158 437 29
1159 900 5
1160 323 50
1161 324 84
1162 794 59
1163 890 3
1164 694 53
1165 853 1
1166 803 14
1167 981 41
1168 1105 87
1169 527 49
1170 1156 98
1171 1156 51
1172 426 56
1173 39 85
1174 238 31
1175 929 27
1176 872 57
1177 915 4
1178 536 96
1179 982 10
1180 214 97
1181 961 30
1182 864 56
1183 254 35
1184 1165 2
1185 300 38
1186 927 85
1187 240 4
1188 388 72
1189 271 14
1190 1033 86
1191 96 25
1192 483 11
1193 969 21
1194 1083 69
1195 385 91
1196 436 85
1197 33 41
1198 922 33
1199 1151 93
1200 447 99
1201 1045 12
1202 38 50
1203 34 78
1204 365 32
1205 1029 19
1206 394 57
1207 1114 58
1208 613 47
1209 226 76
1210 378 34
1211 703 11
1212 175 56
1213 1047 17
1214 1142 13
1215 397 66
1216 95 83
1217 671 29
1218 767 95
1219 318 40
1220 346 43
1221 1240 30
1222 693 85
1223 1082 12
1224 646 80
1225 318 3
1226 375 9
1227 333 31
1228 335 8
1229 1127 15
1230 1141 58
1231 717 46
1232 4 8
1233 504 81
1234 213 4
1235 1130 43
1236 991 21
1237 338 41
1238 236 80
1239 279 12
1240 1245 63
1241 198 47
1242 288 72
1243 1005 14
1244 1235 77
1245 1246 93
1246 1248 61
1247 87 19
1248 1250 69
1249 325 13
312 255
92 316
1067 598
456 236
717 166
791 843
157 767
196 965
416 40
396 658
148 9830
141 5802
241 9823
258 8404
834 626
106 5634
1199 1904
543 8753
986 4284
219 3746
1500 20
1 308 50
2 1 27
3 1 95
4 1 73
5 1 47
6 2 57
7 2 89
8 7 6
9 3 11
10 9 42
11 308 63
12 7 92
13 4 81
14 4 4
15 2 84
16 5 61
17 15 58
18 6 47
19 5 69
20 17 10
21 12 57
22 308 27
23 12 31
24 1 88
25 6 13
26 12 21
27 5 33
28 22 39
29 11 34
30 5 10
31 8 56
32 15 39
33 13 68
34 14 72
35 7 16
36 23 85
37 26 54
38 31 7
39 14 20
40 37 90
41 39 31
42 12 52
43 13 68
44 40 78
45 35 48
46 6 36
47 16 97
48 30 70
49 41 50
50 10 34
51 46 92
52 20 60
53 42 53
54 47 76
55 52 51
56 4 90
57 45 49
58 15 29
59 54 20
60 21 12
61 36 46
62 13 32
63 39 39
64 62 54
65 17 4
66 8 24
67 12 35
68 7 93
69 37 92
70 69 82
71 46 33
72 24 37
73 11 1
74 43 13
75 18 35
76 1 63
77 28 66
78 77 73
79 64 74
80 44 62
81 29 30
82 19 30
83 62 43
84 14 60
85 17 8
86 10 21
87 37 70
88 25 90
89 15 64
90 48 100
91 5 70
92 50 80
93 79 34
94 92 98
95 8 82
96 50 50
97 14 9
98 32 96
99 17 15
100 15 37
101 88 85
102 19 71
103 19 60
104 18 27
105 70 75
106 103 76
107 9 82
108 87 78
109 89 89
110 89 28
111 4 82
112 111 45
113 5 88
114 63 58
115 104 66
116 43 17
117 88 29
118 27 94
119 45 10
120 13 53
121 79 26
122 18 65
123 109 54
124 67 85
125 5 60
126 13 95
127 100 11
128 74 8
129 70 16
130 46 82
131 55 50
132 109 3
133 6 28
134 117 100
135 4 17
136 24 46
137 95 8
138 108 79
139 129 79
140 84 95
141 308 62
142 62 40
143 33 2
144 124 90
145 6 76
146 56 7
147 77 79
148 118 57
149 110 25
150 32 49
151 87 72
152 47 59
153 61 76
154 91 46
155 90 28
156 147 64
157 143 28
158 92 92
159 130 50
160 107 48
161 143 52
162 5 21
163 139 37
164 124 49
165 70 79
166 88 13
167 52 85
168 10 96
169 156 80
170 49 100
171 19 44
172 2 35
173 49 89
174 25 40
175 134 37
176 47 53
177 24 27
178 19 31
179 49 59
180 68 58
181 112 24
182 89 11
183 145 15
184 67 85
185 120 97
186 14 25
187 90 17
188 159 99
189 55 74
190 165 83
191 143 90
192 48 62
193 18 8
194 172 41
195 81 61
196 99 68
197 113 59
198 33 78
199 103 27
200 71 1
201 58 97
202 3 43
203 149 70
204 61 50
205 130 81
206 100 63
207 147 88
208 158 25
209 157 39
210 138 34
211 25 81
212 123 81
213 41 25
214 98 92
215 190 49
216 64 2
217 1 92
218 21 62
219 6 95
220 81 6
221 180 15
222 78 6
223 102 11
224 184 5
225 164 12
226 55 39
227 114 99
228 203 50
229 33 13
230 200 69
231 95 7
232 192 21
233 7 72
234 228 10
235 133 12
236 54 88
237 206 86
238 63 94
239 139 56
240 230 23
241 213 74
242 75 98
243 154 60
244 59 71
245 57 21
246 73 74
247 155 76
248 4 67
249 189 68
250 170 93
251 112 27
252 125 73
253 83 44
254 196 65
255 163 47
256 119 74
257 5 89
258 6 95
259 46 18
260 140 37
261 170 85
262 82 55
263 64 8
264 81 47
265 112 52
266 251 1
267 6 20
268 188 39
269 129 47
270 195 99
271 127 28
272 8 38
273 251 68
274 114 33
275 102 67
276 17 46
277 73 19
278 45 50
279 2 27
280 6 4
281 83 8
282 257 35
283 89 49
284 164 64
285 229 74
286 110 98
287 115 8
288 197 32
289 240 8
290 66 75
291 13 59
292 167 64
293 87 92
294 15 21
295 94 87
296 104 73
297 220 13
298 60 52
299 226 36
300 199 3
301 188 37
302 280 91
303 203 37
304 75 85
305 10 53
306 30 53
307 75 94
308 1152 46
309 298 99
310 123 67
311 207 21
312 296 53
313 101 88
314 170 47
315 174 91
316 256 69
317 76 56
318 60 14
319 234 39
320 17 30
321 238 92
322 193 71
323 268 45
324 132 6
325 211 22
326 272 65
327 299 98
328 189 63
329 206 2
330 322 3
331 273 100
332 244 21
333 114 80
334 83 47
335 116 22
336 327 24
337 248 16
338 229 88
339 263 48
340 85 66
341 148 78
342 158 73
343 293 69
344 117 55
345 255 44
346 199 4
347 165 82
348 185 23
349 275 14
350 331 30
351 166 42
352 125 41
353 129 93
354 299 26
355 312 73
356 67 58
357 25 44
358 274 85
359 25 74
360 298 49
361 302 93
362 138 72
363 53 15
364 247 48
365 111 93
366 252 82
367 254 40
368 11 95
369 336 19
370 298 53
371 74 49
372 367 95
373 38 52
374 140 38
375 371 90
376 65 72
377 154 2
378 255 53
379 339 60
380 375 41
381 213 86
382 73 36
383 221 93
384 287 59
385 301 42
386 188 63
387 339 59
388 188 26
389 93 31
390 313 75
391 27 55
392 384 70
393 40 10
394 330 100
395 196 62
396 189 92
397 32 87
398 305 23
399 390 3
400 303 14
401 341 5
402 87 77
403 289 85
404 231 79
405 127 22
406 357 15
407 96 32
408 211 30
409 114 56
410 102 100
411 404 88
412 211 19
413 135 91
414 151 93
415 284 78
416 357 14
417 113 47
418 226 76
419 47 17
420 213 97
421 96 43
422 25 42
423 174 90
424 144 34
425 90 59
426 80 18
427 331 35
428 127 15
429 254 81
430 130 43
431 136 46
432 120 73
433 283 26
434 48 7
435 288 93
436 171 43
437 366 68
438 95 62
439 238 59
440 207 1
441 175 38
442 72 19
443 223 72
444 260 70
445 180 77
446 99 58
447 239 68
448 57 73
449 166 95
450 68 9
451 374 55
452 16 8
453 34 36
454 50 40
455 291 80
456 372 55
457 57 7
458 249 36
459 380 93
460 153 31
461 7 18
462 62 76
463 77 23
464 166 24
465 154 70
466 350 13
467 288 1
468 180 54
469 222 23
470 397 68
471 149 4
472 399 35
473 257 79
474 64 80
475 160 42
476 288 88
477 158 75
478 265 40
479 350 13
480 157 52
481 73 39
482 249 78
483 474 7
484 149 83
485 355 7
486 267 80
487 187 97
488 440 57
489 265 97
490 219 10
491 343 74
492 118 62
493 162 62
494 157 60
495 405 26
496 297 64
497 240 80
498 244 40
499 25 88
500 355 97
501 484 35
502 44 55
503 11 39
504 18 7
505 377 16
506 220 84
507 66 51
508 372 58
509 376 41
510 303 63
511 40 59
512 157 24
513 189 80
514 207 86
515 10 46
516 470 79
517 244 31
518 379 91
519 360 9
520 129 3
521 101 97
522 239 92
523 40 67
524 289 68
525 359 12
526 132 78
527 130 53
528 14 92
529 1 42
530 1 91
531 233 50
532 15 42
533 356 9
534 315 55
535 448 97
536 78 62
537 472 67
538 278 23
539 302 67
540 502 11
541 225 27
542 300 67
543 533 79
544 87 26
545 537 51
546 445 99
547 25 11
548 106 51
549 458 29
550 453 60
551 379 46
552 103 92
553 43 1
554 361 10
555 101 49
556 106 40
557 353 75
558 545 90
559 507 46
560 101 41
561 35 92
562 108 98
563 546 5
564 86 57
565 490 54
566 440 84
567 1 41
568 137 72
569 94 88
570 311 40
571 185 7
572 541 46
573 386 51
574 549 99
575 300 58
576 280 67
577 101 84
578 400 74
579 196 21
580 452 53
581 1152 81
582 83 53
583 345 21
584 103 6
585 97 71
586 289 6
587 372 38
588 580 67
589 408 4
590 348 92
591 321 86
592 323 70
593 459 38
594 448 76
595 202 52
596 234 65
597 153 50
598 36 3
599 491 75
600 30 16
601 210 20
602 408 18
603 285 97
604 228 30
605 10 18
606 160 48
607 561 87
608 245 13
609 267 97
610 156 28
611 304 97
612 48 61
613 592 66
614 429 33
615 159 76
616 507 59
617 151 72
618 16 37
619 553 68
620 607 96
621 382 49
622 459 70
623 265 56
624 100 62
625 583 37
626 558 95
627 578 98
628 137 53
629 413 87
630 102 98
631 576 8
632 352 54
633 129 66
634 449 34
635 86 97
636 577 45
637 581 73
638 21 47
639 128 50
640 606 34
641 146 47
642 480 73
643 97 7
644 538 87
645 207 43
646 252 96
647 559 96
648 473 48
649 371 16
650 416 23
651 195 95
652 13 37
653 436 5
654 280 13
655 609 75
656 622 52
657 149 49
658 640 54
659 343 67
660 246 49
661 85 36
662 331 97
663 449 51
664 441 87
665 10 26
666 525 64
667 369 41
668 219 73
669 572 26
670 123 25
671 647 95
672 570 60
673 215 4
674 316 23
675 617 64
676 510 92
677 248 34
678 557 83
679 283 79
680 215 59
681 292 9
682 336 28
683 597 13
684 114 93
685 127 16
686 191 63
687 634 68
688 233 98
689 89 32
690 270 33
691 650 74
692 366 62
693 170 79
694 65 86
695 384 28
696 242 33
697 361 58
698 497 62
699 398 82
700 69 42
701 521 31
702 342 92
703 379 56
704 161 15
705 431 62
706 13 16
707 2 89
708 689 42
709 125 32
710 524 63
711 280 20
712 667 54
713 586 16
714 566 7
715 669 38
716 667 44
717 496 9
718 419 18
719 469 84
720 248 79
721 363 78
722 669 49
723 145 70
724 86 75
725 597 50
726 77 90
727 635 65
728 43 15
729 588 26
730 227 89
731 202 84
732 446 3
733 493 87
734 317 98
735 8 62
736 546 81
737 622 1
738 197 28
739 192 16
740 120 30
741 420 93
742 375 85
743 157 13
744 370 5
745 581 33
746 82 42
747 277 100
748 154 100
749 247 8
750 670 19
751 28 9
752 622 71
753 619 65
754 530 82
755 338 64
756 633 52
757 715 16
758 746 92
759 244 27
760 1 49
761 289 23
762 58 73
763 751 99
764 204 78
765 541 85
766 581 59
767 517 78
768 374 9
769 633 38
770 591 32
771 204 73
772 60 29
773 648 44
774 341 52
775 4 92
776 355 99
777 190 93
778 576 81
779 437 51
780 320 15
781 443 7
782 516 41
783 351 100
784 13 62
785 598 56
786 236 67
787 657 67
788 196 65
789 40 96
790 158 98
791 330 91
792 323 8
793 334 26
794 634 99
795 293 53
796 284 69
797 246 42
798 642 41
799 696 5
800 133 45
801 311 41
802 166 92
803 677 26
804 793 35
805 370 36
806 27 77
807 10 46
808 711 17
809 789 14
810 243 74
811 559 20
812 736 25
813 278 88
814 533 42
815 169 61
816 265 88
817 507 58
818 431 86
819 399 29
820 414 86
821 591 75
822 167 83
823 669 71
824 59 99
825 590 96
826 529 2
827 541 57
828 93 39
829 683 66
830 181 90
831 256 35
832 658 94
833 740 98
834 436 2
835 290 67
836 627 69
837 251 70
838 622 3
839 733 20
840 455 77
841 498 86
842 641 17
843 779 34
844 208 56
845 650 58
846 3 47
847 154 58
848 183 81
849 502 81
850 667 77
851 53 2
852 609 68
853 587 53
854 128 54
855 530 97
856 744 38
857 624 69
858 694 89
859 664 69
860 696 35
861 88 38
862 267 12
863 811 77
864 683 17
865 417 74
866 810 30
867 58 62
868 408 9
869 401 28
870 533 79
871 145 72
872 372 40
873 655 50
874 566 41
875 873 82
876 769 21
877 381 79
878 577 4
879 204 17
880 306 30
881 79 20
882 807 7
883 732 68
884 184 51
885 409 80
886 480 73
887 708 86
888 419 12
889 831 90
890 521 21
891 133 47
892 164 15
893 164 34
894 795 98
895 91 43
896 395 59
897 748 66
898 833 42
899 125 42
900 2 57
901 800 73
902 548 92
903 694 34
904 581 27
905 880 28
906 758 50
907 806 54
908 300 53
909 661 18
910 356 20
911 794 8
912 579 40
913 575 65
914 308 100
915 381 57
916 730 75
917 89 52
918 790 94
919 795 22
920 800 47
921 286 25
922 678 25
923 630 53
924 160 85
925 762 1
926 595 100
927 189 39
928 722 9
929 94 6
930 530 85
931 386 23
932 546 42
933 506 63
934 498 5
935 714 15
936 883 97
937 496 29
938 330 85
939 24 49
940 603 89
941 95 67
942 391 38
943 603 76
944 29 22
945 673 87
946 84 93
947 470 100
948 686 4
949 916 42
950 865 54
951 567 30
952 182 85
953 163 86
954 593 89
955 85 83
956 177 100
957 283 53
958 849 71
959 182 80
960 530 86
961 826 34
962 135 31
963 349 18
964 251 30
965 643 70
966 731 46
967 504 92
968 167 14
969 691 49
970 123 76
971 561 49
972 483 67
973 410 25
974 786 42
975 756 23
976 456 55
977 289 20
978 23 1
979 122 62
980 437 58
981 357 100
982 441 36
983 13 34
984 471 96
985 263 29
986 140 59
987 7 97
988 911 85
989 797 92
990 224 3
991 4 75
992 720 21
993 719 4
994 27 68
995 489 59
996 399 44
997 876 50
998 431 9
999 107 49
1000 687 43
1001 493 5
1002 485 66
1003 551 16
1004 585 82
1005 361 92
1006 379 95
1007 661 54
1008 814 69
1009 447 23
1010 809 35
1011 954 92
1012 790 32
1013 449 92
1014 368 4
1015 406 23
1016 307 54
1017 658 44
1018 1005 93
1019 59 41
1020 362 58
1021 941 54
1022 690 99
1023 854 85
1024 464 27
1025 419 37
1026 700 39
1027 102 6
1028 840 44
1029 1004 4
1030 389 32
1031 324 58
1032 749 50
1033 577 34
1034 870 70
1035 180 43
1036 1005 28
1037 360 8
1038 511 56
1039 188 51
1040 370 4
1041 857 49
1042 538 32
1043 382 13
1044 479 41
1045 477 29
1046 758 71
1047 1008 38
1048 598 84
1049 259 100
1050 629 21
1051 665 10
1052 851 84
1053 326 44
1054 509 90
1055 11 68
1056 985 62
1057 31 83
1058 443 82
1059 974 72
1060 330 77
1061 956 48
1062 462 33
1063 205 66
1064 906 84
1065 319 2
1066 1015 23
1067 42 55
1068 176 70
1069 1056 76
1070 1037 79
1071 600 82
1072 997 68
1073 203 19
1074 746 15
1075 807 14
1076 384 12
1077 286 70
1078 722 51
1079 1074 8
1080 341 82
1081 462 42
1082 240 55
1083 218 100
1084 141 31
1085 236 32
1086 845 31
1087 1001 25
1088 559 32
1089 642 98
1090 430 22
1091 362 47
1092 620 66
1093 110 21
1094 451 71
1095 983 8
1096 204 72
1097 828 61
1098 122 78
1099 720 7
1100 32 42
1101 913 18
1102 1097 72
1103 232 3
1104 139 73
1105 1000 70
1106 432 77
1107 1060 14
1108 371 89
1109 138 91
1110 578 36
1111 843 8
1112 883 100
1113 231 43
1114 1067 100
1115 154 60
1116 150 67
1117 210 66
1118 173 32
1119 45 26
1120 665 88
1121 277 11
1122 617 81
1123 986 51
1124 796 50
1125 757 21
1126 218 100
1127 1093 52
1128 1051 22
1129 1085 18
1130 879 90
1131 99 80
1132 234 38
1133 960 36
1134 1073 80
1135 604 58
1136 721 80
1137 802 85
1138 19 50
1139 672 78
1140 1046 72
1141 403 69
1142 275 83
1143 909 6
1144 263 27
1145 47 46
1146 454 11
1147 980 92
1148 283 91
1149 102 43
1150 1002 84
1151 316 51
1152 1319 82
1153 99 58
1154 37 12
1155 641 20
1156 1028 37
1157 21 81
1158 887 11
1159 112 23
1160 778 61
1161 48 68
1162 390 2
1163 717 38
1164 179 17
1165 694 61
1166 1096 19
1167 164 19
1168 491 65
1169 1050 76
1170 898 48
1171 688 54
1172 703 100
1173 160 27
1174 587 89
1175 119 35
1176 442 20
1177 242 91
1178 1112 73
1179 259 33
1180 493 51
1181 582 20
1182 741 61
1183 367 41
1184 1047 16
1185 757 29
1186 3 85
1187 172 79
1188 538 74
1189 140 54
1190 557 65
1191 944 53
1192 578 8
1193 593 26
1194 784 66
1195 591 21
1196 973 90
1197 912 5
1198 1118 62
1199 730 42
1200 329 89
1201 833 11
1202 1035 29
1203 960 23
1204 248 59
1205 608 40
1206 968 12
1207 763 38
1208 621 14
1209 698 86
1210 67 78
1211 1047 36
1212 919 38
1213 886 72
1214 893 20
1215 1165 23
1216 681 15
1217 656 46
1218 535 32
1219 463 49
1220 1148 49
1221 696 5
1222 328 23
1223 1029 3
1224 322 83
1225 550 34
1226 228 35
1227 993 92
1228 155 17
1229 1187 15
1230 1040 60
1231 554 21
1232 783 77
1233 374 82
1234 615 84
1235 137 2
1236 411 97
1237 819 37
1238 418 4
1239 116 97
1240 317 26
1241 791 49
1242 205 78
1243 909 2
1244 919 49
1245 321 1
1246 311 39
1247 205 35
1248 483 93
1249 1149 1
1250 272 53
1251 278 76
1252 1251 80
1253 802 78
1254 61 48
1255 503 35
1256 818 26
1257 464 64
1258 749 19
1259 38 95
1260 1238 56
1261 1245 26
1262 888 48
1263 544 9
1264 1107 52
1265 658 32
1266 1192 64
1267 754 21
1268 402 28
1269 245 49
1270 573 50
1271 607 48
1272 233 70
1273 763 75
1274 82 30
1275 950 70
1276 1233 97
1277 733 67
1278 353 12
1279 784 8
1280 1103 24
1281 580 22
1282 758 25
1283 91 18
1284 27 22
1285 83 66
1286 840 21
1287 49 85
1288 364 30
1289 808 27
1290 496 94
1291 962 67
1292 307 90
1293 1112 18
1294 492 22
1295 273 56
1296 472 98
1297 978 1
1298 477 81
1299 299 22
1300 1120 24
1301 214 55
1302 1298 86
1303 350 23
1304 766 89
1305 7 41
1306 1109 95
1307 354 80
1308 967 85
1309 294 70
1310 336 18
1311 1240 62
1312 605 66
1313 525 95
1314 428 37
1315 31 70
1316 1079 39
1317 1089 54
1318 1104 61
1319 1415 28
1320 975 17
1321 885 42
1322 784 55
1323 983 27
1324 271 82
1325 1166 24
1326 1140 54
1327 794 75
1328 627 3
1329 1146 91
1330 621 53
1331 729 95
1332 1171 25
1333 831 2
1334 653 86
1335 531 31
1336 1172 84
1337 405 67
1338 278 99
1339 1213 66
1340 255 60
1341 1037 67
1342 718 22
1343 935 57
1344 690 85
1345 445 54
1346 693 20
1347 32 20
1348 882 52
1349 837 44
1350 1093 22
1351 1250 29
1352 1052 81
1353 324 10
1354 1204 36
1355 336 5
1356 129 18
1357 680 11
1358 176 82
1359 292 87
1360 1066 2
1361 1122 38
1362 71 38
1363 1221 100
1364 591 32
1365 175 44
1366 1345 45
1367 141 15
1368 354 15
1369 36 27
1370 27 19
1371 153 33
1372 487 60
1373 524 43
1374 658 77
1375 839 50
1376 1276 6
1377 382 26
1378 5 63
1379 350 5
1380 482 78
1381 466 88
1382 1196 4
1383 1380 68
1384 360 92
1385 490 36
1386 886 21
1387 443 33
1388 168 91
1389 387 62
1390 969 80
1391 381 56
1392 563 12
1393 74 61
1394 870 59
1395 946 59
1396 12 10
1397 1061 23
1398 1030 88
1399 50 37
1400 905 93
1401 850 12
1402 408 84
1403 844 9
1404 529 19
1405 1317 81
1406 494 77
1407 279 93
1408 824 89
1409 298 52
1410 468 40
1411 318 80
1412 307 69
1413 378 88
1414 295 24
1415 1418 5
1416 859 69
1417 651 55
1418 1441 84
1419 128 1
1420 682 49
1421 11 11
1422 616 38
1423 1146 33
1424 744 85
1425 41 17
1426 34 24
1427 875 34
1428 558 56
1429 631 23
1430 667 39
1431 212 67
1432 247 33
1433 681 29
1434 1258 54
1435 1039 23
1436 721 93
1437 739 51
1438 302 87
1439 324 20
1440 849 64
1441 1497 78
1442 1032 95
1443 404 86
1444 564 49
1445 74 7
1446 699 39
1447 1274 90
1448 35 33
1449 976 28
1450 1035 82
1451 1029 72
1452 958 10
1453 729 95
1454 904 74
1455 1277 10
1456 135 32
1457 1322 100
1458 562 50
1459 1091 22
1460 1357 98
1461 1209 78
1462 1338 72
1463 993 33
1464 594 17
1465 1246 21
1466 177 48
1467 119 53
1468 52 24
1469 1087 96
1470 1102 65
1471 921 38
1472 896 58
1473 1332 3
1474 690 40
1475 1230 32
1476 889 10
1477 1170 50
1478 593 98
1479 1164 85
1480 513 71
1481 396 44
1482 538 22
1483 1462 93
1484 1023 58
1485 614 29
1486 38 83
1487 673 59
1488 390 81
1489 1280 73
1490 371 96
1491 842 2
1492 1267 30
1493 731 2
1494 50 3
1495 1337 51
1496 401 30
1497 1500 89
1498 195 10
1499 938 96
1169 782
1229 666
945 662
728 320
70 301
1260 471
1437 599
611 910
1273 611
1164 220
994 9296
542 3934
394 6502
1258 2198
1041 8719
611 2699
898 3427
1321 894
559 5779
30 2891
