50 50
10383 12418 6646 22562 29361 5562 16049 3846 30726 15356 3178 15002 13393 21068 20264 11160 22257 9694 19806 17527 22291 13691 7615 18412 6182 5157 3923 28850 12943 24318 22475 13959 13470 19046 31762 25719 28609 2660 10020 25692 9720 6727 25379 25510 11145 10125 26792 13656 20725 9219 
30809
5461
10540
17200
29368
12505
32764
26348
8769
6217
5326
16211
27573
32302
28052
8672
22708
26495
22013
23508
12427
12576
24299
985
4941
3752
29223
3814
19237
26215
20052
11362
18410
11944
32545
11660
30964
12339
9667
31770
31022
21014
9635
25632
16749
21157
2387
13620
21760
4544
