100 100
13253 32462 7303 20562 12736 27638 25353 2338 16268 538 10561 18120 22254 18237 17210 6902 22873 4951 29724 6914 10850 4344 31812 1442 20084 12591 19866 30196 25029 5802 23071 18369 31624 15390 12486 4354 20837 23018 23685 21667 12070 20215 14763 21128 5811 4322 13684 6350 7232 26461 11227 14931 21189 30418 22447 20088 23726 24138 2281 7717 29908 27790 5437 8718 941 12427 14063 13877 5311 26875 19944 9904 16475 5954 14089 31149 23943 14742 11711 6835 4156 28771 27608 19243 2002 4846 31637 31774 440 30520 28672 30016 25704 28965 30591 27950 1690 19677 31914 30452 
30394
18549
18780
26836
22165
20679
24580
8258
8022
1445
32581
18225
25015
18741
956
32404
22131
24213
7199
4639
21242
23491
904
6478
30314
29370
13840
10666
8891
21982
21408
32328
5689
15258
9476
14482
14648
17736
30529
7753
29699
19793
16681
30923
8469
24725
18220
31122
28556
26381
12657
18430
18906
16302
18470
7252
5310
21393
18964
3078
23155
25682
4470
27445
13863
6582
31499
26484
5038
4752
17258
16335
6008
31973
20118
15884
17088
31054
3538
21808
10247
19870
30646
2373
17345
10949
18051
1115
19790
2548
28852
31949
5163
25858
4053
20677
15722
19983
10648
31490
