1000 1000
30045 10853 3876 17623 27035 5286 18097 22904 7967 10790 13139 7795 30922 18319 28436 30075 533 30924 2886 19305 20992 8233 11030 6276 6731 6325 11364 13823 14057 22507 21202 11459 20914 21138 10523 24943 28248 10466 3239 16797 29340 24040 5980 22120 32449 7724 23478 24619 10817 22928 10010 24458 30912 13435 15975 12215 6974 5175 18639 5614 20880 19096 23781 27202 17 9439 25590 15772 19861 25053 18333 8449 23966 21340 7570 29203 31443 11962 17859 20699 17837 20695 11942 8901 15220 31026 13261 18156 10602 16462 19131 24472 24646 19803 29174 21765 15331 3858 5725 30055 21306 31713 25276 22058 25742 7496 11678 23166 20966 27267 31074 787 16832 13929 14993 27425 14340 13460 22639 5804 15159 22978 7120 30214 23025 7035 45 17045 9361 21236 6903 6358 28463 18228 3371 29602 28626 8821 13095 27825 3299 22221 1724 26204 28642 13837 26500 679 12376 16618 15734 2942 11021 29018 10679 12351 22906 1089 14771 15481 15745 1613 20589 11252 13660 10270 14867 16369 19412 7595 7638 31154 22707 3297 16889 7741 1403 20365 22055 10078 2648 3195 14345 17899 14164 27615 26136 22859 7626 27381 5296 57 28189 4837 6502 9926 23977 5865 8348 13725 10490 7601 24915 18059 1596 14855 17216 575 7155 22191 11041 2894 20461 6545 24913 6778 628 538 18074 12339 2504 18143 19275 32606 460 13955 23691 30038 17407 8155 15341 816 7086 1361 30021 3140 2664 8070 26297 7656 12467 29500 3867 21631 12029 32370 5750 4531 4821 16592 17638 26622 9307 9030 23469 24431 10229 753 1156 30635 26692 25406 19247 2866 7255 2897 21844 30691 32286 4776 19597 12483 9505 8443 11964 7418 31089 25959 30879 26654 21215 2252 24228 10164 6253 8052 2046 31220 29698 24053 32760 461 28258 5464 20873 25641 1884 14970 297 10866 7750 31923 22756 11861 16038 12214 15021 29382 9522 3256 27892 3652 4347 3797 5499 2654 13541 28335 22117 23670 23898 344 16784 23493 7743 5668 22687 7463 29076 31852 14584 19399 23280 13285 15912 9899 17203 26517 19495 18093 7326 10412 32655 23474 28435 7939 27818 22592 4362 18556 16229 31457 16371 16794 25541 9256 26395 543 25447 20165 11390 2955 16039 18873 15299 27286 21307 17010 11319 31118 29893 4062 13573 19500 29973 26795 22182 14191 17942 13198 22923 11354 30153 25428 20186 31429 19132 16934 16044 5818 986 523 1657 19744 19079 13998 31696 11158 2797 7266 10060 8098 9872 20579 11203 4363 13609 24158 11712 31619 18353 20276 19337 25020 25852 4968 654 7432 20551 16182 26199 11094 10919 2425 16290 10872 29298 12226 27660 32428 17347 17229 18226 10024 10946 16947 12055 16630 27429 20704 10182 11266 24823 10184 25144 1650 24216 2390 10871 29237 11270 21541 260 22751 2906 1395 25462 8628 26262 16339 2149 3586 2717 10785 4742 12213 4995 15035 32535 11813 28167 17134 21374 19762 4702 20143 20013 27283 23603 11404 7880 25963 9195 12770 27018 9245 32045 3919 6629 11362 16034 18794 18536 409 14073 10674 14310 15710 13103 15301 11733 14861 10963 10740 18792 8434 4945 16689 6344 24018 7410 8137 21969 14975 28883 30385 10426 19751 24565 22581 2731 23070 19953 18399 9750 734 13287 410 4427 26189 20408 15383 5959 5694 21365 27248 717 1593 10519 16651 8121 22399 7792 450 26256 9801 3425 21312 1627 15441 21582 10158 16566 19603 13007 30352 19492 7253 24232 19945 12453 15717 32422 21131 15778 11197 26681 8073 28605 10087 10117 4621 12609 6382 11514 32463 20945 26612 32257 24746 32689 27968 9626 23945 16748 6211 18537 9573 25565 3869 25748 31999 19961 7754 28112 24385 18067 2713 2499 16134 2474 8805 1644 18209 6228 7610 18871 23456 17653 18874 24399 16466 20404 831 6324 2182 10032 17602 29581 13334 8558 19324 14911 7588 16663 6090 4798 7716 23264 19670 28580 2458 12105 13172 6016 26917 19594 25674 13936 5693 19658 23860 11762 6969 17555 1511 5879 32020 30083 26580 10809 21104 6468 7503 719 19419 22718 15344 28414 4434 17290 15929 17235 6403 23466 12410 25582 23383 2424 9458 30753 2096 3037 13111 31802 8560 14531 1752 9628 7866 8653 16704 19733 32380 28997 13021 21355 26669 4950 12162 13368 17363 32635 522 15096 27337 13879 17215 3681 21951 18183 6138 1523 27650 29333 6795 32207 22526 15662 29530 7372 1281 1398 25807 16584 20080 1340 1825 21319 27465 6163 13488 12697 20369 20669 12402 19031 15743 1124 8477 2473 6925 12346 21849 13815 27226 14315 1722 19639 6319 31599 24038 14921 28155 15303 3436 17998 13674 28991 24313 15373 21560 22256 8398 29206 17096 20360 1905 29988 7152 1870 22435 23112 13975 30560 27795 31812 32131 11839 28241 10293 31084 398 19589 32118 16725 3351 20833 1216 17692 8975 24788 17046 9807 4507 14337 18656 4929 24979 16623 3030 22621 29317 20098 32287 7099 6141 21674 14394 30449 7171 28890 12062 25388 19174 22204 15901 11135 27704 29987 2062 19738 26433 29611 20479 16314 1562 18232 2129 13337 11832 10086 9582 19986 3488 20895 7320 3590 2209 6733 22079 12093 7864 15894 16125 26097 24584 8480 6962 21144 25216 21479 25766 6166 5872 12371 15872 29798 11296 18596 27316 5532 14794 5628 16615 29845 9067 17337 32015 24641 12094 9721 18508 13907 31069 18317 6909 6881 20494 26538 14942 30941 20478 12140 19613 17611 9841 13981 27570 19669 21691 30155 30786 20506 14923 14398 5059 8264 32744 27181 1506 365 18491 5937 4385 15370 18830 11513 5482 13523 22080 18927 8753 3560 508 521 10040 22809 27352 23651 31896 16871 13029 17694 9989 7943 26508 8010 7006 30638 456 5195 24705 28172 13970 29313 868 13078 11164 24360 4450 26505 25665 24444 3282 3628 31420 32033 29525 31129 4499 11694 26986 17914 308 7225 26299 28528 11220 1426 21576 31301 8227 15477 32109 1161 28031 15581 31725 4977 31289 31639 23885 12776 1362 7190 21606 5164 9672 19224 9707 6300 9550 32233 29106 28798 11474 14365 
22039
31386
6141
19582
16556
18431
31650
25683
15912
22752
9282
29420
10795
14764
20124
23525
19571
31611
20089
20137
22096
2989
6093
31541
21591
11982
24062
1055
26715
8893
15748
20951
24473
11278
9138
11054
31027
4780
26835
14100
28896
20931
20601
19366
8673
32477
25618
11880
22071
11339
23484
10702
5651
19142
2395
7170
2958
20054
31208
25313
20122
6771
16652
18758
11576
31082
8941
22924
17388
8963
4168
14670
31342
5729
10432
29297
14499
19241
14197
19813
26571
32231
24025
8359
5116
7085
24767
14731
16847
4349
19381
16952
19545
32744
24212
18676
24413
8568
31061
19618
25023
22092
31270
29320
25660
10882
16829
18774
26713
20698
20973
15716
5017
22807
14967
8764
8947
9641
18466
30040
12931
25738
10766
15917
11648
3942
325
12136
31342
14078
3731
28023
14229
7630
29336
7755
7089
26093
13339
9820
20203
22070
161
14062
20488
31397
23358
4499
14817
9219
11692
9458
32019
2758
28570
26310
25079
6451
22598
3882
26325
8389
20046
6419
20052
32466
2500
11294
29237
29804
7296
21388
11841
13702
21690
9866
30592
29527
11736
17846
29612
26116
17284
20960
9445
6521
31490
16397
32166
407
22208
11970
28920
6549
10287
8319
21222
4768
5074
16265
7472
21957
7061
3820
27716
23825
9055
11457
18537
10231
9194
2477
3902
20209
32723
14762
4451
31338
12013
16906
14454
16604
13275
2233
18753
12342
4062
18626
5681
1664
10475
12308
13834
24001
22017
2695
4826
20257
1465
7706
25900
20811
13087
7294
28541
22037
7360
19929
3572
27491
29188
22724
28237
25416
27326
19349
1047
18287
32002
19172
3359
7098
9527
2376
14892
13352
29804
27746
20460
8700
22768
797
21551
31772
21788
12595
6995
1719
6260
13300
18943
32298
12015
25667
7957
2341
14994
23009
6625
5641
27459
21486
20631
10133
10461
2732
2812
21698
9088
20103
30051
32747
15915
6226
32731
2353
1932
28372
15783
30
13590
17795
22766
6281
21589
14479
28340
26297
9854
18978
26377
9933
23115
1255
7552
4954
6149
10185
28131
3927
5090
16125
31013
10038
6802
20034
13976
11604
19477
28775
9568
30099
30927
4110
12840
29765
21726
7601
9492
17485
30123
26338
11254
22656
19903
29399
21700
23634
6873
2085
3146
1966
31293
16332
29980
27173
5966
18804
10959
29003
10335
17654
17768
11870
11719
21790
12565
7977
10035
20400
11803
32296
13121
11944
3344
24045
19786
9926
31562
5058
7550
1866
29591
13712
3895
18173
10030
12032
8583
25200
29414
12767
9747
28552
13478
1479
25125
2618
5405
31484
17916
32404
6579
1172
11879
21501
4799
15835
25746
7613
14842
24309
20511
13504
5428
25797
3960
16022
28997
28686
27236
9663
2375
8152
21209
26406
11778
27414
26642
22763
424
15749
12256
20069
7107
23511
31301
15720
10603
21265
9023
18627
23996
30514
9954
21517
18055
13589
15273
1186
22856
15256
26382
21480
19544
16382
16472
5847
4196
24978
21941
7864
32286
28813
26504
22316
3122
7226
28164
1393
8572
19544
7418
3297
22392
10688
23023
23739
16634
6728
22642
27430
2335
13286
20653
24947
32387
27417
1081
23971
24244
132
1335
27945
30183
29148
29596
9457
26346
29189
9420
31392
12122
11384
26987
17182
15382
22504
25967
31314
8691
23589
11898
14380
20146
3904
9320
30441
17967
19952
14371
3730
16346
29492
5311
2502
14443
29498
24259
14266
19410
7552
32196
8062
27501
19001
9273
14466
17534
30450
2442
3160
27356
5749
2666
9659
7145
6126
9063
28881
11715
26956
31167
28845
32447
30954
26230
28184
30995
31343
14245
913
32466
29427
7189
10898
21022
20579
27916
11797
19865
4134
19047
9815
284
14592
15593
25052
1708
11319
21203
24499
9129
4597
27317
16123
2633
25838
8323
18342
20293
24898
4331
28797
26578
23205
26342
1636
17363
15805
26510
22752
22605
16587
28719
4054
11803
1934
6816
3734
18659
15973
31700
2071
31304
28851
12460
10372
30049
7815
11535
30712
13930
21885
317
23175
4794
20703
2400
20861
1269
25872
15205
25066
2435
14891
1801
17502
8001
6631
31799
16881
16502
21694
11153
25222
26632
590
30029
20561
30448
8447
14914
5271
3563
22758
9026
4533
12146
26089
29355
24164
15853
27940
5177
26171
10788
16780
24350
29558
26102
23506
15957
1525
28493
2443
13107
7048
1873
6029
26175
19817
27100
31644
14915
26378
6446
16710
5539
23057
4579
15883
21998
13217
31522
20673
8627
30428
10006
12343
3222
166
30626
3353
16802
22699
31568
2835
10209
5027
22155
21817
13610
10965
19727
20903
25403
27865
32669
14436
31496
27555
12787
4493
10834
3005
11515
24239
6010
6356
4419
29556
26520
886
11693
16770
27336
11290
11880
7072
25284
24417
14366
13338
6072
26523
17263
23143
12113
22413
19615
15370
31255
29298
11147
11446
11006
21823
10210
14773
11575
17707
7569
3211
3148
18287
17791
24790
8812
26186
30331
4472
260
18249
29299
248
18319
30405
5094
24870
23726
3245
28571
7678
15739
3718
16020
28623
22298
12975
9278
22685
7826
26858
9450
4291
23259
19480
24704
9948
21817
24900
25970
22244
25544
18403
12272
23707
599
16218
10587
17706
28025
9665
15355
1033
29658
21479
20212
20256
29136
31382
15990
1581
11058
25880
9269
10597
30573
17657
1049
9054
29652
27407
12598
27180
12344
4536
32510
15307
2489
7267
4789
31165
10203
28754
26918
26611
20445
19102
25749
21233
582
14203
30452
24878
5824
3773
15450
5049
18985
6555
6576
14882
29416
17843
13230
23960
20349
2383
20998
26447
9052
23783
734
1573
5628
28135
4740
6020
2091
28337
11101
6026
21412
10214
12831
23655
10467
12002
12864
8455
32568
25989
28335
8946
19227
10041
27329
22384
28351
18224
32622
31728
6378
17390
20669
1450
1539
21512
14205
13444
22381
12331
29494
19762
29971
15967
14431
16034
11588
653
28369
13975
1730
30783
13436
27028
30997
14760
30809
4603
32549
6116
16799
27254
14344
2177
30522
10134
2585
3133
15225
13498
31818
29457
12295
14387
14779
8559
13852
8869
29579
15049
32500
19888
5358
21842
129
28112
32127
6920
8797
23426
13784
31730
14082
30633
21088
21926
5437
12079
30821
13327
26080
25071
14699
3949
31160
12499
14531
11165
15294
30521
20319
31899
5009
29596
8676
13381
