1000
1 697
1 440
1 820
1 855
1 98
1 18
1 23
1 20
1 644
1 741
1 629
1 580
1 424
1 613
1 239
1 201
1 648
1 346
1 373
1 270
1 322
1 114
1 318
1 393
1 928
1 735
1 738
1 246
1 450
1 473
1 14
1 146
1 265
1 834
1 352
1 714
1 851
1 375
1 733
1 847
1 115
1 713
1 778
1 890
1 678
1 16
1 90
1 677
1 361
1 814
1 946
1 34
1 280
1 263
1 778
1 559
1 349
1 867
1 804
1 799
1 340
1 817
1 296
1 956
1 650
1 648
1 669
1 853
1 374
1 753
1 51
1 840
1 465
1 828
1 729
1 142
1 195
1 171
1 818
1 908
1 984
1 115
1 941
1 615
1 377
1 71
1 173
1 78
1 937
1 976
1 228
1 628
1 145
1 523
1 583
1 146
1 522
1 603
1 350
1 895
1 355
1 400
1 86
1 820
1 579
1 815
1 313
1 774
1 985
1 483
1 681
1 320
1 597
1 973
1 935
1 326
1 395
1 459
1 403
1 332
1 787
1 630
1 311
1 931
1 504
1 894
1 428
1 378
1 496
1 778
1 624
1 203
1 177
1 710
1 374
1 108
1 524
1 686
1 233
1 860
1 520
1 913
1 179
1 469
1 237
1 465
1 794
1 632
1 924
1 548
1 315
1 710
1 529
1 625
1 992
1 384
1 870
1 419
1 761
1 718
1 196
1 385
1 920
1 725
1 94
1 293
1 832
1 969
1 330
1 64
1 828
1 850
1 328
1 6
1 318
1 916
1 471
1 463
1 899
1 746
1 10
1 565
1 807
1 890
1 542
1 798
1 273
1 411
1 216
1 386
1 480
1 764
1 770
1 399
1 488
1 215
1 43
1 671
1 183
1 373
1 86
1 10
1 574
1 765
1 15
1 243
1 32
1 837
1 705
1 931
1 934
1 66
1 847
1 740
1 307
1 388
1 889
1 579
1 151
1 105
1 964
1 630
1 220
1 85
1 29
1 707
1 299
1 423
1 729
1 481
1 147
1 166
1 490
1 720
1 930
1 857
1 314
1 961
1 45
1 18
1 243
1 331
1 435
1 90
1 70
1 741
1 829
1 311
1 672
1 979
1 767
1 987
1 609
1 986
1 424
1 989
1 44
1 722
1 411
1 772
1 555
1 558
1 937
1 396
1 629
1 218
1 252
1 943
1 530
1 649
1 312
1 125
1 979
1 99
1 566
1 400
1 839
1 394
1 710
1 862
1 373
1 476
1 201
1 981
1 813
1 624
1 969
1 856
1 697
1 731
1 979
1 251
1 288
1 267
1 647
1 269
1 484
1 250
1 211
1 366
1 250
1 874
1 490
1 580
1 972
1 55
1 980
1 163
1 448
1 41
1 24
1 820
1 869
1 576
1 152
1 33
1 551
1 120
1 889
1 248
1 851
1 867
1 850
1 490
1 134
1 848
1 758
1 969
1 98
1 320
1 334
1 699
1 194
1 823
1 279
1 517
1 229
1 610
1 679
1 29
1 2
1 55
1 848
1 870
1 630
1 1000
1 903
1 181
1 471
1 143
1 780
1 673
1 9
1 629
1 163
1 494
1 829
1 272
1 463
1 278
1 944
1 148
1 976
1 489
1 323
1 254
1 5
1 551
1 863
1 684
1 579
1 865
1 738
1 779
1 86
1 719
1 130
1 340
1 251
1 600
1 482
1 30
1 273
1 843
1 11
1 787
1 688
1 191
1 410
1 502
1 468
1 353
1 650
1 443
1 841
1 972
1 697
1 846
1 874
1 911
1 881
1 805
1 127
1 970
1 583
1 565
1 688
1 64
1 256
1 291
1 15
1 738
1 320
1 287
1 932
1 682
1 425
1 971
1 872
1 835
1 473
1 339
1 187
1 122
1 134
1 380
1 445
1 182
1 577
1 670
1 92
1 457
1 474
1 571
1 778
1 408
1 135
1 465
1 471
1 390
1 755
1 486
1 479
1 427
1 124
1 762
1 460
1 901
1 85
1 684
1 735
1 557
1 22
1 273
1 30
1 507
1 652
1 826
1 688
1 580
1 495
1 132
1 36
1 969
1 702
1 813
1 728
1 188
1 630
1 199
1 929
1 736
1 36
1 760
1 514
1 511
1 873
1 974
1 411
1 957
1 657
1 145
1 865
1 30
1 770
1 894
1 537
1 421
1 719
1 576
1 353
1 214
1 707
1 388
1 534
1 760
1 553
1 261
1 299
1 534
1 811
1 580
1 269
1 198
1 691
1 783
1 709
1 563
1 108
1 471
1 872
1 764
1 616
1 88
1 145
1 737
1 982
1 33
1 509
1 52
1 609
1 861
1 617
1 315
1 601
1 502
1 75
1 153
1 115
1 725
1 38
1 277
1 304
1 306
1 475
1 994
1 440
1 535
1 909
1 547
1 5
1 132
1 662
1 972
1 219
1 807
1 708
1 552
1 839
1 217
1 956
1 447
1 77
1 572
1 114
1 677
1 426
1 540
1 181
1 540
1 264
1 218
1 816
1 920
1 876
1 290
1 913
1 667
1 176
1 173
1 214
1 181
1 304
1 227
1 504
1 875
1 385
1 212
1 426
1 576
1 780
1 381
1 374
1 208
1 305
1 487
1 237
1 730
1 378
1 417
1 621
1 642
1 987
1 436
1 561
1 214
1 78
1 825
1 880
1 253
3 1
3 2
3 3
2 445
1 653
2 289
1 56
2 305
1 631
1 357
2 693
1 426
2 573
1 394
2 533
2 126
2 259
2 625
1 651
2 1000
2 93
2 182
2 491
2 483
1 227
1 662
1 33
2 45
1 634
2 522
2 971
1 263
1 301
1 444
1 308
1 606
2 434
2 900
2 329
2 748
1 220
1 178
2 200
2 561
1 363
2 702
2 81
2 266
1 851
1 331
2 855
1 910
2 76
1 563
2 190
2 311
1 71
2 716
2 413
2 807
1 710
2 812
2 472
2 522
2 138
2 183
1 492
2 632
1 900
1 675
1 856
1 553
2 176
1 900
2 896
2 714
1 213
2 98
2 955
1 357
2 175
2 788
2 983
2 585
1 966
1 675
1 595
2 451
2 848
2 357
1 55
2 700
1 947
1 303
1 768
1 345
2 902
2 607
1 903
1 471
2 801
1 393
1 724
1 516
1 896
2 666
2 998
1 920
2 513
2 549
2 585
1 221
2 728
2 722
1 722
2 202
1 689
2 621
2 140
1 687
1 712
2 688
1 68
2 5
2 181
1 212
1 149
2 251
2 611
2 858
1 516
2 207
2 5
1 671
1 315
1 883
1 412
1 87
1 530
1 763
2 347
2 475
1 757
1 723
2 400
2 52
1 991
2 174
2 788
1 844
1 553
2 481
1 648
1 795
1 714
1 239
2 882
1 259
1 141
1 710
2 912
1 159
1 722
2 250
1 880
1 963
1 170
1 749
2 714
1 346
1 804
2 838
1 1000
2 27
2 428
2 32
2 848
2 594
1 225
1 430
1 287
2 889
2 187
1 625
2 883
1 326
2 258
1 75
2 611
1 749
2 189
2 81
2 673
2 957
2 220
2 706
2 777
2 666
1 582
2 214
2 316
1 854
2 54
2 183
2 380
1 405
2 63
2 604
1 863
2 336
1 297
1 292
1 986
1 388
1 951
1 735
2 492
2 191
1 867
1 912
2 8
2 166
2 857
1 508
2 680
2 506
2 236
1 400
2 810
1 140
2 92
2 377
1 461
2 831
1 644
2 925
1 113
2 72
2 210
2 41
1 775
2 568
2 398
1 583
1 810
1 318
1 596
1 835
1 614
1 87
1 110
1 260
2 452
1 543
1 966
1 605
2 832
2 454
2 843
2 788
2 110
2 904
2 152
2 114
1 754
2 725
1 563
2 436
2 371
1 379
2 265
1 428
1 859
1 30
1 268
1 56
2 626
1 435
1 48
2 245
1 99
2 367
1 9
2 379
1 484
1 67
1 795
2 197
1 78
2 57
1 746
2 74
2 422
2 500
1 407
1 621
2 418
1 870
2 141
2 157
2 60
1 724
1 68
2 507
1 497
2 841
1 27
1 966
1 774
1 269
1 913
2 742
2 580
1 460
2 563
2 696
2 190
1 476
1 691
1 753
1 250
1 133
2 211
2 428
1 915
1 869
1 938
2 213
1 572
2 589
2 639
2 460
2 758
1 436
2 621
2 339
2 132
1 202
1 921
1 679
1 677
1 365
2 860
1 835
1 600
1 269
2 762
2 65
1 366
2 319
1 39
1 560
1 479
1 865
1 742
1 937
2 793
2 736
2 230
2 434
2 696
2 419
1 133
2 327
1 335
1 837
2 653
2 896
2 213
2 234
2 6
1 75
2 824
2 801
1 83
2 586
2 992
1 586
2 192
1 974
2 557
2 603
2 910
2 45
2 961
2 427
2 800
1 467
1 15
1 380
1 205
1 875
2 673
2 671
2 372
1 94
1 806
2 194
1 546
3 2
