1000 1000
228 0 0 435 1 0
188 1 0 247 0 0
837 0 1 962 1 0
490 1 1 764 0 0
55 0 0 203 1 1
23 0 1 783 1 0
500 1 0 415 0 1
908 0 1 589 1 1
173 1 1 479 0 0
360 1 1 936 0 1
825 0 0 665 1 0
795 1 1 486 0 0
587 1 0 647 0 0
190 0 1 654 1 1
885 0 0 339 1 1
524 1 1 478 0 0
36 1 1 87 0 0
917 0 1 596 1 1
482 1 1 817 0 1
666 1 1 671 0 0
613 1 1 253 0 1
555 1 1 641 0 0
711 1 1 760 0 0
143 1 0 158 0 1
198 0 1 535 1 0
742 0 1 624 1 1
719 0 1 918 1 1
677 1 0 403 0 0
857 0 1 998 1 1
863 1 1 230 0 1
341 0 1 493 1 0
499 1 1 158 0 1
798 1 0 440 0 0
51 1 0 388 0 1
36 1 0 955 0 0
382 1 1 939 0 0
365 0 0 310 1 1
707 1 0 579 0 0
252 1 0 198 0 1
790 1 0 205 0 0
120 0 1 583 1 0
1 0 1 416 1 1
700 1 1 952 0 1
240 1 0 269 0 0
748 0 0 867 1 0
577 1 0 67 0 1
910 1 1 84 0 1
52 0 0 164 1 0
404 0 0 504 1 0
359 1 0 4 0 0
712 0 1 902 1 0
499 0 0 742 1 1
428 1 0 291 0 1
62 1 1 619 0 1
207 1 0 997 0 1
725 1 0 499 0 1
146 0 0 256 1 0
654 1 0 420 0 0
671 1 1 990 0 1
629 1 0 686 0 1
571 0 1 974 1 1
309 0 0 754 1 1
593 1 0 484 0 0
618 0 0 749 1 1
627 1 0 406 0 1
747 0 0 880 1 0
512 1 1 48 0 0
38 0 0 967 1 0
641 0 0 411 1 0
204 1 1 488 0 0
50 1 0 419 0 1
302 0 1 84 1 1
647 1 1 502 0 1
354 1 1 304 0 0
188 0 1 101 1 0
99 0 1 669 1 1
168 0 1 700 1 0
168 0 0 400 1 0
62 1 0 768 0 1
185 1 0 287 0 0
549 1 0 723 0 0
548 0 1 411 1 1
92 1 0 39 0 0
286 0 0 62 1 1
636 0 0 45 1 1
531 1 1 609 0 0
463 0 0 65 1 1
624 0 1 565 1 0
549 1 1 45 0 0
648 0 1 497 1 0
16 0 1 244 1 1
426 0 0 684 1 0
909 1 0 499 0 0
959 1 0 35 0 1
920 1 1 625 0 1
852 0 1 940 1 0
12 0 0 929 1 0
458 1 0 406 0 1
791 1 0 775 0 1
39 1 1 347 0 0
489 0 0 334 1 0
18 1 1 808 0 0
109 1 1 760 0 1
914 0 1 269 1 1
962 1 1 551 0 0
773 0 0 320 1 0
981 0 1 672 1 0
396 0 0 8 1 0
518 1 0 324 0 0
194 0 1 11 1 1
597 1 0 261 0 1
555 1 0 496 0 0
352 1 0 810 0 1
104 0 1 832 1 1
478 1 1 906 0 0
147 0 0 993 1 1
101 0 1 676 1 0
247 0 0 131 1 0
905 1 1 902 0 1
158 1 0 814 0 0
830 1 0 672 0 0
948 0 0 443 1 0
657 1 1 461 0 0
970 0 0 469 1 0
69 1 1 107 0 1
199 0 0 976 1 0
232 1 1 836 0 1
315 1 0 24 0 0
499 0 0 69 1 1
953 1 1 353 0 1
977 1 1 791 0 0
168 1 0 116 0 0
494 1 0 339 0 1
818 1 0 855 0 0
387 1 0 102 0 1
677 1 1 573 0 1
397 1 1 622 0 0
482 0 0 983 1 0
473 0 1 389 1 1
16 1 1 78 0 0
671 1 1 525 0 1
573 1 1 791 0 1
291 1 1 723 0 0
702 1 1 780 0 0
327 1 0 428 0 0
982 0 0 871 1 0
222 1 0 744 0 1
596 1 1 507 0 1
535 1 1 350 0 0
744 0 1 200 1 1
697 0 1 81 1 0
492 1 1 397 0 1
856 1 0 8 0 0
638 1 0 619 0 0
806 1 0 339 0 0
543 1 1 208 0 0
186 1 1 597 0 0
536 1 1 260 0 1
960 0 1 464 1 0
77 1 1 641 0 0
791 0 0 141 1 1
820 1 1 352 0 1
458 0 1 381 1 1
128 1 1 257 0 1
498 1 1 175 0 1
611 1 1 307 0 0
283 1 0 977 0 1
291 1 0 125 0 0
379 0 1 149 1 1
650 1 1 700 0 0
449 1 1 694 0 1
696 0 1 767 1 0
158 1 0 276 0 1
435 0 0 270 1 0
120 1 0 177 0 1
529 0 0 118 1 0
94 0 0 26 1 0
238 1 0 121 0 0
206 1 0 52 0 0
677 1 0 960 0 1
964 1 0 872 0 0
876 0 1 915 1 1
399 0 0 63 1 0
669 1 1 547 0 0
274 1 0 194 0 1
961 0 1 558 1 1
129 1 1 444 0 0
739 1 1 420 0 0
336 0 0 963 1 0
872 0 0 478 1 0
756 1 0 311 0 0
543 0 0 801 1 0
490 1 1 579 0 0
717 1 0 877 0 1
430 0 0 500 1 1
797 1 0 846 0 1
315 0 0 704 1 0
724 0 0 806 1 1
613 1 1 558 0 1
992 1 0 613 0 1
970 0 1 938 1 0
535 0 0 558 1 0
404 0 0 919 1 1
895 0 1 713 1 1
875 0 0 614 1 0
605 1 0 487 0 0
262 0 1 13 1 0
157 0 1 787 1 0
96 0 1 229 1 0
745 1 1 617 0 0
759 1 0 25 0 1
48 1 0 232 0 1
604 1 1 225 0 0
742 0 1 227 1 1
860 0 0 705 1 1
303 0 0 463 1 1
75 0 0 392 1 0
385 0 1 742 1 1
663 0 0 671 1 0
228 0 1 490 1 0
532 1 1 193 0 0
382 0 1 721 1 0
369 0 1 346 1 0
876 0 0 226 1 1
616 1 1 352 0 1
239 0 0 217 1 1
905 1 1 608 0 1
492 1 0 190 0 1
107 1 0 657 0 1
411 1 1 785 0 0
808 1 1 746 0 1
883 0 1 497 1 0
84 0 0 29 1 1
611 0 1 863 1 0
712 1 1 34 0 1
225 0 0 44 1 0
327 0 0 644 1 1
777 1 0 654 0 0
899 0 0 275 1 0
567 0 1 301 1 1
578 0 1 929 1 1
22 0 0 543 1 0
970 0 0 268 1 0
601 0 1 468 1 1
96 0 0 192 1 0
941 1 1 16 0 0
721 1 0 261 0 0
400 1 1 790 0 0
802 1 0 509 0 1
98 1 1 250 0 0
963 0 1 625 1 1
285 1 0 801 0 0
837 1 1 458 0 0
208 1 0 574 0 1
739 0 1 519 1 1
255 0 0 898 1 1
792 0 0 845 1 1
562 0 0 94 1 0
80 1 0 964 0 1
521 0 0 533 1 0
852 0 0 204 1 1
805 1 0 499 0 1
777 1 1 686 0 1
765 1 1 857 0 1
848 1 1 971 0 1
967 0 0 687 1 1
187 1 0 340 0 1
555 1 1 708 0 0
368 1 1 65 0 0
18 0 0 573 1 1
382 1 1 517 0 1
709 0 0 627 1 1
362 0 0 327 1 0
642 1 1 944 0 0
737 0 1 590 1 1
799 1 0 647 0 1
10 0 1 268 1 1
315 0 1 781 1 1
659 0 1 514 1 0
353 0 1 572 1 1
596 1 1 559 0 0
486 0 0 941 1 0
792 0 1 832 1 1
59 0 1 940 1 0
978 0 1 737 1 1
86 1 1 224 0 1
913 1 1 527 0 0
203 0 0 972 1 1
284 1 1 570 0 1
914 0 0 432 1 0
787 1 1 22 0 1
956 1 0 171 0 1
555 0 1 103 1 1
152 1 1 184 0 0
482 1 0 702 0 1
791 0 1 665 1 1
925 1 1 1 0 0
941 0 0 420 1 0
981 1 1 256 0 1
694 0 0 198 1 1
415 0 0 935 1 0
864 1 0 430 0 1
530 1 1 645 0 0
981 0 1 814 1 1
359 0 1 676 1 0
383 0 0 977 1 1
459 1 1 807 0 0
566 1 0 122 0 0
520 1 0 177 0 1
227 0 0 874 1 1
957 1 1 792 0 1
155 0 0 68 1 0
592 1 0 723 0 1
829 1 1 386 0 1
402 1 0 202 0 0
887 1 1 513 0 1
771 0 1 809 1 0
440 0 1 61 1 0
93 0 1 890 1 0
935 0 0 267 1 0
314 1 1 673 0 0
698 1 0 186 0 0
664 1 0 217 0 0
921 0 0 992 1 1
918 1 0 293 0 1
435 0 0 281 1 1
652 1 1 67 0 0
341 1 0 4 0 0
790 1 0 342 0 1
955 1 1 851 0 0
137 0 1 263 1 1
859 0 1 918 1 1
618 0 1 220 1 1
407 0 1 3 1 1
407 1 1 876 0 0
519 0 0 585 1 0
633 1 0 924 0 0
293 0 0 23 1 0
67 0 0 147 1 0
372 1 1 773 0 1
624 1 0 550 0 1
680 0 1 901 1 0
562 1 0 170 0 0
215 0 1 648 1 1
997 0 1 46 1 0
338 0 0 399 1 1
896 0 1 900 1 1
996 0 0 31 1 0
468 1 1 260 0 0
713 1 1 363 0 1
157 1 0 277 0 1
167 0 1 895 1 0
162 0 0 638 1 0
398 0 1 726 1 1
854 1 0 363 0 0
507 0 1 999 1 1
908 1 1 392 0 0
883 0 0 859 1 0
887 0 0 969 1 1
112 1 1 285 0 0
722 0 1 958 1 0
429 0 0 673 1 0
763 0 1 728 1 0
917 1 1 837 0 1
193 0 1 596 1 0
531 1 0 413 0 1
85 0 0 713 1 0
955 0 0 396 1 1
16 0 1 722 1 1
329 1 1 99 0 0
351 1 1 543 0 1
287 0 0 777 1 1
621 0 1 721 1 1
769 0 1 543 1 0
327 1 1 854 0 1
824 1 1 976 0 0
491 1 0 766 0 0
161 1 1 596 0 0
78 0 0 77 1 0
721 0 0 901 1 1
223 0 0 943 1 0
812 0 1 304 1 0
26 1 0 548 0 0
595 0 1 768 1 1
265 0 0 140 1 0
958 0 0 810 1 1
377 0 0 14 1 1
39 0 1 968 1 0
472 1 0 782 0 0
589 1 1 211 0 0
169 0 1 847 1 1
27 1 0 629 0 0
720 1 0 596 0 1
722 1 0 608 0 0
734 1 1 929 0 0
140 1 0 926 0 1
938 1 1 196 0 1
433 0 1 615 1 0
89 1 1 549 0 1
556 1 1 823 0 0
170 0 0 6 1 1
242 1 0 97 0 1
450 1 1 110 0 0
132 0 1 513 1 0
683 1 1 629 0 1
230 1 0 156 0 0
459 0 0 943 1 1
483 0 1 376 1 0
783 0 1 101 1 1
846 1 0 178 0 0
551 0 1 907 1 1
568 1 1 51 0 1
702 1 1 652 0 0
643 1 1 202 0 0
234 1 1 507 0 1
553 0 1 393 1 1
44 0 1 70 1 1
535 0 0 818 1 1
954 0 1 314 1 0
362 0 0 789 1 0
763 0 1 186 1 1
265 1 1 897 0 0
900 1 1 344 0 0
59 1 1 546 0 1
227 1 1 207 0 0
44 1 1 813 0 1
412 0 0 943 1 0
220 0 1 659 1 0
991 1 1 309 0 0
536 1 0 459 0 0
660 0 1 890 1 1
348 1 0 733 0 0
616 0 0 942 1 0
546 0 0 920 1 1
44 1 1 983 0 1
455 1 1 748 0 0
49 0 0 18 1 0
744 1 1 220 0 0
6 1 1 612 0 1
217 1 0 971 0 1
253 1 1 102 0 0
193 0 1 301 1 0
762 1 0 609 0 0
58 1 1 271 0 1
51 0 1 413 1 0
221 1 1 727 0 1
141 1 1 459 0 1
794 0 1 744 1 1
561 0 1 112 1 0
10 1 0 225 0 0
184 0 0 4 1 1
894 0 0 95 1 1
961 1 0 858 0 1
779 1 0 369 0 1
815 0 1 683 1 0
911 0 0 516 1 0
265 1 0 886 0 1
1 1 1 385 0 0
900 0 0 560 1 1
601 0 0 734 1 1
258 1 1 166 0 0
782 0 1 322 1 0
663 1 1 426 0 0
974 1 1 941 0 0
242 0 1 929 1 1
380 0 0 627 1 1
59 0 1 268 1 0
585 1 1 375 0 1
393 1 0 685 0 0
657 1 1 257 0 0
122 0 1 963 1 0
636 0 1 575 1 1
291 0 1 50 1 0
821 0 1 746 1 1
394 0 0 897 1 0
319 0 0 580 1 1
569 1 1 768 0 0
512 1 0 692 0 1
849 1 0 412 0 1
679 1 0 463 0 0
146 1 0 15 0 0
596 1 1 961 0 1
91 0 1 743 1 0
978 0 0 582 1 0
405 0 0 28 1 0
625 0 1 947 1 0
404 1 1 876 0 0
590 1 0 351 0 0
996 0 0 717 1 0
42 1 0 67 0 1
828 0 0 455 1 1
96 0 1 433 1 0
519 1 0 96 0 1
106 1 0 919 0 0
528 1 1 655 0 0
160 0 0 844 1 1
543 0 1 665 1 0
309 0 1 834 1 0
806 0 1 216 1 0
46 1 1 417 0 0
550 0 0 65 1 1
69 1 1 447 0 0
720 1 1 66 0 0
896 1 0 838 0 0
580 1 0 62 0 1
304 1 1 199 0 0
287 0 1 166 1 1
866 0 0 528 1 0
729 1 0 286 0 1
505 1 0 258 0 1
439 0 1 651 1 1
938 1 1 638 0 1
810 1 1 255 0 0
927 1 1 594 0 0
944 0 1 357 1 1
272 1 1 520 0 0
853 1 0 744 0 1
336 0 0 90 1 0
279 1 0 877 0 0
462 0 0 275 1 0
413 1 1 253 0 1
648 1 1 641 0 0
522 0 1 493 1 1
302 0 0 917 1 1
305 1 1 91 0 0
359 0 1 87 1 0
926 0 0 488 1 0
440 0 1 609 1 0
529 0 1 792 1 0
295 0 1 602 1 1
577 0 1 86 1 0
699 1 1 846 0 0
92 1 0 47 0 1
950 0 0 387 1 1
187 1 0 572 0 0
783 0 1 765 1 0
301 0 0 98 1 0
415 0 1 461 1 1
364 1 0 244 0 1
899 1 1 588 0 0
302 0 0 481 1 1
438 1 0 717 0 1
50 1 0 571 0 1
24 0 0 967 1 1
749 0 0 376 1 1
841 0 1 689 1 0
327 0 0 877 1 1
426 0 0 61 1 0
182 0 0 972 1 1
513 1 0 888 0 0
420 1 0 342 0 1
603 0 0 772 1 1
615 1 0 375 0 0
984 1 1 768 0 0
989 0 0 366 1 0
315 0 0 111 1 0
695 0 1 538 1 0
591 1 1 664 0 0
388 0 0 989 1 0
228 1 0 579 0 1
215 1 0 948 0 1
969 0 1 621 1 1
575 0 0 326 1 1
276 0 0 319 1 0
657 0 1 464 1 1
972 0 0 621 1 1
245 0 0 510 1 0
31 1 0 291 0 1
8 1 1 366 0 1
189 0 1 898 1 1
411 1 0 823 0 1
774 0 1 730 1 1
374 1 0 814 0 1
964 0 1 675 1 1
184 0 0 134 1 0
481 1 0 407 0 1
96 0 1 193 1 1
378 1 1 53 0 1
711 0 0 402 1 1
638 0 1 438 1 0
35 1 1 812 0 0
949 1 0 657 0 0
620 0 0 86 1 0
846 1 1 201 0 0
824 0 0 196 1 0
951 0 1 325 1 0
545 1 0 840 0 0
922 0 0 995 1 1
162 0 0 882 1 1
632 1 1 51 0 0
409 1 1 65 0 1
680 0 1 602 1 1
68 0 0 789 1 1
630 0 0 789 1 0
309 0 1 644 1 1
532 1 1 331 0 0
991 1 1 409 0 0
401 1 1 354 0 1
600 1 0 379 0 1
313 0 0 725 1 0
528 1 0 723 0 1
344 0 1 785 1 1
210 0 0 157 1 1
811 1 0 768 0 0
852 0 1 310 1 1
701 1 1 343 0 0
349 1 0 0 0 0
682 1 0 642 0 1
736 0 0 842 1 1
125 1 0 767 0 1
0 1 0 746 0 1
741 1 1 464 0 1
33 0 0 231 1 1
647 1 1 993 0 1
936 1 0 931 0 1
270 1 0 770 0 0
154 1 0 444 0 0
450 1 0 367 0 1
791 0 0 879 1 1
955 1 0 368 0 1
518 0 1 606 1 1
251 0 1 639 1 1
757 1 0 395 0 1
141 0 0 638 1 0
854 0 1 84 1 0
276 1 1 411 0 0
402 1 1 890 0 0
522 0 0 380 1 1
724 1 1 803 0 1
598 0 0 927 1 1
464 0 1 869 1 0
577 1 0 685 0 1
1 0 0 910 1 1
947 0 0 482 1 0
941 0 1 997 1 1
682 1 1 425 0 0
364 1 1 791 0 1
858 0 0 144 1 1
220 1 0 52 0 1
886 0 0 346 1 1
972 1 1 107 0 0
457 0 1 326 1 1
279 1 1 275 0 1
134 1 0 994 0 1
375 1 1 400 0 0
439 0 1 108 1 1
907 0 0 185 1 1
140 1 1 576 0 1
909 1 1 796 0 0
357 0 0 90 1 0
997 1 0 498 0 1
942 1 1 247 0 0
384 0 0 691 1 1
66 0 0 98 1 1
439 1 0 621 0 1
269 0 1 336 1 0
181 1 0 539 0 0
659 0 0 796 1 1
657 0 0 820 1 0
211 0 1 980 1 0
757 0 1 907 1 1
714 1 0 561 0 0
997 1 1 62 0 0
973 1 0 901 0 0
132 0 1 329 1 0
897 1 0 503 0 1
215 0 0 75 1 1
854 0 0 570 1 0
369 0 1 30 1 0
212 0 0 342 1 0
903 1 1 103 0 1
382 0 1 781 1 1
866 0 1 678 1 1
84 1 1 408 0 1
704 1 1 913 0 0
607 0 1 336 1 0
319 1 0 685 0 1
464 1 0 351 0 1
455 1 1 838 0 0
622 1 0 67 0 0
240 1 0 610 0 1
651 1 1 498 0 0
357 0 1 514 1 1
816 1 1 334 0 1
11 1 1 427 0 0
446 1 0 647 0 1
505 0 1 814 1 0
694 1 1 913 0 0
400 0 1 498 1 1
703 0 1 429 1 1
968 0 0 947 1 0
550 1 0 121 0 1
824 1 1 964 0 0
129 0 0 803 1 1
529 1 0 219 0 1
208 1 0 959 0 1
48 1 1 849 0 0
678 1 1 613 0 1
480 1 0 155 0 0
177 0 1 506 1 0
210 1 0 233 0 0
114 1 0 669 0 0
588 1 0 56 0 1
198 1 0 481 0 1
320 1 0 370 0 1
319 0 1 811 1 0
410 1 1 867 0 1
75 0 1 544 1 1
313 1 1 753 0 1
708 0 0 720 1 1
642 0 0 396 1 1
9 0 1 648 1 0
911 0 1 81 1 0
717 1 1 500 0 0
937 1 1 373 0 1
389 0 0 219 1 0
123 0 1 550 1 1
337 0 0 861 1 0
835 1 0 925 0 1
621 0 1 508 1 1
422 1 0 941 0 1
464 1 1 823 0 0
253 1 0 738 0 1
943 1 1 970 0 1
913 0 1 178 1 0
971 1 0 462 0 1
833 1 0 946 0 0
729 0 1 161 1 0
696 0 1 677 1 0
384 1 0 972 0 0
567 0 1 858 1 0
699 1 1 534 0 0
466 0 1 791 1 0
309 1 1 281 0 1
444 0 0 705 1 0
701 1 0 13 0 1
430 0 0 9 1 1
881 0 1 603 1 0
341 0 0 178 1 1
135 0 0 935 1 1
706 0 1 400 1 0
44 1 0 385 0 1
878 1 1 68 0 0
627 1 1 95 0 0
723 1 1 937 0 0
923 1 1 867 0 1
800 0 0 93 1 1
949 1 1 68 0 1
428 1 0 350 0 1
12 0 1 531 1 0
686 0 1 793 1 1
482 0 1 187 1 1
771 0 1 212 1 0
576 0 1 506 1 0
366 0 1 293 1 1
173 1 0 32 0 0
183 0 1 300 1 0
32 1 0 255 0 1
479 0 0 394 1 1
513 0 0 625 1 0
789 0 1 361 1 1
309 1 0 799 0 0
851 1 1 147 0 1
714 1 1 20 0 1
40 1 0 867 0 0
48 0 0 90 1 0
379 0 1 115 1 0
681 0 0 919 1 0
282 1 1 98 0 0
749 0 0 887 1 0
981 1 1 410 0 1
911 0 0 785 1 0
595 1 0 824 0 1
96 0 0 984 1 0
939 1 1 199 0 1
525 0 0 713 1 1
249 0 0 65 1 1
389 0 1 284 1 1
948 0 0 763 1 0
191 1 1 746 0 1
184 1 1 134 0 0
156 1 1 693 0 0
982 1 1 641 0 0
186 0 0 322 1 1
799 1 1 428 0 0
737 0 0 4 1 0
323 1 1 922 0 0
836 0 1 900 1 0
896 1 0 199 0 0
608 0 0 360 1 1
486 1 1 395 0 1
130 1 1 119 0 0
265 0 1 111 1 1
343 0 0 331 1 1
814 1 0 732 0 0
924 1 1 783 0 0
407 0 0 491 1 0
710 0 1 802 1 1
410 0 0 540 1 1
156 0 1 550 1 0
788 0 1 491 1 1
829 1 1 234 0 0
308 1 0 75 0 1
554 0 0 246 1 1
696 1 0 725 0 0
745 0 1 570 1 1
232 0 0 211 1 1
962 0 1 220 1 1
214 1 1 382 0 1
890 1 0 953 0 0
899 1 1 161 0 1
813 0 1 870 1 0
273 0 1 890 1 1
263 1 0 48 0 1
984 0 1 44 1 1
589 0 0 244 1 0
138 0 1 315 1 0
786 1 1 781 0 0
360 0 1 539 1 1
951 1 1 898 0 1
885 1 1 315 0 1
387 0 0 558 1 0
810 1 1 878 0 0
752 0 1 927 1 0
952 1 1 597 0 1
608 0 0 646 1 1
181 1 1 142 0 1
412 1 0 969 0 0
853 1 1 313 0 1
175 0 0 630 1 1
479 0 0 396 1 0
863 1 0 390 0 1
895 1 0 220 0 0
88 1 1 575 0 0
561 0 1 645 1 1
774 1 0 388 0 1
164 1 0 407 0 1
126 0 1 907 1 1
636 0 1 35 1 0
515 1 1 48 0 0
954 0 0 238 1 1
241 1 0 694 0 1
390 0 0 644 1 1
121 0 1 196 1 0
254 0 0 672 1 1
479 1 0 517 0 1
112 1 0 211 0 0
740 0 1 486 1 1
611 1 0 704 0 0
166 1 1 953 0 1
289 0 0 98 1 1
200 1 0 657 0 1
939 0 1 525 1 0
900 1 1 775 0 1
148 1 0 626 0 1
538 0 1 288 1 1
957 1 1 703 0 0
42 1 0 211 0 1
764 0 0 134 1 0
385 1 0 363 0 1
367 0 1 303 1 1
927 0 1 367 1 0
737 1 0 661 0 1
297 1 0 882 0 0
573 0 0 258 1 1
226 1 1 484 0 0
61 1 0 941 0 1
833 1 0 329 0 1
802 0 0 988 1 1
274 0 0 809 1 1
578 1 1 157 0 1
843 1 0 347 0 0
914 1 1 530 0 1
282 0 1 520 1 1
539 1 1 26 0 0
966 0 1 715 1 1
582 0 1 122 1 1
699 1 1 218 0 0
477 0 1 540 1 0
69 1 0 619 0 0
659 0 1 410 1 1
629 1 1 401 0 0
426 0 1 887 1 1
25 1 0 115 0 0
509 0 0 851 1 1
287 0 1 363 1 1
940 0 0 853 1 0
614 1 0 407 0 0
767 1 1 52 0 1
446 1 1 677 0 1
319 1 1 162 0 0
357 1 1 924 0 1
466 1 0 595 0 0
201 0 0 462 1 1
571 0 0 652 1 1
990 0 1 193 1 1
904 1 0 588 0 1
488 1 1 862 0 0
817 1 1 424 0 1
582 0 0 211 1 1
944 0 0 857 1 0
624 0 0 950 1 1
30 0 0 502 1 0
878 0 1 434 1 0
54 1 1 865 0 0
988 1 0 975 0 0
829 0 0 520 1 0
981 1 0 907 0 1
196 1 1 88 0 1
191 1 0 33 0 1
179 0 1 216 1 1
275 0 1 832 1 0
555 1 0 877 0 0
175 1 1 169 0 0
664 0 0 729 1 1
0 0 0 697 1 1
12 0 1 684 1 1
505 1 1 343 0 1
584 0 0 407 1 0
326 1 0 411 0 1
701 0 1 101 1 0
32 0 0 299 1 1
495 0 0 377 1 1
234 0 1 755 1 1
134 0 0 149 1 1
875 1 1 657 0 1
384 0 1 829 1 0
86 1 1 753 0 1
170 1 0 121 0 1
448 1 1 337 0 1
886 0 0 234 1 0
298 1 1 913 0 0
268 0 0 967 1 1
851 0 0 341 1 0
889 1 1 343 0 0
86 0 0 163 1 1
64 1 1 885 0 0
989 1 0 305 0 1
316 0 0 398 1 0
462 0 0 447 1 1
806 1 0 420 0 1
879 0 0 601 1 1
830 0 1 31 1 1
353 1 0 425 0 1
199 1 0 805 0 1
391 1 1 818 0 1
589 1 1 780 0 0
279 1 1 668 0 0
106 1 1 25 0 0
591 1 0 85 0 1
252 0 0 189 1 1
151 1 1 852 0 1
373 0 1 562 1 0
113 0 1 109 1 1
583 1 0 172 0 1
248 0 0 937 1 1
881 1 0 532 0 0
902 0 1 355 1 0
795 0 1 305 1 1
398 1 1 835 0 1
516 0 0 299 1 1
399 1 0 682 0 1
594 0 0 253 1 0
449 0 1 466 1 1
167 1 1 719 0 1
583 1 1 369 0 0
249 0 1 582 1 0
860 0 0 833 1 1
323 0 0 995 1 0
424 1 0 401 0 1
565 0 1 673 1 1
651 0 1 675 1 0
567 1 0 906 0 0
793 1 1 997 0 1
684 0 0 568 1 0
307 0 0 597 1 1
117 0 1 777 1 1
573 0 0 333 1 1
815 0 0 293 1 1
924 0 0 261 1 1
924 0 0 632 1 0
251 1 1 612 0 1
614 1 1 944 0 1
842 1 1 337 0 1
626 0 0 699 1 1
963 1 1 599 0 1
5 0 0 760 1 0
987 1 0 394 0 0
437 1 1 847 0 0
214 0 0 296 1 1
459 0 1 507 1 1
967 0 0 271 1 0
664 0 0 211 1 1
556 1 1 30 0 0
567 0 0 594 1 0
704 1 0 755 0 0
51 0 0 296 1 0
620 0 0 424 1 0
755 1 0 285 0 1
714 1 0 160 0 0
1
1
1
0
0
1
0
1
0
1
0
1
1
1
1
0
0
0
0
1
0
0
1
0
1
1
1
0
1
1
0
1
0
0
1
0
1
0
0
1
1
0
0
1
1
0
1
1
0
1
1
0
1
0
0
0
1
1
1
0
0
1
1
0
1
1
1
1
1
1
0
0
1
1
1
0
1
0
0
1
1
1
1
1
1
1
1
0
1
0
0
1
0
0
0
1
1
1
0
0
0
1
0
1
0
0
1
1
0
1
0
0
0
1
1
1
0
0
1
1
1
0
1
1
0
1
0
1
0
1
1
0
0
1
1
0
1
0
1
0
0
1
0
0
0
1
0
0
1
1
0
0
1
1
1
1
0
0
0
0
1
1
0
1
1
1
1
0
1
0
0
1
1
0
0
1
1
0
1
1
1
1
1
1
0
1
0
0
1
1
0
0
0
0
1
1
1
0
0
1
0
0
0
1
1
0
0
0
0
1
1
0
1
1
1
1
0
1
0
1
0
0
1
1
1
0
0
0
0
0
1
0
1
0
1
0
0
1
0
1
0
0
1
1
1
0
1
1
1
1
0
0
1
1
1
0
1
1
1
1
0
0
1
1
0
0
1
1
1
1
0
1
1
1
1
0
1
0
1
0
1
1
0
0
0
1
1
1
1
0
0
1
0
1
0
1
1
1
0
0
0
0
0
0
1
1
0
0
1
0
0
0
1
1
0
0
0
1
1
1
1
0
0
0
1
0
1
1
1
1
1
0
1
1
0
0
0
0
0
1
0
0
1
0
1
0
0
0
1
1
1
1
1
0
1
1
0
0
0
0
1
1
0
0
1
0
0
1
0
0
1
1
0
0
1
0
0
1
0
0
0
1
1
0
1
0
1
0
0
1
0
1
0
0
1
1
0
1
1
0
1
0
1
1
0
0
1
1
1
1
1
0
1
0
0
0
0
1
0
0
0
0
1
0
0
0
0
0
1
1
1
0
1
0
1
1
1
1
0
0
0
1
0
1
1
0
0
1
1
0
1
1
1
0
0
1
0
0
0
1
1
1
1
0
1
1
1
0
0
0
1
0
1
1
0
1
0
0
0
1
0
0
1
1
0
1
1
1
1
1
0
0
0
0
0
1
1
1
0
1
1
1
1
1
0
1
0
0
1
0
0
0
0
1
1
1
0
0
0
1
1
0
1
1
0
1
1
1
0
1
0
0
0
0
1
0
1
1
1
1
1
1
1
0
0
0
1
0
1
1
1
0
1
0
0
0
1
1
1
1
0
0
1
0
0
0
0
1
1
1
0
1
0
1
1
0
0
0
0
1
1
1
1
0
1
1
0
0
0
0
0
0
0
1
0
0
0
1
1
1
0
0
0
1
1
1
1
1
1
0
0
0
1
0
1
1
1
1
1
0
1
1
0
1
1
1
1
1
0
1
0
0
1
1
1
0
0
1
0
0
1
0
0
0
0
1
1
0
1
1
0
0
0
0
0
1
1
1
0
1
0
1
0
1
0
1
0
0
0
0
0
1
0
1
0
1
0
1
1
1
0
1
0
1
1
0
0
1
1
1
0
0
0
0
1
0
0
1
0
0
1
1
0
0
0
0
1
0
1
0
0
0
1
0
1
0
0
1
1
1
0
0
1
0
0
1
0
0
0
1
1
0
0
1
0
0
1
1
0
0
1
0
0
0
0
1
0
0
1
0
0
1
0
1
0
0
0
0
1
1
1
0
1
1
1
1
1
0
0
0
0
1
0
1
1
1
0
1
1
1
1
1
1
1
1
1
0
1
1
1
0
1
1
1
0
0
0
0
0
0
0
0
1
0
1
0
1
0
0
1
1
1
0
0
1
1
1
1
1
1
0
1
0
1
1
0
1
1
0
1
0
0
1
1
1
1
0
0
1
0
1
0
1
0
1
0
1
0
1
0
1
1
0
1
0
1
0
1
0
0
0
0
1
0
0
0
1
0
0
0
0
0
0
1
0
1
0
1
0
1
0
1
1
0
1
1
1
1
1
1
1
1
0
0
1
0
0
0
0
1
0
0
1
1
1
1
0
1
0
0
1
0
0
0
0
1
1
1
0
0
1
1
0
1
0
1
1
0
0
1
1
0
1
0
1
0
1
0
0
0
0
1
0
0
1
1
1
0
0
1
1
1
1
1
0
1
0
1
1
0
0
1
1
1
1
0
0
1
0
0
1
1
1
1
1
0
0
1
0
1
0
1
0
1
0
1
0
1
0
0
1
1
1
0
0
0
1
0
1
1
