48 73 72 61 68 72 82 75 64 80 96 137 147 135 105 75 72 65 98 105 
80 105 118 117 113 134 142 106 84 96 135 153 148 125 83 90 113 98 115 117 
72 108 141 143 134 153 148 106 115 121 140 119 136 129 89 84 122 133 132 96 
86 115 154 147 123 130 118 89 118 110 118 93 109 120 122 84 96 122 129 89 
84 111 150 149 126 134 107 96 133 124 140 125 118 134 148 94 85 120 134 89 
71 91 123 162 144 148 140 110 137 152 160 152 131 111 117 99 99 141 144 105 
88 104 109 164 154 147 147 118 133 140 146 126 102 94 113 125 105 112 149 125 
78 93 114 154 121 116 137 119 113 116 149 145 101 135 152 139 118 94 122 115 
99 121 120 140 111 124 145 111 100 130 172 174 132 137 133 107 116 134 137 103 
119 138 92 111 143 151 170 151 121 150 166 170 151 120 122 124 134 145 145 83 
107 135 90 106 134 158 181 169 152 151 138 162 166 132 121 126 109 131 152 84 
102 142 117 119 116 143 165 138 132 142 129 167 185 169 167 143 113 135 151 111 
107 141 120 111 120 148 164 147 132 130 141 149 170 157 169 159 135 122 142 111 
93 117 112 128 161 165 148 141 132 136 148 129 125 129 164 154 115 108 140 100 
74 84 93 94 123 119 76 73 79 81 88 86 98 130 142 121 80 71 83 91 
