15 20
16 231 156 59 249 67 211 251 97 70 65 233 168 120 75 59 108 28 61 251 
139 23 187 19 66 81 122 214 99 41 116 244 248 145 2 28 199 67 165 43 
124 150 32 170 221 188 138 104 182 15 200 150 100 254 219 57 60 243 184 11 
123 29 160 137 82 37 66 47 116 36 30 83 253 103 55 36 36 241 13 31 
4 203 132 4 45 189 132 53 195 40 239 89 215 27 230 169 135 210 234 13 
151 17 31 221 206 4 68 70 59 238 135 228 243 63 7 60 127 248 135 1 
38 138 29 188 46 108 111 86 203 168 170 77 11 9 75 251 140 221 189 135 
202 1 166 129 20 34 197 54 137 182 190 255 0 201 190 89 89 8 7 192 
246 107 41 188 14 3 58 21 99 115 153 214 13 204 19 62 126 177 176 234 
99 197 28 150 243 235 203 169 64 235 65 215 76 134 240 140 231 37 232 202 
201 192 5 20 188 173 189 169 240 182 225 70 228 77 59 112 49 197 236 31 
220 40 194 33 52 49 208 136 211 107 80 224 239 255 192 117 117 82 147 248 
189 230 227 39 132 135 21 2 179 95 81 50 230 142 98 143 173 251 116 226 
1 141 31 56 206 245 206 112 207 22 255 239 86 108 63 198 14 159 235 128 
233 39 253 86 33 202 50 18 111 120 114 148 8 194 151 77 141 162 19 177 
54 14 39 16 30 48 20 17 31 175 62 212 226 249 233 33 89 37 170 156 
159 134 91 185 82 180 228 47 31 9 184 140 22 78 5 119 123 39 0 249 
7 90 200 132 121 185 190 46 194 193 213 8 254 160 4 59 186 129 197 141 
134 113 217 188 89 140 176 11 158 44 202 4 34 37 223 43 127 77 146 160 
154 81 247 201 153 207 25 81 226 50 158 93 20 240 220 16 8 39 145 96 
17 10 142 225 44 200 242 76 161 139 167 179 138 106 200 62 50 208 80 221 
168 192 59 245 220 194 188 54 195 124 180 37 192 25 84 107 38 5 228 194 
15 21 71 216 145 96 140 165 92 30 132 211 4 211 204 224 250 9 123 142 
69 187 143 228 25 218 223 49 95 127 216 197 150 137 142 7 16 215 148 68 
195 147 55 13 203 45 198 218 14 199 248 144 251 43 150 120 175 198 145 2 
77 164 56 162 67 191 208 231 169 139 54 229 160 150 47 167 38 27 229 38 
41 246 37 238 122 186 201 76 25 253 37 228 183 156 247 179 41 225 131 94 
151 155 81 63 45 138 248 247 149 21 208 98 241 157 224 148 212 4 171 94 
135 124 79 222 221 162 131 193 109 230 160 85 141 19 254 126 133 8 252 35 
122 67 107 28 233 145 31 86 64 26 95 63 153 239 215 219 3 49 6 253 
60 191 191 52 81 61 115 136 128 197 154 131 254 223 229 250 116 208 241 172 
75 85 145 229 181 176 85 100 37 250 79 127 199 109 57 158 125 150 246 169 
86 62 255 159 43 112 237 141 5 79 153 235 22 102 74 107 233 53 21 60 
208 21 87 39 176 98 244 26 141 171 9 17 244 14 98 9 126 40 220 86 
235 45 18 173 2 38 32 93 86 224 210 247 247 38 254 68 192 17 243 175 
123 238 128 119 206 183 238 85 213 220 201 235 43 67 19 243 144 221 112 35 
212 166 10 130 171 190 255 113 13 2 152 125 6 163 74 153 34 140 201 119 
135 196 98 208 60 57 83 207 125 90 18 48 52 172 186 32 8 99 154 95 
76 86 108 176 81 79 241 90 150 55 254 221 166 121 232 244 183 27 89 252 
199 186 59 248 222 245 10 166 138 85 0 207 29 71 66 126 203 72 90 77 
98 119 34 33 198 58 246 37 177 102 99 42 110 99 50 155 231 224 82 145 
90 187 132 225 84 77 21 86 78 238 152 179 103 29 186 78 33 218 255 252 
63 8 109 183 123 227 242 9 59 249 210 197 244 99 110 247 73 25 10 245 
108 100 170 114 147 130 208 255 86 251 235 25 6 14 249 138 141 226 159 0 
40 152 241 212 138 218 6 111 170 144 49 102 210 245 75 221 229 237 162 81 
