40 40
167 7 135 164 96 238 184 99 214 227 76 164 133 187 28 164 19 208 7 103 149 98 12 189 48 70 115 168 6 168 209 154 96 222 40 35 121 3 140 0 
194 240 20 94 96 76 108 116 169 223 135 7 89 38 53 238 180 74 89 124 131 41 105 183 223 11 10 88 26 248 150 111 91 43 135 188 6 172 190 103 
20 211 187 19 167 133 225 165 107 75 170 16 74 162 220 167 119 238 1 242 98 101 34 169 37 222 32 36 67 189 239 218 96 41 248 122 209 234 174 84 
237 68 207 79 24 219 106 52 148 101 209 86 12 29 75 199 35 212 198 67 185 114 119 31 134 59 189 157 146 32 24 40 79 53 166 97 153 237 157 154 
127 249 190 84 248 93 162 248 45 17 210 155 32 88 161 172 184 107 205 174 54 14 128 143 70 235 197 49 225 9 202 245 76 23 171 163 20 239 35 194 
2 13 133 125 148 226 246 179 166 71 7 79 199 243 124 36 134 24 182 48 172 58 138 202 45 143 224 140 88 14 233 89 154 240 108 10 58 154 118 223 
243 158 67 199 183 38 162 167 181 159 97 191 49 239 165 201 251 252 15 105 8 231 4 144 135 98 18 195 100 48 167 231 19 41 209 171 230 190 67 232 
68 221 54 191 36 79 237 178 211 113 75 229 113 187 121 40 27 63 46 8 98 249 254 47 81 252 32 122 189 157 161 254 10 205 250 227 153 157 221 11 
237 97 162 146 225 107 115 139 185 44 219 15 126 254 113 144 147 79 254 195 27 161 33 108 49 179 197 102 70 184 53 31 10 24 237 78 4 138 193 89 
112 106 180 109 145 66 142 55 86 26 31 91 184 83 87 144 215 30 25 38 255 83 40 176 183 219 83 35 211 210 227 33 171 217 82 92 65 115 242 81 
238 40 51 119 67 39 66 249 50 211 150 196 251 18 196 213 249 109 134 248 232 52 167 247 42 150 63 31 231 18 71 230 33 225 78 98 229 154 234 134 
185 200 215 206 187 234 57 105 108 68 232 216 44 82 90 116 12 201 99 105 72 154 146 30 106 224 148 65 177 62 204 253 191 212 116 1 128 155 134 210 
64 19 44 143 134 104 92 222 26 101 91 61 88 231 91 76 44 151 103 8 243 155 118 202 183 143 155 50 103 25 201 106 67 115 101 149 169 182 76 12 
247 228 89 200 146 68 84 165 102 220 114 119 239 155 222 20 233 3 214 147 124 147 26 192 104 164 2 143 93 200 118 62 93 112 157 159 176 176 99 113 
218 85 87 144 52 133 59 10 185 253 251 254 132 222 19 88 42 82 80 242 63 53 90 56 194 93 235 49 43 43 242 175 154 6 107 249 5 94 2 26 
42 98 42 99 54 39 183 49 106 177 15 82 238 38 136 186 103 160 228 181 204 27 100 190 51 85 16 46 21 186 110 184 23 56 92 143 127 26 162 228 
121 142 214 115 81 81 237 116 217 246 62 107 106 75 134 166 252 4 170 200 2 154 76 84 165 36 195 43 90 11 88 133 58 236 150 42 118 113 221 49 
254 186 191 153 198 159 16 141 188 224 78 51 78 133 122 32 102 5 159 163 102 3 78 183 141 10 137 76 236 206 39 182 177 161 166 10 68 211 95 147 
130 237 161 151 123 89 58 65 157 121 33 185 87 129 131 112 128 204 166 52 144 93 9 4 122 52 238 180 117 114 8 255 54 56 147 143 22 205 107 120 
214 99 216 12 62 180 29 85 126 81 126 165 232 238 182 169 79 95 130 61 51 37 237 196 213 161 149 189 2 85 63 65 101 44 235 114 71 197 70 193 
8 94 26 136 254 203 67 6 89 187 238 72 34 52 33 22 85 163 166 14 180 114 124 83 78 72 34 132 151 123 247 164 221 61 3 33 214 221 146 173 
174 136 0 116 236 201 245 211 102 231 158 165 136 168 91 166 166 176 97 47 43 48 229 218 220 131 180 240 85 110 34 81 254 189 230 172 56 226 22 4 
170 174 184 60 38 54 253 20 110 115 214 62 170 30 85 200 185 162 38 24 94 23 135 109 90 18 249 92 121 141 25 35 32 45 252 248 237 92 53 52 
5 47 11 188 231 137 234 234 91 124 131 194 41 211 195 56 52 128 99 125 49 54 113 55 117 22 132 19 11 207 55 159 227 233 74 17 95 112 222 193 
164 118 18 234 7 44 171 46 200 104 213 251 142 115 225 184 202 33 41 143 141 180 169 177 64 30 3 192 55 73 132 198 119 137 78 221 45 218 102 37 
51 149 161 154 147 247 76 231 139 94 20 174 114 241 96 22 199 82 143 221 178 124 104 181 13 176 105 253 134 233 124 66 163 215 147 71 173 115 43 66 
130 87 166 145 63 80 105 246 63 253 17 184 227 172 136 130 114 64 86 190 14 209 250 58 147 120 28 239 111 194 102 170 130 223 22 57 9 45 218 40 
123 108 126 129 78 182 52 11 153 239 154 33 125 200 44 206 187 50 197 5 95 222 178 132 65 74 175 191 253 101 34 129 77 161 122 10 71 32 87 175 
243 104 46 75 248 113 86 59 74 17 94 59 169 209 51 244 23 96 194 200 212 190 36 238 168 113 12 154 138 27 37 205 3 54 115 162 244 193 84 38 
106 134 125 201 166 52 200 114 191 43 74 209 141 66 37 81 132 185 74 136 162 129 16 44 23 2 18 30 179 108 251 177 102 231 14 221 77 35 148 137 
125 183 143 99 103 54 207 95 74 140 12 244 122 57 48 190 103 71 74 238 130 139 61 207 217 147 254 215 69 161 158 141 187 180 159 35 53 179 53 12 
67 96 30 82 61 10 94 210 249 157 114 77 156 182 231 233 20 228 89 60 65 218 217 177 254 175 253 25 69 181 179 122 17 113 60 30 230 221 225 202 
9 11 88 255 143 76 142 36 17 189 255 173 234 73 25 208 55 36 146 165 155 189 71 196 28 7 71 38 198 13 223 9 85 213 21 201 255 140 226 78 
244 106 243 14 250 46 2 166 96 230 212 78 156 245 124 219 159 99 152 44 226 131 98 158 161 232 178 162 125 175 143 186 148 160 40 48 97 207 81 67 
26 135 225 217 122 63 92 41 62 49 144 251 156 207 244 45 130 188 211 195 44 102 0 143 0 123 182 106 29 234 205 141 219 22 241 252 36 64 208 252 
62 228 174 237 237 7 233 252 37 161 29 251 16 170 39 124 7 79 18 89 99 147 202 186 197 78 7 98 70 141 101 147 97 77 68 109 89 141 65 72 
77 66 229 2 13 77 186 16 208 132 255 23 46 175 171 235 83 110 87 8 106 244 37 214 108 26 69 241 166 159 104 124 74 191 91 1 93 201 213 137 
165 79 21 224 92 130 128 88 132 138 129 221 172 23 4 20 69 220 252 236 202 14 61 245 206 93 235 155 40 92 19 227 84 194 79 34 117 188 87 80 
237 135 3 234 51 156 64 78 19 22 163 181 121 121 108 6 202 38 32 101 8 206 77 32 167 72 109 166 39 95 87 119 4 118 189 236 120 191 248 162 
135 73 58 56 96 52 11 4 156 120 173 168 97 126 96 51 185 66 172 158 112 249 242 45 2 202 110 116 228 2 33 67 234 212 176 197 103 236 103 186 
3 135 41 33 34 181 254 178 213 92 235 16 95 175 214 96 28 36 15 196 133 77 138 48 191 108 213 151 179 191 105 168 126 82 101 71 240 240 88 111 
205 113 168 130 27 75 84 115 254 24 10 12 142 244 76 223 83 119 237 71 67 19 81 211 13 54 220 91 130 46 153 107 99 44 85 11 20 153 180 234 
27 214 153 134 184 88 153 12 246 168 187 215 96 172 37 210 131 243 164 107 123 15 13 58 225 153 49 79 36 232 114 255 178 106 26 223 101 76 253 109 
149 95 21 143 190 42 2 65 150 57 129 67 5 101 249 208 237 82 56 254 147 58 80 7 108 108 96 49 244 65 107 96 47 92 12 156 30 240 111 146 
237 231 186 108 29 16 222 83 151 46 31 151 57 19 170 224 26 60 52 30 211 207 169 95 56 120 143 49 48 194 211 181 72 15 163 159 186 56 153 90 
106 7 21 245 14 106 34 115 250 254 6 210 114 104 194 162 142 124 169 83 165 195 106 86 143 167 252 254 117 47 181 150 122 255 150 150 32 184 156 28 
138 137 36 175 82 195 242 108 45 156 71 187 164 185 228 103 220 168 241 62 47 54 141 157 236 116 154 250 27 88 51 204 170 252 40 233 5 145 55 227 
188 234 67 198 102 85 141 76 48 35 184 219 118 73 230 102 120 180 28 31 229 86 238 178 235 39 107 31 156 70 222 130 164 77 66 34 21 253 232 42 
118 40 84 29 59 84 151 196 155 99 105 136 149 39 179 36 169 127 93 106 98 149 26 193 64 10 60 255 215 74 114 29 28 193 83 186 148 165 157 150 
150 59 174 94 193 255 29 90 2 104 201 63 1 175 230 45 151 66 188 72 91 57 73 135 86 151 52 126 34 138 62 80 231 143 76 47 154 45 150 89 
27 171 241 254 157 203 77 193 143 90 154 163 234 139 49 205 108 250 131 200 219 181 136 40 51 31 231 233 192 186 128 44 147 200 227 173 148 77 185 17 
196 94 70 210 175 125 208 205 255 249 100 254 107 112 139 208 225 76 97 109 115 201 54 153 191 92 250 202 209 188 142 165 195 107 152 250 209 117 24 81 
200 11 81 107 171 244 236 74 12 27 69 230 219 167 204 46 51 61 176 200 144 54 123 235 207 139 225 102 45 121 86 143 176 197 35 170 14 64 210 53 
9 53 156 101 181 64 229 65 134 8 67 57 237 208 69 185 56 234 232 35 223 142 195 111 26 4 255 113 81 85 117 248 148 104 48 192 180 23 119 27 
193 119 122 63 32 140 148 87 30 3 12 63 254 12 51 151 141 136 50 31 175 199 28 141 79 121 4 209 248 167 139 42 19 240 188 59 154 79 71 83 
45 212 80 1 198 227 70 44 45 133 191 14 33 6 120 137 39 206 39 117 196 0 4 165 112 114 115 15 10 39 8 66 116 41 140 199 187 56 122 103 
143 76 17 163 25 239 41 149 41 18 253 113 234 183 13 20 235 52 135 154 107 175 249 62 219 252 195 128 52 110 227 43 81 82 230 195 192 233 85 213 
68 169 62 236 134 248 84 105 241 0 23 128 250 143 220 7 32 164 214 6 103 228 85 26 17 73 56 20 167 37 220 37 177 195 149 95 2 134 161 185 
217 132 116 178 110 157 140 94 9 175 10 163 66 60 72 125 183 47 187 94 122 158 88 33 239 31 134 30 1 59 172 157 94 8 50 24 221 18 6 111 
60 121 78 110 168 97 29 43 211 72 176 195 11 214 94 120 210 234 183 79 192 194 215 228 131 120 31 40 80 97 77 195 112 253 159 112 191 254 22 21 
41 12 219 44 6 135 181 126 112 236 50 207 1 22 191 66 28 178 226 225 103 61 42 247 167 59 3 6 224 115 73 103 225 95 156 119 64 119 171 238 
225 216 189 180 78 96 206 200 124 226 134 211 77 247 184 172 161 232 61 141 114 71 215 50 61 147 145 114 135 162 155 40 114 49 72 102 134 61 188 251 
45 45 79 213 245 104 246 181 208 96 138 240 15 233 168 143 25 165 98 145 205 103 169 34 32 173 14 122 144 254 235 207 36 68 235 105 140 106 105 174 
231 4 36 86 10 136 195 118 126 43 172 210 105 221 173 230 118 10 63 152 190 42 57 165 74 249 36 181 204 124 39 168 63 0 75 78 169 169 235 248 
193 70 67 205 135 196 210 172 39 46 137 209 4 196 81 7 132 22 114 231 222 169 88 137 184 255 29 174 210 146 12 67 59 244 206 62 158 158 38 113 
34 196 235 251 151 151 22 152 30 10 164 1 138 17 35 107 134 152 125 133 44 151 119 7 118 102 190 126 181 70 97 211 17 53 233 138 115 153 93 200 
116 172 193 109 53 153 169 252 211 178 69 181 187 192 232 97 184 160 80 134 102 108 232 25 205 149 200 39 109 229 131 160 4 96 220 100 233 6 146 27 
12 137 188 40 240 128 126 216 183 245 26 236 163 160 211 75 21 159 28 249 212 47 129 203 111 71 20 107 112 25 231 204 119 91 207 234 98 255 237 151 
226 15 128 244 35 54 213 134 191 160 57 224 50 199 161 74 55 226 101 7 163 39 209 50 165 40 41 141 182 244 61 127 177 99 209 193 90 199 237 107 
208 63 92 92 143 187 221 254 173 189 31 225 17 191 27 144 131 111 119 140 240 21 120 71 52 156 156 240 254 7 242 48 49 207 113 137 213 135 156 131 
253 47 34 88 62 85 137 179 166 212 50 7 166 226 200 151 126 208 186 243 89 21 71 78 90 19 137 88 30 68 232 8 192 195 147 245 64 201 32 46 
114 91 245 90 34 202 60 92 223 172 15 246 197 229 58 193 8 98 195 24 134 95 48 94 15 238 193 71 198 193 251 239 100 45 220 171 246 47 111 175 
235 211 244 178 180 59 7 197 168 54 190 67 164 161 202 187 77 143 69 63 73 23 201 43 164 95 97 128 99 16 224 191 30 192 192 218 132 255 183 11 
217 46 93 169 248 18 99 124 72 204 173 166 215 127 48 15 14 147 242 8 115 200 62 66 190 57 226 64 145 66 171 249 45 228 176 214 3 73 2 229 
57 166 119 224 105 149 213 200 162 137 207 185 62 93 50 38 180 169 123 249 108 37 55 136 20 47 226 144 222 86 251 217 103 55 188 14 70 246 166 153 
2 5 8 188 117 54 182 105 167 88 221 219 113 189 117 164 174 89 161 120 233 151 137 158 177 226 146 154 20 222 79 120 35 197 81 187 73 157 8 130 
219 68 193 76 43 209 145 121 14 67 177 77 209 65 144 244 15 127 27 75 1 10 205 79 229 231 55 120 251 153 219 179 11 245 254 152 190 196 156 33 
148 144 10 93 183 110 7 145 217 103 68 138 228 225 8 30 216 87 127 195 151 151 42 200 187 196 48 40 87 149 214 55 100 108 145 236 101 248 169 251 
42 188 26 244 10 222 105 124 136 201 207 29 252 57 201 242 234 136 223 157 110 3 123 41 220 246 197 164 60 75 193 123 246 91 113 18 4 107 85 242 
47 21 18 120 121 250 126 253 88 176 104 181 107 180 237 58 31 47 85 4 242 241 250 91 25 23 164 237 211 35 182 42 118 138 225 232 215 15 137 253 
130 192 90 175 66 198 182 218 153 189 230 26 247 213 252 119 16 34 210 156 118 145 10 11 221 39 46 106 121 184 105 217 64 87 196 173 241 25 196 218 
21 75 95 249 49 76 190 90 31 115 81 16 190 85 143 166 183 17 102 203 72 237 100 26 145 180 29 192 140 10 50 238 140 88 141 141 12 204 81 86 
15 192 215 198 175 127 217 245 117 122 127 196 95 39 125 160 135 130 135 187 143 103 4 218 227 144 51 185 155 116 116 84 10 253 57 58 231 196 146 176 
59 194 42 204 61 72 57 29 40 46 146 96 179 241 221 255 210 198 7 113 177 166 3 134 148 92 97 70 222 220 84 185 114 182 27 220 53 130 122 198 
38 155 15 29 166 36 219 101 128 146 153 48 68 45 51 216 230 164 192 9 107 101 74 78 130 182 12 212 255 87 140 7 25 95 250 21 153 192 59 27 
80 125 169 87 23 133 180 208 5 187 124 241 40 97 66 197 179 214 142 132 100 62 173 60 61 60 177 160 37 193 99 112 255 87 227 93 75 19 128 92 
93 240 38 226 80 106 126 34 112 7 202 125 100 251 85 211 123 28 218 168 58 68 55 83 199 148 9 220 131 162 129 51 167 76 223 232 208 190 202 108 
151 58 165 224 122 174 195 194 134 160 168 97 109 193 191 168 205 204 231 246 88 53 92 135 100 118 0 6 68 26 13 239 37 105 108 180 124 66 106 252 
89 106 19 230 222 139 225 146 162 34 231 237 249 39 191 37 70 174 19 231 221 112 171 157 103 46 186 135 233 60 84 221 27 42 79 26 161 132 70 115 
154 17 68 210 27 218 46 191 9 151 131 69 88 17 96 231 59 255 107 65 95 81 184 36 106 241 39 244 169 139 214 162 167 88 251 140 134 237 137 236 
211 42 225 213 6 22 134 248 226 177 61 219 126 13 116 160 12 45 107 209 244 45 148 126 154 96 101 17 51 117 212 82 54 0 173 134 195 245 103 95 
247 50 184 171 249 145 0 110 154 22 57 93 47 158 49 238 137 40 82 103 219 97 172 17 51 159 240 80 103 233 165 212 76 18 6 180 83 75 114 80 
184 127 84 62 222 60 242 151 83 205 114 243 81 210 165 159 190 33 138 73 87 222 118 222 171 239 160 245 232 13 31 214 181 168 152 206 251 78 227 223 
25 167 198 61 170 20 75 91 148 254 143 24 107 171 107 14 222 37 137 22 79 238 217 8 200 1 82 57 67 208 125 16 56 95 247 164 178 75 42 54 
55 206 108 149 226 118 152 251 213 155 182 20 23 51 232 20 168 128 9 127 95 152 209 106 171 62 52 248 246 242 146 199 244 135 25 245 213 96 169 179 
107 188 129 21 248 174 193 29 205 211 45 132 121 133 213 7 157 179 78 229 192 105 27 171 120 111 71 251 144 18 27 34 144 136 118 201 21 171 115 31 
46 235 88 227 143 142 175 29 242 120 75 7 163 39 86 130 24 29 236 149 249 183 46 75 117 219 242 89 82 105 236 120 246 92 227 40 227 120 41 121 
247 241 107 243 251 121 95 174 117 254 0 45 238 53 133 217 186 71 98 127 118 82 119 214 49 245 77 201 11 232 65 206 78 212 84 229 222 232 162 164 
197 186 201 177 28 14 172 216 155 200 231 49 96 205 247 105 158 205 74 112 124 56 9 53 115 101 181 242 158 57 165 67 223 230 179 96 76 28 125 45 
83 28 226 144 35 50 75 241 23 178 179 78 124 210 240 11 230 169 217 25 154 156 111 185 195 116 225 198 249 245 243 248 56 12 220 25 39 217 107 177 
90 54 149 55 47 110 222 224 141 112 198 115 103 89 235 224 147 31 161 13 237 131 237 114 184 21 251 208 208 227 237 242 165 210 7 145 6 219 116 62 
108 26 234 139 183 168 81 201 3 213 91 76 179 170 150 207 55 157 156 222 188 143 120 64 116 13 187 95 193 30 127 247 129 225 136 98 17 74 104 231 
247 88 62 227 9 66 225 91 191 8 79 119 197 227 254 48 115 64 171 115 228 200 24 76 9 166 238 206 172 100 220 64 66 155 183 9 39 97 61 98 
77 212 42 61 36 99 247 87 20 126 178 124 214 244 180 115 13 117 80 235 164 15 4 0 127 230 183 92 166 214 61 253 16 251 163 174 48 159 132 165 
160 224 129 245 17 119 103 71 34 125 109 21 123 49 119 6 123 21 29 186 37 37 74 201 70 139 20 216 67 182 93 52 208 5 157 32 23 35 14 130 
42 108 140 178 117 200 222 94 182 223 219 204 46 5 108 195 189 201 96 115 152 122 236 134 31 203 79 209 173 158 234 184 237 92 66 205 53 143 196 131 
167 65 4 88 12 180 18 44 52 58 45 228 43 121 46 145 89 144 27 106 246 153 196 79 13 176 155 192 51 85 147 30 112 34 3 197 65 147 9 76 
125 220 183 162 105 121 201 82 18 226 5 17 125 73 108 9 30 171 241 55 193 119 128 81 210 125 10 180 8 143 248 187 18 44 123 45 122 137 82 214 
129 235 209 40 80 255 63 61 209 77 22 189 175 106 167 14 240 40 226 174 157 106 146 34 219 84 78 141 59 93 212 36 94 12 120 195 62 126 3 126 
70 92 91 127 9 71 125 25 84 22 243 203 155 82 144 97 103 255 7 33 9 234 73 77 31 92 1 132 30 157 46 87 62 231 139 138 205 76 196 124 
244 94 210 210 131 208 206 134 236 56 55 88 235 10 108 159 20 63 171 224 246 28 137 131 14 142 199 222 129 33 159 19 135 184 57 204 211 180 101 241 
73 89 132 33 11 239 210 114 209 220 22 205 142 212 45 70 128 65 109 176 109 242 120 221 194 226 0 58 177 225 46 132 91 137 157 170 116 33 3 96 
219 29 21 91 1 196 243 116 184 86 105 95 11 223 190 197 173 28 136 167 47 176 29 133 160 241 14 194 42 79 109 214 18 173 127 36 25 118 245 243 
77 33 224 209 246 218 145 222 55 189 241 15 207 25 52 181 48 44 221 1 244 83 71 206 112 162 254 63 91 70 84 242 237 187 78 110 187 226 170 122 
166 41 35 30 172 189 141 187 190 33 60 176 49 77 20 2 111 190 199 250 202 204 233 211 131 206 13 164 175 149 43 222 14 35 218 23 105 115 106 21 
68 42 143 140 65 131 59 187 189 169 9 82 91 132 150 1 100 155 134 197 215 206 62 53 13 139 35 159 93 16 240 8 48 180 132 9 249 26 135 26 
50 141 239 153 120 215 118 5 67 240 176 177 239 119 56 60 124 87 49 233 182 76 34 72 148 117 229 94 72 124 194 202 83 88 36 37 42 72 130 132 
159 7 171 186 7 114 37 18 68 223 210 252 10 244 65 163 183 229 125 161 192 192 47 158 145 241 242 195 140 138 3 40 163 41 171 191 42 15 83 14 
225 97 237 158 70 163 93 83 151 111 159 34 117 79 252 161 182 21 118 166 71 107 215 189 212 92 251 1 177 128 246 106 145 115 214 15 108 118 107 101 
94 103 70 166 152 232 188 110 23 79 155 221 20 64 184 99 234 253 51 124 154 171 255 109 227 39 18 184 102 222 8 218 69 170 190 26 109 89 82 18 
