67 96 90 107 90 95 125 127 85 88 85 76 98 92 85 72 60 90 127 135 119 84 78 114 131 118 99 106 129 113 95 79 80 94 92 89 101 103 115 113 74 67 116 142 110 78 95 92 92 80 100 107 74 92 95 92 82 128 140 134 75 50 59 108 134 125 95 92 106 102 98 86 81 115 120 98 112 120 126 128 98 93 128 110 95 92 99 96 116 96 89 87 73 86 76 89 101 96 99 77 
77 110 112 136 118 133 140 125 102 93 109 126 164 160 152 133 103 103 105 115 132 108 116 134 149 150 117 122 161 161 116 98 110 131 106 97 107 121 140 145 107 102 141 148 108 97 114 119 126 125 110 123 97 125 145 113 123 169 170 169 113 73 78 117 141 138 118 130 159 160 144 111 116 131 150 142 144 130 133 158 152 148 146 98 98 131 116 104 141 143 115 110 112 99 83 116 134 134 130 125 
81 127 142 148 142 146 130 110 103 103 122 126 150 141 136 146 139 102 81 98 115 97 121 119 99 129 127 121 140 137 117 111 123 142 103 89 100 110 108 124 132 129 145 132 89 98 140 135 128 149 133 125 110 120 116 97 137 165 165 174 161 128 126 125 124 111 113 143 163 167 150 111 114 130 152 152 128 112 119 142 150 154 122 89 107 142 117 88 118 122 101 95 131 142 119 148 144 135 123 99 
94 137 137 129 134 110 95 108 117 114 112 107 125 122 123 130 119 105 96 94 98 95 114 96 66 106 148 150 144 127 111 125 116 113 101 117 121 114 117 124 109 131 160 156 125 131 141 131 110 127 135 115 115 136 118 94 117 133 139 153 162 153 147 142 156 121 107 120 139 135 125 122 121 123 107 113 125 117 120 111 130 131 136 135 136 132 141 127 145 132 115 120 149 166 148 176 161 131 127 99 
89 132 133 121 118 96 78 87 105 106 93 96 112 106 137 142 110 123 107 107 128 119 122 89 67 96 157 142 138 138 128 133 107 97 109 126 125 129 135 132 95 103 142 157 136 133 122 121 121 140 120 91 105 147 128 106 120 118 139 147 153 142 141 120 144 115 91 113 145 115 115 144 147 117 94 99 129 112 109 114 130 130 148 146 131 120 154 170 168 146 124 127 134 138 145 162 157 141 144 129 
124 135 117 119 147 122 93 77 88 96 116 116 91 83 110 124 143 162 121 130 151 125 134 99 107 112 147 146 144 142 133 139 141 125 132 145 162 147 105 107 103 94 136 169 132 116 121 119 138 168 142 106 114 120 99 102 142 135 151 144 155 131 111 79 107 115 116 147 170 145 122 130 141 126 116 123 130 133 126 144 145 167 161 135 122 144 157 159 151 132 101 108 110 120 129 120 127 148 151 137 
127 168 128 102 148 134 88 75 98 123 145 126 111 103 110 114 143 169 140 129 158 153 154 115 139 147 127 141 144 152 119 126 137 99 92 126 161 146 104 103 118 121 146 176 149 124 132 108 132 149 149 137 147 127 95 99 141 155 147 108 118 130 120 92 107 128 139 145 157 146 129 124 128 125 108 114 119 124 112 142 147 178 166 144 146 164 155 141 124 113 110 140 141 138 138 117 112 123 127 109 
111 153 122 101 128 126 107 120 132 136 157 160 143 120 111 116 119 119 109 127 144 140 161 167 178 150 92 102 126 149 128 140 120 104 94 115 143 126 115 93 132 161 147 163 156 111 90 90 110 123 123 135 137 127 101 105 144 159 140 96 99 122 113 97 113 127 131 152 160 157 139 117 96 115 114 124 131 103 91 113 126 159 140 134 160 149 123 103 92 117 111 134 150 158 145 117 121 115 114 104 
104 132 124 118 116 112 111 138 157 166 147 150 135 120 118 143 128 104 93 106 118 136 142 164 169 134 98 111 133 147 146 141 98 133 138 116 117 108 109 102 136 162 129 128 135 122 100 101 99 131 138 140 135 144 137 117 139 155 134 106 136 141 108 108 135 139 112 138 142 163 145 105 76 106 122 129 131 110 107 99 133 155 130 153 163 120 114 110 96 120 109 111 118 160 157 111 134 126 136 127 
64 98 119 121 106 124 140 143 136 150 141 146 155 159 155 170 140 104 107 102 121 151 142 133 149 142 129 123 132 129 123 115 101 131 134 92 92 121 101 108 134 146 118 111 113 129 135 125 95 113 138 154 139 150 148 143 123 131 145 139 154 145 132 137 173 148 93 119 130 156 162 126 92 98 102 124 141 118 111 115 122 138 141 140 154 139 139 133 114 133 144 140 114 136 147 112 135 132 130 97 
64 99 101 113 145 151 162 158 127 92 105 133 149 152 152 152 119 111 134 129 117 144 148 123 135 148 159 151 152 146 103 119 144 117 108 98 118 143 110 109 114 129 138 129 110 121 124 105 83 106 137 127 120 120 120 130 102 109 153 151 141 138 130 135 163 137 88 86 113 142 140 120 118 128 142 148 150 131 140 138 114 111 133 121 117 122 155 156 126 136 150 152 145 148 133 130 147 150 125 76 
101 105 102 124 149 160 175 145 105 96 141 174 165 145 138 140 119 136 151 137 106 115 130 125 133 143 159 149 141 123 105 151 172 117 90 90 129 140 129 130 123 137 148 125 112 136 137 134 105 110 130 100 112 106 100 127 113 104 133 120 134 132 121 112 130 114 78 77 103 128 135 123 120 131 130 125 145 151 154 131 122 94 104 127 107 115 152 139 106 108 111 109 110 148 143 117 135 136 130 93 
91 97 104 134 119 113 126 117 122 133 152 173 154 134 146 146 120 137 134 114 96 106 110 122 126 154 153 127 126 111 127 171 150 88 77 86 121 140 154 133 127 113 108 114 139 175 179 166 133 115 112 100 116 97 89 123 108 122 139 108 118 120 107 99 127 122 95 98 101 119 127 115 86 113 133 112 127 131 135 121 119 96 118 130 104 99 102 107 114 105 90 67 82 142 152 114 127 132 135 91 
87 108 109 143 116 83 87 112 161 142 121 135 127 131 147 161 150 154 122 97 88 93 111 133 122 150 151 134 123 107 127 162 121 85 96 107 146 152 147 107 110 86 76 112 163 185 165 138 112 106 80 79 85 79 90 114 114 138 138 100 112 136 129 117 137 143 129 124 116 119 111 83 69 112 153 125 123 128 133 135 131 122 154 141 116 109 108 123 127 90 91 82 84 127 150 139 147 131 112 81 
92 80 84 134 125 103 92 92 154 151 120 125 123 110 114 173 182 152 101 78 101 89 102 128 134 164 170 157 99 89 133 159 155 144 128 135 144 128 104 106 123 116 97 111 158 164 138 129 89 70 69 72 86 95 104 88 94 132 135 139 158 143 119 89 93 97 111 109 96 104 94 85 108 115 136 136 133 167 156 120 133 145 174 178 142 117 125 125 90 62 95 121 117 127 149 153 158 124 97 72 
99 88 109 136 129 120 107 94 115 128 105 95 103 100 101 155 164 132 95 84 117 111 101 112 119 152 155 160 105 97 128 140 163 176 134 136 146 120 95 123 140 136 141 130 113 118 127 112 83 91 109 94 99 128 129 111 92 125 154 152 165 159 128 98 101 96 120 130 115 122 107 109 138 123 103 103 134 164 150 112 121 142 150 163 150 122 123 119 95 79 95 129 127 116 143 152 134 95 101 98 
83 115 116 119 121 131 114 115 124 116 130 125 101 98 98 128 138 129 112 117 139 122 94 101 105 146 153 169 143 137 126 127 166 179 123 107 140 124 127 132 118 127 157 156 94 92 111 101 113 134 130 127 127 132 136 148 138 128 136 121 112 137 157 135 121 136 155 153 121 123 127 134 144 113 99 102 130 131 136 125 109 137 159 146 140 137 138 103 101 110 101 124 136 130 152 141 111 103 139 123 
92 133 106 111 118 113 107 141 167 156 157 124 86 78 88 117 117 108 102 107 120 134 115 130 136 155 162 170 138 117 106 122 162 159 130 107 123 119 117 116 113 113 143 147 107 121 143 138 132 129 128 133 127 120 133 133 137 128 114 116 122 127 149 123 135 174 167 148 111 121 111 108 139 122 112 105 101 105 134 129 127 131 162 169 153 124 106 87 112 114 105 110 138 148 145 107 101 111 133 93 
112 134 115 102 100 109 129 145 147 132 127 103 90 111 113 109 121 103 82 92 105 119 138 150 152 143 137 161 138 115 109 148 154 125 148 140 107 105 110 110 126 114 125 124 111 127 148 130 102 94 108 108 105 118 130 101 102 129 119 112 121 141 129 102 135 171 151 125 106 107 104 113 136 146 133 90 68 104 148 145 148 144 139 133 128 112 86 97 140 135 124 131 140 144 130 105 95 97 125 102 
94 103 114 113 120 140 150 129 98 102 108 107 121 138 147 140 143 125 105 107 107 107 132 117 106 105 105 109 106 126 127 148 148 112 132 144 133 107 113 126 145 104 97 117 125 138 139 112 99 105 138 144 116 117 126 126 107 113 111 97 118 153 147 125 143 158 152 145 154 140 116 106 98 119 122 101 78 92 121 116 133 122 86 86 116 149 127 131 164 140 145 160 148 127 103 116 103 84 107 110 
66 85 88 111 126 130 128 117 94 95 92 118 128 130 144 140 143 135 120 102 112 107 109 112 129 128 124 97 99 113 116 119 114 97 119 110 115 129 155 157 146 97 79 110 136 139 132 127 131 132 118 145 130 119 110 119 120 124 116 113 126 141 163 123 113 129 163 155 125 121 115 88 94 100 110 121 118 87 89 98 126 113 87 88 120 154 144 131 150 129 124 156 150 126 89 96 121 103 86 65 
82 111 107 117 110 110 121 111 95 107 135 157 130 105 133 128 133 135 148 117 120 112 112 126 140 137 113 87 97 125 140 119 105 89 105 93 95 118 154 146 140 125 110 133 136 135 136 143 149 149 110 114 105 121 143 141 130 129 153 163 138 132 161 137 103 91 121 138 103 102 101 84 116 137 142 134 124 105 99 116 137 141 112 97 105 125 142 144 138 134 139 135 122 125 101 83 117 136 120 53 
82 98 125 126 124 142 150 117 95 118 157 162 128 79 118 149 139 129 162 139 129 139 133 140 150 131 101 107 129 159 159 122 130 117 127 142 122 107 129 116 119 140 148 152 139 133 132 124 127 145 119 112 110 129 146 134 142 137 158 153 96 88 124 127 105 86 102 114 111 130 126 95 120 125 111 116 123 124 123 138 126 126 124 123 114 99 111 148 149 152 154 129 117 137 135 97 104 143 136 74 
83 102 133 122 134 151 132 122 96 97 123 130 129 87 113 143 113 101 147 129 117 135 135 125 147 122 80 105 136 141 134 109 128 106 106 124 108 93 120 106 101 134 145 106 118 150 160 139 151 165 130 125 123 118 135 115 136 156 157 115 75 99 114 128 133 130 141 138 145 159 165 125 132 133 110 121 122 135 118 112 115 135 147 145 143 110 101 119 137 155 143 143 119 109 109 97 102 130 165 128 
110 131 141 143 140 160 138 137 117 96 115 129 122 94 108 133 116 124 151 143 139 146 127 97 127 115 97 115 118 116 127 120 122 117 92 94 110 106 125 122 127 137 159 123 116 133 141 146 164 168 137 130 142 141 141 98 113 147 145 97 90 132 138 132 142 154 161 159 140 128 143 120 126 133 130 129 128 137 113 115 129 147 149 150 143 124 122 126 124 148 166 156 102 77 97 126 130 143 181 144 
117 149 161 165 156 149 133 137 121 114 121 155 177 156 126 137 145 162 148 140 128 150 139 103 136 133 115 103 90 125 166 166 159 135 119 105 116 150 153 149 155 162 174 166 134 103 99 130 165 160 153 152 143 149 135 101 103 122 133 106 113 141 146 123 127 135 138 136 129 143 149 116 100 113 129 132 144 132 119 105 97 119 116 143 146 135 136 144 111 105 134 141 118 124 144 116 114 163 163 106 
90 125 159 173 168 136 139 144 134 144 160 161 190 179 121 99 132 156 138 109 98 136 156 129 131 113 124 116 110 153 169 180 162 103 119 135 131 160 156 141 122 134 161 149 107 112 125 127 142 118 132 136 131 124 118 151 148 137 136 120 100 103 113 123 141 139 148 138 116 128 139 134 142 136 134 146 164 139 105 97 93 102 118 130 132 144 130 118 104 86 106 112 129 158 171 141 115 152 129 74 
110 138 145 141 158 140 111 127 152 161 164 130 152 148 128 92 105 129 130 124 132 153 154 131 123 132 144 136 126 141 143 153 118 94 136 152 135 156 154 140 120 113 128 99 106 142 145 131 141 132 140 119 118 100 115 148 140 133 115 117 114 114 108 121 131 136 170 159 126 117 114 146 164 112 97 123 172 151 120 114 118 101 98 108 119 148 140 105 105 120 142 129 132 127 131 160 165 162 136 105 
111 144 134 118 153 139 106 117 139 162 144 125 146 133 119 85 102 96 92 119 138 150 156 133 112 133 120 119 111 122 142 144 111 126 170 157 134 138 136 136 138 133 121 98 111 129 155 151 137 143 161 151 120 91 109 124 118 112 88 120 144 116 113 131 129 141 176 159 109 97 122 158 169 126 120 125 171 172 137 130 142 122 84 105 145 151 119 85 91 124 142 159 155 122 108 141 153 140 137 121 
97 127 108 111 163 153 111 110 114 145 137 133 147 115 94 85 119 101 103 132 109 107 157 159 129 113 105 116 119 119 128 133 130 133 150 119 114 124 130 126 136 156 159 146 123 136 162 149 128 126 136 126 92 100 133 119 130 139 120 129 147 135 127 126 123 112 119 114 113 142 144 144 155 141 146 121 145 157 119 118 135 115 99 145 170 150 101 96 129 141 114 126 154 154 135 126 118 117 105 104 
76 120 123 115 147 156 112 120 100 119 126 143 148 120 102 84 115 125 145 155 116 120 161 152 137 111 105 100 98 94 113 145 158 145 138 119 139 134 106 122 164 176 168 154 119 134 142 119 113 114 116 113 87 112 167 145 121 140 120 118 125 118 112 88 107 124 105 110 142 171 150 144 172 174 166 135 147 134 111 106 105 85 109 161 158 128 107 108 123 122 115 101 133 148 131 139 142 143 100 110 
95 132 102 88 108 123 106 121 110 124 141 148 151 154 146 123 153 155 143 125 96 118 148 131 130 115 114 114 128 113 115 142 176 169 144 133 138 135 118 113 141 146 129 126 111 118 120 92 103 113 108 106 95 133 173 173 155 142 101 120 133 106 103 86 106 124 116 109 121 132 130 151 166 184 168 139 138 108 125 143 133 87 114 151 155 131 114 114 115 100 108 97 128 149 162 170 147 137 103 117 
98 124 116 118 132 116 101 100 109 104 111 112 110 142 166 155 160 158 129 116 90 98 102 97 125 143 151 150 149 113 102 115 129 148 120 115 124 127 126 104 124 119 124 108 90 110 114 113 122 103 87 108 114 131 135 142 154 119 114 141 134 98 104 106 111 117 150 152 135 125 133 130 139 146 142 162 158 110 137 183 167 95 97 125 153 167 141 124 109 101 87 86 111 126 161 176 139 124 97 85 
119 147 137 140 135 103 87 87 94 89 94 101 91 120 175 159 151 148 130 138 141 144 121 108 146 140 126 136 123 109 101 77 71 105 114 109 136 125 120 104 124 127 158 154 112 111 132 142 142 113 104 117 103 109 109 120 126 100 119 139 116 94 114 127 129 139 164 145 138 147 127 114 113 115 138 167 160 113 113 156 153 113 132 143 149 174 142 113 122 120 99 114 114 106 133 138 98 80 81 71 
96 119 100 122 120 94 91 92 98 97 114 137 139 154 183 156 155 167 140 125 136 152 143 146 180 169 147 139 121 132 126 87 89 111 136 128 141 140 129 117 120 144 168 159 110 103 129 136 163 134 106 102 110 102 103 139 120 98 100 107 109 117 155 158 124 123 145 135 126 139 122 113 138 139 133 141 148 127 115 127 141 146 156 142 133 150 151 127 110 99 116 146 131 108 120 114 70 92 124 99 
96 125 104 120 124 118 129 119 130 139 143 134 134 128 138 124 140 167 140 120 116 121 133 159 180 168 150 136 108 120 122 112 124 108 131 144 139 149 127 113 116 129 141 132 99 97 110 112 150 156 119 97 105 100 119 152 127 91 89 116 120 133 150 166 137 128 165 165 143 120 121 123 143 151 155 141 123 129 137 143 126 141 130 106 111 117 141 128 92 93 118 155 156 124 137 142 89 123 141 101 
84 103 120 145 120 106 150 141 131 159 182 168 149 137 116 94 119 161 167 145 149 161 151 160 160 143 113 104 103 112 111 107 123 133 144 150 150 155 139 117 129 132 123 102 99 107 127 116 120 137 127 98 107 120 123 127 120 99 88 117 129 132 120 152 138 127 149 149 129 102 134 148 120 118 146 135 129 131 136 156 140 122 106 90 92 96 121 109 105 106 119 144 164 139 137 137 111 136 140 94 
91 87 102 146 123 104 142 142 134 149 171 165 161 167 158 118 128 161 176 138 128 154 130 130 124 107 102 107 122 133 136 93 86 129 164 149 140 120 137 130 143 130 109 100 93 103 146 133 133 148 131 123 116 124 144 117 117 109 115 116 126 129 110 139 151 142 112 108 134 125 140 130 96 94 101 121 141 129 136 167 176 138 106 108 101 107 128 121 107 107 119 137 155 141 135 140 127 121 138 108 
81 79 98 136 158 151 119 113 114 113 116 116 141 157 160 129 115 124 152 140 128 133 122 119 88 90 101 126 147 161 156 126 109 141 165 162 139 100 121 127 135 115 111 112 107 100 133 141 143 163 149 121 111 144 160 127 130 122 147 159 129 115 126 142 157 145 101 121 138 138 143 118 92 116 135 141 137 130 121 130 136 135 126 112 103 125 134 148 132 120 121 131 143 138 130 129 102 94 125 110 
90 95 92 107 162 169 138 124 125 129 127 123 137 159 171 153 136 128 132 135 145 133 130 111 98 133 135 141 142 171 177 161 128 131 128 110 103 105 132 135 121 135 152 145 126 94 95 115 118 154 168 129 117 147 151 149 149 133 132 147 126 103 120 116 118 127 101 127 134 140 152 134 101 116 150 121 137 141 98 91 107 138 152 136 119 120 115 144 137 125 114 122 145 138 110 105 121 142 123 86 
114 119 94 97 127 125 133 133 150 155 143 116 105 135 165 165 138 132 139 140 138 116 92 94 124 150 146 147 136 151 148 143 116 103 99 88 93 108 123 107 94 137 151 139 141 109 96 139 140 146 151 136 108 130 142 118 110 111 127 142 141 118 136 132 115 118 98 99 127 140 151 126 98 122 151 111 124 143 140 140 144 165 167 152 122 96 108 137 136 92 83 120 140 127 105 115 134 158 131 103 
91 114 104 102 96 100 113 103 130 153 162 129 109 132 142 175 177 167 162 144 124 109 88 114 150 131 135 136 134 132 107 139 112 109 111 104 91 103 137 123 98 125 133 109 121 128 130 143 124 121 137 123 104 137 146 116 110 119 138 135 140 119 147 151 122 97 97 106 112 115 129 113 91 118 137 136 144 136 153 165 139 146 156 135 118 96 105 137 140 103 112 124 114 120 116 135 144 155 131 103 
78 94 101 116 98 97 97 97 129 137 148 138 129 131 128 162 162 141 137 117 111 109 91 115 149 127 118 119 127 123 107 136 118 121 110 116 106 113 134 142 124 114 107 119 131 141 131 142 129 113 111 114 120 151 157 132 132 126 126 116 123 120 132 135 116 93 101 105 105 125 141 137 103 122 140 145 157 146 109 129 142 148 170 139 104 87 87 120 137 139 127 85 77 116 123 136 159 151 102 80 
78 95 100 105 111 103 81 87 127 141 116 125 155 149 141 156 141 110 100 116 124 117 117 102 132 127 106 104 123 150 149 124 123 134 99 120 115 97 126 146 137 113 119 153 120 113 113 130 127 108 108 126 140 162 158 144 153 145 121 123 114 129 137 129 115 93 119 137 118 101 130 156 134 124 119 138 171 178 132 129 140 145 167 134 97 95 82 116 152 147 130 96 95 133 132 142 153 119 95 84 
78 125 144 130 117 103 92 101 138 149 105 123 144 144 158 161 127 94 106 125 126 134 125 83 105 128 121 117 119 141 141 114 137 153 114 140 130 108 120 128 137 107 121 142 104 103 135 137 102 93 121 140 171 173 161 151 143 155 142 130 134 141 135 140 131 104 114 127 115 99 141 135 116 124 107 144 178 165 157 157 139 115 132 98 97 130 123 134 133 138 156 158 138 127 132 133 126 129 140 111 
89 127 145 139 121 112 95 107 130 149 135 139 146 171 182 157 125 108 119 108 100 92 89 64 86 117 117 118 105 110 117 112 144 162 136 143 124 117 97 100 125 98 78 101 120 121 140 122 78 98 132 131 148 118 120 133 134 146 154 135 138 136 126 135 125 97 112 128 129 129 138 128 108 125 109 124 140 121 125 137 124 134 129 106 126 153 165 161 150 141 136 151 151 141 134 118 132 148 126 87 
111 149 140 136 143 114 102 102 115 123 114 121 132 155 152 135 122 119 124 105 95 89 96 81 95 94 121 143 123 133 151 126 145 162 121 111 94 94 94 104 123 123 94 98 146 146 130 130 107 152 162 139 146 119 106 102 121 113 112 109 128 122 101 122 119 104 117 146 145 154 134 133 103 113 122 133 127 98 100 132 138 163 143 116 143 123 141 157 158 136 128 120 120 122 126 110 114 122 107 82 
148 179 143 133 157 118 105 102 107 113 96 109 126 117 98 109 117 111 106 117 105 117 135 113 98 86 97 113 108 148 157 124 117 133 99 91 88 96 107 108 127 133 151 135 151 131 127 122 123 155 159 146 153 149 130 98 105 115 116 100 118 127 98 128 146 142 125 143 154 172 150 129 98 96 131 155 131 100 100 140 161 158 160 134 135 105 120 133 152 158 150 133 116 120 137 106 93 93 100 106 
127 178 147 120 133 120 121 121 115 124 100 136 146 118 114 124 111 100 101 117 121 130 147 150 127 120 119 128 103 113 118 118 139 148 130 131 132 137 130 122 113 134 171 171 150 105 101 107 123 137 152 176 161 128 122 92 96 125 153 122 111 131 110 122 139 144 163 144 134 165 142 121 126 113 156 175 132 118 121 143 170 172 181 142 98 102 141 150 145 150 136 109 109 136 148 97 93 113 95 89 
102 159 156 117 103 114 119 117 121 144 104 137 144 119 134 137 118 133 124 123 105 114 149 150 139 137 123 121 111 95 87 112 150 135 116 160 182 164 148 122 108 120 121 130 134 124 111 112 133 161 168 166 155 119 92 75 102 157 181 119 91 134 127 109 112 140 170 148 159 172 152 138 145 139 148 170 154 134 123 115 151 174 184 134 103 118 128 164 152 128 109 103 117 121 143 117 131 125 89 78 
79 106 146 156 144 130 124 125 127 153 121 135 151 134 139 155 147 148 139 127 95 100 116 97 114 133 135 117 125 108 102 133 125 90 106 170 176 141 126 104 97 97 106 117 119 147 133 117 131 139 149 164 172 134 104 103 125 148 154 106 102 132 134 114 129 166 158 149 166 154 160 142 128 122 122 136 156 146 132 124 141 139 146 118 137 154 133 163 185 150 114 124 124 104 120 126 159 147 103 76 
96 96 124 155 166 155 116 124 126 132 131 156 155 132 125 141 164 161 157 133 91 98 104 78 116 145 143 158 162 146 126 134 110 85 113 148 126 103 109 131 110 108 127 129 140 155 158 139 107 106 136 170 163 116 110 133 152 141 123 120 144 140 126 127 142 173 156 161 164 128 125 115 106 87 101 108 140 147 122 115 118 109 117 105 137 165 138 140 172 155 125 132 130 117 121 142 166 150 130 92 
86 81 90 136 168 156 120 113 140 139 144 156 126 98 107 128 136 145 132 121 88 101 101 88 113 116 114 148 161 141 115 119 120 127 128 110 101 111 119 146 142 148 152 143 141 138 134 126 102 129 152 165 153 110 105 144 138 134 128 158 150 130 147 130 114 156 155 170 166 142 135 113 96 78 87 108 156 152 129 130 142 113 96 104 128 154 147 146 150 147 150 132 125 127 116 123 151 134 136 113 
79 107 106 135 152 143 149 120 132 132 125 155 159 135 121 115 112 133 115 97 69 82 111 126 97 81 101 114 129 123 117 121 128 142 121 93 93 138 158 138 136 134 145 119 97 96 92 121 137 157 167 163 169 139 120 129 123 119 113 139 143 143 167 147 124 145 146 130 119 163 174 139 119 118 112 142 163 126 116 152 169 119 91 91 105 135 142 138 144 139 149 150 132 138 122 106 133 137 136 128 
93 137 120 96 111 129 157 133 121 114 119 156 176 149 110 110 110 141 113 79 68 81 118 149 111 85 102 101 116 119 113 104 113 125 134 113 105 120 146 127 110 116 131 117 116 104 110 159 165 147 163 157 167 160 152 119 83 94 124 129 141 133 132 119 108 107 111 105 108 146 158 129 102 114 138 164 141 109 116 130 150 123 110 109 90 90 109 126 145 153 155 164 140 117 109 93 115 136 126 116 
110 152 114 81 103 130 151 126 114 103 128 166 144 108 113 130 115 123 111 86 95 107 143 159 142 106 113 116 127 113 97 90 107 123 130 121 116 106 117 130 111 114 132 141 143 125 132 159 142 132 160 141 134 142 155 134 79 94 148 170 147 129 135 102 87 109 128 137 139 149 134 115 93 108 158 152 102 99 104 111 145 123 107 132 105 108 143 167 157 161 168 172 148 129 127 126 119 134 132 95 
121 148 141 123 127 128 121 113 103 98 108 146 148 130 147 153 110 117 123 102 113 128 152 167 164 132 133 146 155 129 102 117 137 105 96 101 122 129 141 131 111 121 127 138 152 133 136 132 105 108 150 147 112 133 153 139 109 122 158 185 160 125 151 131 113 109 142 143 147 143 125 146 129 105 143 147 102 116 124 126 131 125 118 138 107 99 119 151 131 117 140 148 144 141 155 147 104 109 129 98 
129 138 132 119 100 107 124 101 92 114 122 140 141 116 125 152 136 133 133 106 127 145 146 160 149 146 149 140 121 121 145 153 148 104 110 103 115 125 143 107 94 135 152 146 146 132 133 121 90 83 118 150 146 147 147 135 156 171 154 168 145 128 165 182 159 121 131 157 162 136 139 162 159 115 100 109 135 141 130 131 121 119 126 130 98 94 113 104 98 95 114 138 151 126 136 112 91 105 110 80 
127 145 133 129 92 88 104 95 127 135 145 157 141 101 102 127 148 154 160 138 156 154 139 144 128 106 105 142 129 122 146 152 146 95 115 103 90 112 144 116 101 125 142 116 114 115 116 109 110 100 97 123 149 126 127 122 152 171 146 151 118 122 136 166 175 162 123 117 136 117 152 176 162 122 125 126 152 147 144 142 132 132 137 104 76 101 128 102 124 126 130 137 141 143 133 116 120 112 112 82 
130 144 146 133 121 111 110 121 160 153 147 145 135 106 101 114 140 148 161 162 165 134 100 94 125 114 111 152 149 120 122 159 146 95 107 98 117 136 131 124 97 95 128 123 128 127 151 149 132 132 134 138 137 120 127 111 95 122 138 128 109 136 112 115 164 163 116 105 113 115 139 156 155 138 160 148 145 141 134 119 111 143 148 89 73 109 147 132 144 164 168 143 150 169 156 109 101 121 139 107 
128 136 134 123 147 167 138 116 121 137 131 131 149 116 95 114 140 140 149 153 131 91 78 84 135 134 136 131 126 119 134 157 144 116 119 122 146 144 103 113 108 108 120 120 109 127 153 142 136 131 118 101 96 128 132 97 82 116 119 124 118 116 108 102 137 136 108 120 146 152 118 105 127 146 170 144 125 122 116 124 116 122 148 107 95 135 145 142 114 125 146 135 144 148 139 100 112 157 157 108 
119 123 130 126 155 164 134 102 105 120 138 153 160 141 123 128 155 151 117 134 135 119 127 127 141 107 100 108 108 123 126 117 131 144 149 148 142 133 97 113 122 101 105 128 103 109 132 126 143 131 81 66 96 126 121 99 109 131 126 120 132 118 107 124 158 153 115 123 151 138 107 101 127 134 143 125 112 104 115 162 163 126 124 120 131 157 139 119 120 123 107 114 124 124 145 134 133 161 155 106 
99 128 150 127 143 133 140 144 116 97 128 159 151 150 147 157 160 152 115 129 140 135 134 134 117 100 98 110 100 130 123 98 122 141 166 168 122 102 98 114 142 108 105 117 121 118 154 165 161 129 87 89 131 126 114 122 146 119 85 82 129 140 121 127 163 149 126 140 149 145 127 116 135 110 105 137 113 98 134 160 167 152 115 114 148 152 129 122 139 153 135 135 134 112 117 156 170 177 147 78 
113 131 120 105 115 106 139 162 122 87 118 155 145 136 114 142 145 132 121 153 152 124 97 113 137 124 115 124 104 102 101 106 115 123 150 159 134 104 108 139 158 122 108 133 137 126 156 175 135 115 115 122 133 134 129 137 138 101 84 93 127 145 152 148 149 123 123 130 139 130 115 121 121 108 103 147 147 99 91 111 128 151 151 135 130 122 103 112 143 144 160 166 151 138 110 145 148 158 133 87 
113 115 103 108 118 126 142 140 142 135 149 156 150 114 101 142 158 116 97 124 140 137 114 134 163 159 136 119 117 111 110 117 136 127 136 137 134 114 117 151 170 141 110 127 127 144 168 179 150 121 128 130 135 125 126 103 96 90 96 118 116 114 136 148 135 115 117 94 114 139 139 130 99 97 113 127 138 99 77 113 143 134 145 122 127 133 108 102 120 113 148 167 156 160 129 112 96 112 131 110 
104 102 131 153 122 119 126 141 162 162 157 115 104 84 112 153 157 121 94 101 137 149 124 132 159 174 146 136 143 139 116 128 131 121 133 117 111 104 99 107 137 138 101 86 98 129 155 177 153 98 100 124 156 128 105 75 87 109 106 111 113 102 107 131 144 135 120 113 128 151 134 145 106 113 119 93 108 85 87 125 156 149 150 116 116 124 104 96 109 95 124 145 134 135 113 94 100 141 174 148 
101 122 135 135 111 105 112 140 140 117 122 110 110 88 106 117 95 105 134 135 144 155 125 116 159 177 141 123 139 142 130 142 128 142 154 137 119 131 115 85 87 100 87 92 123 127 113 118 124 106 124 136 175 171 140 81 80 114 113 113 139 128 114 110 123 142 121 127 132 139 103 125 92 124 149 99 107 109 119 131 137 140 133 121 114 111 114 137 138 133 136 151 136 143 122 125 122 130 146 130 
111 151 140 118 109 119 116 118 111 119 132 149 141 111 124 108 94 140 148 159 145 121 133 119 154 162 134 135 156 144 142 147 137 138 136 108 112 150 151 128 107 107 111 108 96 98 97 97 137 155 157 146 169 187 159 94 73 104 111 112 128 104 95 93 131 172 149 127 123 122 102 107 94 118 130 118 134 139 144 140 133 120 109 124 101 113 143 141 131 155 137 144 152 148 137 139 135 95 92 71 
78 119 136 140 133 133 130 126 136 152 142 150 167 149 144 110 125 145 121 135 108 77 115 111 115 144 156 164 163 122 111 136 152 147 113 95 136 163 158 125 103 99 111 117 99 91 85 105 131 136 153 139 138 160 141 115 116 139 126 118 114 109 103 126 174 184 147 130 120 132 154 148 137 134 108 108 137 143 134 118 152 141 116 130 97 92 116 109 106 124 125 138 153 140 112 114 109 97 119 83 
69 95 113 136 140 142 158 167 151 142 111 106 159 151 137 137 145 135 133 137 98 69 102 130 127 148 155 169 158 111 108 124 153 151 102 101 139 135 123 115 103 91 110 125 118 96 71 83 111 125 156 144 124 139 133 126 134 160 153 124 128 124 128 147 166 174 162 158 158 156 156 132 133 136 132 113 126 121 122 131 165 142 130 128 93 93 118 114 104 109 126 131 143 126 104 125 105 103 130 100 
81 105 98 118 138 135 157 178 165 144 110 113 149 129 113 145 160 135 119 129 128 95 115 134 138 145 154 153 148 122 131 127 152 143 126 128 137 123 123 128 111 114 142 153 131 108 83 97 126 123 120 131 120 109 118 124 130 150 152 112 99 120 141 121 119 125 125 128 127 118 122 105 107 126 165 139 131 122 132 162 165 141 146 135 101 98 124 159 155 136 132 108 119 104 104 119 100 97 144 116 
102 139 119 111 137 157 162 159 143 123 143 158 137 110 117 125 150 150 124 127 138 102 122 122 130 140 145 141 120 109 131 119 141 156 157 152 136 151 139 129 135 129 132 128 124 106 96 129 170 147 110 104 116 120 139 137 146 139 144 102 89 120 124 110 120 98 84 106 117 100 115 115 132 136 180 139 119 147 151 157 152 161 180 154 105 106 135 159 150 128 128 94 115 114 93 108 126 108 125 110 
104 138 146 110 131 145 130 109 105 110 138 132 123 99 116 139 143 155 158 161 159 107 102 93 101 115 121 118 102 95 113 101 101 117 122 137 124 130 141 123 136 131 114 120 139 108 102 125 163 161 138 116 147 140 128 113 141 142 147 114 113 132 117 117 119 96 109 147 149 136 113 93 118 148 178 144 100 109 135 154 154 164 176 139 110 131 124 129 138 111 107 105 122 126 110 127 128 110 133 120 
109 145 139 110 119 104 99 106 139 136 128 107 131 130 153 161 156 150 169 172 160 133 119 102 98 106 139 133 124 120 130 110 113 118 116 128 114 122 135 126 115 111 136 160 152 118 119 145 151 168 154 121 162 152 131 107 85 106 141 134 125 147 134 103 92 98 127 144 124 115 109 105 132 144 142 138 101 97 136 140 154 161 144 108 114 137 109 128 145 115 104 122 125 129 117 108 112 117 148 119 
89 133 121 136 121 109 136 134 153 134 116 100 117 127 135 123 148 149 135 140 147 135 114 124 126 130 147 124 114 136 151 131 142 140 115 116 124 162 161 144 131 126 141 151 134 140 140 140 144 154 145 136 166 178 140 102 77 102 116 112 123 120 116 92 93 100 128 130 103 84 95 121 143 147 133 140 124 130 125 125 140 129 96 106 131 151 131 117 134 148 127 107 103 105 97 109 136 130 120 89 
105 129 110 124 111 120 143 138 138 136 136 121 147 137 98 108 133 120 110 107 133 137 116 119 125 111 116 106 109 155 165 152 134 111 102 122 140 173 158 136 148 139 135 121 135 158 163 133 131 122 137 133 128 155 124 106 119 123 114 115 114 113 127 132 128 106 116 125 121 105 87 111 140 146 145 152 118 112 110 121 118 91 90 131 142 137 129 118 135 143 108 78 76 68 73 111 129 141 118 72 
109 136 153 144 139 154 135 109 125 137 116 106 130 137 94 105 123 102 93 81 107 132 130 124 133 130 145 145 134 152 157 134 113 116 120 145 144 140 135 124 152 161 159 125 136 140 141 138 144 138 162 138 95 107 120 110 112 95 90 125 109 87 117 142 124 106 115 130 123 128 108 137 161 141 137 159 134 117 102 103 115 116 101 104 130 110 127 146 147 161 142 121 126 97 94 123 132 140 128 76 
119 134 165 148 155 162 118 102 134 128 91 94 110 132 123 124 123 109 109 90 111 134 114 113 145 132 131 139 122 123 115 90 111 143 132 134 137 116 126 142 144 173 169 126 145 167 134 132 163 164 167 146 96 94 144 139 108 85 90 126 133 102 105 130 126 101 132 149 133 142 119 140 166 155 135 130 125 108 106 123 149 171 139 106 125 133 141 154 167 175 172 159 148 110 113 125 127 136 127 99 
112 142 173 183 175 149 139 138 140 134 107 112 104 106 138 154 162 151 135 109 114 124 98 91 136 132 118 111 89 97 107 111 129 122 119 117 104 95 111 132 149 168 162 150 166 175 152 128 156 157 142 116 113 114 151 146 101 92 108 123 142 126 133 127 111 112 136 156 145 129 115 157 172 143 101 109 118 110 136 142 143 149 147 138 146 169 156 138 165 177 151 141 119 94 88 97 136 162 131 118 
76 131 145 170 157 131 137 141 153 149 138 128 113 115 134 148 171 147 105 93 98 93 89 104 154 180 170 121 99 121 126 115 106 111 118 124 119 110 117 131 160 144 122 136 147 139 144 130 123 124 128 132 116 121 150 168 127 119 135 133 145 106 110 101 86 121 138 132 138 137 141 173 172 132 102 140 157 154 161 136 110 113 139 126 134 150 123 109 138 159 134 140 135 115 110 104 118 144 118 89 
87 111 91 120 136 123 123 113 141 145 124 120 122 112 117 139 132 105 95 110 108 112 129 111 132 179 179 136 118 110 121 114 116 135 131 131 122 107 89 111 133 123 131 146 158 153 154 150 128 122 122 160 145 132 129 153 148 141 150 151 142 92 105 97 91 120 98 92 126 132 134 143 144 130 139 156 128 122 132 132 121 105 112 113 118 121 118 134 125 116 118 135 126 120 133 121 98 102 100 96 
111 99 83 143 171 125 117 116 120 145 129 113 119 91 102 146 103 88 111 119 114 119 147 138 142 145 134 115 105 92 107 108 114 141 144 135 151 144 93 118 139 121 130 145 157 144 171 180 151 134 123 139 126 113 113 122 127 145 164 137 116 118 124 104 117 136 89 79 122 128 118 104 116 155 158 122 94 99 112 127 114 110 120 133 139 134 139 137 95 79 98 141 142 143 148 128 109 88 106 110 
101 102 100 151 178 137 131 135 130 151 140 109 108 102 100 137 100 108 126 114 102 127 145 147 137 118 96 91 90 108 119 149 159 170 147 114 155 162 119 132 147 142 137 121 129 119 122 136 130 141 134 115 95 96 135 127 92 114 141 107 121 146 120 81 89 136 121 93 149 155 141 119 128 162 150 130 125 114 122 146 131 132 138 134 137 134 125 107 98 94 123 161 165 162 156 123 101 75 97 109 
91 121 120 137 143 114 128 149 116 121 131 122 149 131 111 124 106 113 147 117 92 129 116 98 105 118 142 118 90 114 140 160 161 160 145 110 131 136 123 128 136 139 132 111 142 136 98 115 111 114 119 111 94 98 116 113 99 96 97 93 108 113 109 89 97 140 142 117 148 147 151 154 153 128 109 111 119 103 120 141 131 110 120 119 134 144 121 117 119 127 124 137 152 131 111 102 91 77 100 91 
83 93 116 141 126 101 137 161 126 106 91 105 152 146 150 164 146 146 157 126 108 123 93 92 97 111 156 135 115 128 133 129 122 121 119 125 146 148 142 127 132 144 140 128 157 154 110 129 130 124 114 114 117 111 91 110 140 109 93 114 103 105 110 101 108 134 159 144 131 132 130 141 135 106 101 120 146 123 127 115 105 101 93 93 116 119 96 122 121 109 119 130 143 131 103 105 86 93 126 90 
87 113 139 127 105 118 150 150 125 101 103 110 118 139 168 178 162 133 122 131 139 138 114 140 136 128 140 114 108 123 121 131 150 139 125 122 141 144 140 111 148 173 136 134 134 128 109 134 148 134 108 127 155 133 93 104 129 135 127 116 130 132 128 108 86 123 152 143 132 131 127 124 137 123 110 156 180 152 137 140 134 100 76 76 83 89 98 134 131 112 134 147 145 121 105 135 135 131 115 79 
102 132 153 107 76 113 152 154 129 112 126 113 107 134 158 148 142 122 121 132 144 171 140 117 114 119 130 127 122 126 130 146 147 120 108 108 125 138 132 116 129 156 127 140 143 137 126 145 154 150 140 138 133 116 127 136 141 133 130 116 121 118 151 118 84 116 140 142 136 144 156 136 122 132 132 159 164 133 126 171 164 114 65 62 75 105 115 140 167 143 131 135 133 82 86 143 147 128 125 84 
99 146 171 128 93 101 114 133 125 130 145 116 93 106 147 135 112 122 142 116 128 168 159 120 106 108 122 147 153 118 139 156 126 108 101 103 133 131 127 130 107 129 126 133 130 120 98 120 141 138 145 132 110 127 159 136 131 114 119 122 109 98 155 143 126 148 151 123 112 120 131 136 122 136 136 129 146 126 126 158 158 105 74 90 111 119 107 105 130 129 141 144 143 96 93 125 129 100 124 89 
108 139 134 126 145 144 117 138 157 152 137 131 116 126 160 167 122 99 113 98 122 144 165 162 148 149 147 124 124 107 129 134 121 131 132 114 131 118 135 141 112 125 122 124 145 136 88 90 123 142 133 107 103 115 148 140 127 121 118 137 113 106 167 182 178 157 132 144 137 125 112 121 130 122 128 146 138 108 110 119 136 102 87 118 140 106 77 68 73 97 136 140 132 123 118 90 88 84 98 77 
121 134 101 108 137 129 132 156 157 147 153 142 109 109 125 160 139 99 101 128 158 154 144 156 143 165 157 105 116 152 123 97 91 137 161 130 122 133 154 164 133 124 141 139 136 125 93 96 129 151 120 95 132 131 132 138 119 123 121 137 124 124 167 178 163 135 128 155 166 149 125 143 147 147 161 166 130 95 83 88 123 116 104 114 111 81 85 84 72 100 131 147 145 145 120 76 81 97 102 90 
108 118 117 114 110 105 135 149 150 149 145 136 98 81 80 107 116 94 94 160 172 132 124 145 144 176 169 119 133 158 144 124 95 122 156 139 107 117 159 173 151 124 145 139 123 110 104 120 150 143 95 91 130 115 110 122 124 135 145 146 128 116 128 135 145 134 131 113 146 154 159 169 148 148 164 166 123 103 90 98 131 114 93 104 100 95 112 113 82 106 136 148 138 140 125 117 125 126 129 122 
126 107 101 108 117 119 143 152 144 133 125 119 120 113 116 134 134 113 93 150 179 143 134 144 136 159 162 151 144 127 147 145 105 119 124 127 126 110 128 139 148 123 140 126 130 118 108 109 150 147 126 109 126 138 152 156 138 146 145 140 102 85 91 106 130 116 111 92 107 131 179 169 131 110 140 152 112 110 111 123 136 117 101 124 133 116 103 131 96 86 101 101 115 141 141 133 128 131 143 131 
115 112 115 111 137 148 150 164 140 109 106 109 129 113 123 146 136 135 106 126 158 149 145 125 119 133 130 165 172 162 172 161 120 103 93 108 140 116 95 120 155 153 159 134 123 116 104 110 124 136 147 126 135 166 170 178 166 148 147 137 127 126 91 94 131 117 130 135 124 146 162 139 129 127 121 135 124 112 103 101 131 128 103 115 147 126 106 131 145 129 108 87 102 108 111 121 109 116 137 118 
68 106 122 118 142 150 142 167 155 111 102 126 140 126 122 140 133 136 110 93 107 119 134 129 106 98 109 133 158 163 163 156 134 96 79 91 114 127 109 141 168 172 170 121 102 118 140 143 118 147 143 122 135 160 149 147 165 174 164 133 161 165 118 125 143 105 119 157 143 143 127 131 154 151 121 119 135 138 132 130 128 119 108 110 135 140 137 108 125 143 134 122 132 105 104 121 119 133 140 100 
60 115 135 106 98 106 131 156 148 120 142 130 135 139 139 140 148 155 145 105 111 140 157 153 103 84 122 134 144 145 150 109 102 107 103 112 110 110 122 147 168 162 152 124 118 140 163 159 128 151 136 106 135 151 135 126 139 174 169 143 140 147 153 136 116 103 131 135 103 114 141 159 158 131 105 96 150 164 146 154 119 112 140 137 123 110 111 97 89 117 139 145 150 125 122 108 106 143 169 114 
71 138 136 119 112 122 118 118 120 109 145 145 122 135 159 130 133 143 160 152 147 159 160 144 89 99 119 121 144 149 136 109 120 131 135 141 128 134 138 126 140 137 124 107 108 123 157 165 129 118 109 117 126 121 113 127 124 130 121 123 103 132 159 143 120 133 156 128 106 136 171 171 148 145 137 109 153 158 132 140 133 130 168 153 121 116 103 107 108 135 138 134 152 121 126 143 126 149 183 142 
92 134 113 152 148 130 95 88 84 73 102 126 118 145 162 139 128 112 131 139 134 121 112 102 99 139 134 149 165 136 107 114 113 102 123 140 134 139 128 119 116 120 135 131 146 134 129 149 113 107 109 118 100 91 113 121 115 115 121 109 97 132 156 160 128 143 174 159 138 159 161 123 113 148 133 111 116 133 144 139 145 142 154 123 134 137 126 104 127 139 123 113 133 108 139 158 142 159 171 126 
128 147 127 165 148 113 79 85 86 73 102 118 136 137 144 144 120 94 109 121 112 119 103 104 114 127 119 133 149 145 129 127 118 110 118 123 106 110 94 105 145 153 144 144 167 139 112 118 106 114 88 78 103 127 133 115 111 131 130 136 137 141 152 172 134 122 137 159 130 130 154 127 104 135 149 145 119 133 165 151 155 142 134 110 125 120 114 102 132 146 144 140 139 121 137 150 142 138 140 90 
138 155 156 152 126 103 85 95 106 99 109 105 124 136 118 123 118 116 124 126 118 140 132 122 111 95 104 111 120 157 149 148 165 160 138 120 104 111 97 104 155 168 147 127 130 145 133 112 108 111 98 92 124 132 102 88 113 140 146 157 123 117 149 174 146 133 126 137 142 140 152 148 115 117 140 158 132 114 143 139 132 119 131 112 118 120 97 113 121 119 116 124 124 145 146 148 147 138 104 74 
116 125 118 97 76 82 90 87 91 106 95 72 81 104 81 82 100 122 128 127 122 125 118 79 68 72 78 97 97 117 139 136 130 117 99 96 91 97 92 82 83 93 93 110 108 128 116 108 108 96 86 75 86 92 71 64 100 115 110 105 75 65 98 129 106 93 99 85 108 108 84 98 104 93 75 90 101 85 102 93 101 96 71 59 65 81 81 105 111 121 103 102 100 115 111 90 92 109 81 67 
