-1
29
27
23
-1
-1
-1
34
-1
19
-1
-1
33
-1
19
23
-1
23
-1
26
35
-1
-1
23
31
27
29
-1
28
27
31
27
23
-1
-1
-1
-1
-1
-1
-1
25
25
-1
31
45
26
-1
25
-1
-1
-1
33
30
-1
34
-1
31
29
-1
-1
31
24
31
-1
-1
-1
-1
-1
-1
-1
-1
-1
-1
28
-1
-1
-1
-1
-1
26
36
40
-1
31
-1
31
41
-1
29
33
-1
-1
31
-1
22
29
-1
33
-1
-1
-1
28
34
-1
-1
20
-1
-1
-1
-1
-1
37
-1
13
-1
30
-1
33
32
-1
25
22
27
30
31
31
26
31
33
-1
25
40
-1
-1
-1
49
-1
-1
32
-1
-1
-1
-1
41
-1
35
-1
27
-1
-1
-1
37
-1
32
-1
36
-1
-1
20
22
-1
36
-1
-1
-1
32
36
26
-1
36
-1
22
-1
25
-1
39
39
-1
29
40
-1
29
-1
-1
-1
-1
-1
-1
35
-1
-1
-1
20
36
-1
-1
22
38
-1
27
-1
36
29
-1
-1
-1
-1
-1
-1
24
-1
-1
-1
-1
-1
29
-1
-1
33
-1
-1
-1
23
-1
-1
20
18
-1
29
-1
36
24
-1
28
38
-1
-1
29
-1
-1
24
18
25
-1
-1
-1
25
-1
-1
-1
-1
-1
-1
-1
39
-1
-1
-1
-1
22
24
23
34
-1
-1
22
-1
24
26
-1
35
22
-1
-1
36
-1
-1
-1
-1
-1
34
-1
26
-1
26
-1
-1
27
32
-1
21
-1
-1
-1
22
30
-1
31
26
24
31
-1
36
37
-1
-1
39
31
24
23
-1
-1
-1
48
-1
-1
21
29
-1
-1
31
25
-1
31
25
-1
24
-1
23
23
30
-1
23
-1
-1
-1
-1
15
30
-1
-1
24
30
26
27
-1
33
25
-1
-1
18
-1
-1
38
21
-1
-1
43
-1
-1
-1
31
-1
-1
22
-1
31
37
31
-1
-1
-1
17
-1
-1
22
-1
25
-1
-1
22
-1
-1
31
-1
-1
-1
33
30
-1
-1
-1
28
-1
-1
-1
-1
34
-1
33
27
-1
36
39
-1
30
43
-1
38
-1
17
30
28
-1
-1
32
31
-1
-1
-1
-1
-1
-1
34
-1
11
25
-1
-1
-1
27
22
-1
33
-1
-1
28
-1
23
14
22
39
23
-1
-1
19
22
42
26
-1
30
-1
-1
-1
25
-1
-1
-1
-1
-1
-1
-1
-1
28
40
-1
-1
31
-1
-1
-1
31
-1
30
-1
24
-1
-1
-1
-1
23
-1
-1
29
33
36
-1
28
23
20
40
36
29
28
-1
-1
-1
20
-1
37
24
-1
-1
-1
-1
-1
31
-1
-1
-1
26
-1
23
-1
25
-1
-1
23
-1
-1
17
26
23
31
38
-1
-1
-1
-1
-1
31
34
24
-1
25
29
-1
-1
33
19
26
-1
28
-1
21
-1
27
-1
-1
20
-1
-1
-1
24
-1
18
35
31
-1
-1
-1
34
22
-1
17
-1
35
22
24
-1
29
27
23
-1
32
-1
-1
30
35
-1
32
-1
32
31
21
25
33
33
31
-1
-1
-1
-1
-1
32
26
40
-1
-1
-1
-1
29
-1
-1
27
27
-1
36
37
-1
-1
24
-1
29
24
21
29
-1
-1
-1
14
29
37
-1
35
34
25
20
17
-1
-1
18
40
-1
27
-1
-1
-1
-1
-1
29
-1
33
30
19
-1
32
-1
34
37
-1
-1
27
24
-1
-1
-1
23
-1
-1
-1
-1
-1
-1
-1
33
38
-1
34
-1
-1
-1
-1
38
-1
-1
-1
-1
22
-1
31
-1
-1
-1
37
-1
-1
32
-1
20
28
-1
29
-1
-1
-1
21
19
32
-1
-1
-1
27
19
-1
-1
-1
25
36
-1
31
22
21
20
27
18
-1
22
17
-1
-1
22
-1
32
-1
-1
24
28
-1
25
-1
25
-1
24
-1
29
26
-1
31
-1
-1
-1
23
27
37
-1
22
27
15
36
43
-1
-1
-1
38
24
29
-1
-1
25
-1
-1
50
29
-1
-1
35
-1
-1
-1
15
-1
33
-1
-1
-1
-1
-1
44
-1
-1
31
-1
-1
-1
42
-1
26
32
-1
-1
30
25
-1
19
18
-1
-1
35
-1
-1
-1
23
-1
29
20
19
-1
21
-1
-1
-1
42
26
27
29
-1
-1
-1
-1
-1
-1
27
-1
29
28
15
-1
37
37
42
-1
25
29
32
-1
34
30
18
-1
35
45
-1
35
26
27
-1
-1
-1
-1
23
36
-1
38
26
-1
-1
-1
-1
25
30
-1
34
-1
31
-1
-1
-1
-1
33
23
40
-1
35
29
33
-1
-1
32
-1
41
-1
-1
31
-1
17
-1
27
27
37
-1
-1
29
26
23
28
21
34
-1
-1
22
22
25
25
17
32
24
-1
36
28
-1
-1
-1
-1
-1
-1
16
-1
16
-1
-1
-1
-1
-1
-1
-1
-1
-1
-1
35
-1
32
37
29
-1
27
25
15
-1
-1
33
31
19
-1
23
22
-1
39
23
-1
13
24
-1
-1
28
-1
-1
22
-1
25
-1
-1
-1
30
23
-1
-1
28
25
-1
43
29
-1
24
-1
-1
37
-1
26
38
30
33
34
-1
39
32
-1
-1
-1
-1
32
-1
30
35
32
31
-1
-1
-1
31
