1000
464042450 16
2 18 18 90 810 2430 17010 34020 68040 68040 272160 1088640 2177280 6531840 58786560 176359680 
578160838 15
4 8 8 48 432 3888 7776 31104 93312 279936 1399680 4199040 37791360 37791360 264539520 
81356297 12
3 9 63 315 2835 25515 153090 1377810 5511240 5511240 11022480 66134880 
201331879 12
1 4 28 196 784 3136 21952 109760 768320 2304960 20744640 186701760 
220304305 12
3 27 243 2187 15309 15309 45927 183708 1469664 4408992 17635968 88179840 
497697107 11
2 16 112 560 5040 25200 201600 1411200 4233600 16934400 169344000 
466173744 12
3 18 72 432 2592 5184 41472 165888 1658880 14929920 149299200 298598400 
449680413 13
5 45 360 2880 17280 17280 120960 362880 3265920 3265920 3265920 9797760 78382080 
433177929 13
1 3 30 210 2100 10500 105000 735000 1470000 1470000 10290000 51450000 102900000 
748797650 13
1 5 45 45 270 1620 16200 16200 129600 1036800 3110400 21772800 174182400 
414171048 14
4 32 96 384 3840 7680 15360 30720 245760 245760 2457600 22118400 66355200 398131200 
869367703 15
1 4 40 120 360 720 5760 57600 230400 2304000 18432000 18432000 36864000 221184000 221184000 
132066284 10
4 32 320 3200 28800 86400 259200 2592000 5184000 20736000 
819696720 13
2 16 112 672 2688 2688 18816 112896 564480 5080320 25401600 152409600 609638400 
492324062 12
3 12 84 840 3360 13440 80640 241920 725760 5080320 10160640 71124480 
262057492 18
3 24 48 192 192 384 384 2304 16128 48384 96768 193536 1354752 2709504 21676032 43352064 216760320 216760320 
343065393 11
4 28 224 896 8960 26880 241920 967680 8709120 87091200 174182400 
792559444 15
4 4 4 32 32 128 1280 7680 76800 307200 2764800 8294400 16588800 16588800 165888000 
384201948 13
5 10 30 150 1500 1500 13500 13500 40500 364500 2187000 8748000 69984000 
74399 7
3 9 81 243 486 4374 39366 
428070745 14
1 8 48 336 336 3024 21168 42336 169344 508032 2032128 12192768 97542144 292626432 
315669943 13
3 18 18 108 108 432 2160 17280 103680 725760 5806080 58060800 58060800 
650616413 14
3 9 36 288 288 2880 23040 207360 1658880 1658880 3317760 3317760 13271040 132710400 
314012035 13
4 20 140 560 3920 7840 31360 62720 376320 1128960 10160640 40642560 40642560 
454523085 13
1 9 72 648 2592 18144 18144 108864 435456 3919104 19595520 97977600 293932800 
360768157 11
5 10 40 400 3200 32000 96000 480000 1440000 12960000 103680000 
763331924 15
3 21 84 252 1764 1764 5292 31752 31752 285768 857304 857304 5143824 41150592 82301184 
354457046 11
4 16 80 320 2240 22400 67200 268800 2688000 21504000 215040000 
572558681 12
1 8 16 128 768 5376 16128 32256 225792 1580544 11063808 88510464 
940985490 13
4 40 80 560 560 2240 22400 89600 896000 4480000 8960000 80640000 645120000 
424282192 16
5 35 245 490 980 5880 29400 29400 29400 88200 264600 1058400 9525600 19051200 19051200 152409600 
854503954 13
1 10 20 140 1400 7000 63000 378000 2268000 6804000 47628000 190512000 381024000 
487417374 14
1 8 24 216 216 2160 6480 12960 38880 272160 1632960 9797760 68584320 480090240 
194209172 11
5 35 315 1260 10080 70560 352800 1411200 7056000 70560000 70560000 
245476668 14
4 24 72 288 288 288 1728 15552 15552 124416 373248 1492992 14929920 134369280 
204247796 13
2 12 96 672 1344 5376 26880 188160 564480 1693440 1693440 13547520 135475200 
739877336 15
3 27 27 108 108 432 1728 5184 10368 51840 311040 2799360 19595520 19595520 195955200 
413690605 12
5 40 120 960 3840 23040 69120 691200 1382400 8294400 24883200 99532800 
437544117 14
2 12 36 72 576 3456 13824 27648 27648 248832 1244160 8709120 52254720 156764160 
988378006 14
1 4 12 96 288 2016 10080 90720 181440 1632960 13063680 65318400 391910400 783820800 
573772984 14
1 5 30 90 720 2160 21600 86400 518400 1036800 2073600 20736000 20736000 145152000 
856230931 14
1 4 28 280 280 560 3360 23520 235200 2116800 12700800 114307200 571536000 571536000 
55897365 9
4 12 84 756 5292 37044 148176 889056 8890560 
124879992 16
5 15 135 1350 1350 2700 18900 75600 75600 453600 2268000 9072000 9072000 27216000 81648000 81648000 
575311000 14
3 15 15 75 600 3000 12000 108000 216000 2160000 4320000 38880000 38880000 77760000 
895824546 12
3 30 270 810 3240 16200 129600 777600 7776000 31104000 279936000 559872000 
413315907 12
3 6 36 252 2016 16128 32256 258048 774144 5419008 32514048 130056192 
734708709 13
4 16 128 1280 2560 25600 51200 102400 409600 2867200 25804800 25804800 103219200 
918136620 15
2 4 8 24 144 432 4320 8640 25920 207360 1036800 10368000 103680000 103680000 725760000 
207750702 13
3 15 120 840 5040 5040 30240 272160 1360800 1360800 6804000 20412000 81648000 
492822635 12
2 20 20 60 240 1920 15360 46080 460800 4608000 9216000 55296000 
157378697 13
1 9 63 441 2646 2646 18522 92610 740880 5186160 10372320 72606240 72606240 
411052163 12
3 15 120 360 2520 22680 113400 1020600 2041200 6123600 36741600 220449600 
86763080 12
2 16 16 112 1120 10080 30240 272160 1905120 9525600 47628000 47628000 
351484455 15
1 2 2 8 48 240 1920 5760 51840 207360 207360 1244160 6220800 24883200 199065600 
676416614 13
2 6 54 54 162 1134 11340 22680 45360 362880 3628800 21772800 87091200 
966032984 14
5 35 35 70 700 6300 56700 510300 510300 3572100 17860500 71442000 142884000 142884000 
497606931 16
1 2 20 100 200 2000 16000 16000 32000 32000 64000 64000 640000 4480000 22400000 201600000 
857997065 15
1 1 10 20 180 1800 3600 7200 64800 388800 1944000 3888000 23328000 69984000 209952000 
506727398 15
5 45 45 180 1080 3240 16200 129600 518400 3110400 21772800 21772800 43545600 304819200 304819200 
53826540 13
5 10 30 300 600 2400 2400 24000 48000 336000 1008000 9072000 18144000 
228178663 13
3 18 108 108 972 972 2916 17496 157464 1102248 3306744 23147208 208324872 
266616855 13
1 1 5 25 50 450 2700 13500 54000 486000 2916000 20412000 102060000 
568319855 12
1 6 30 150 450 4500 31500 126000 378000 3780000 34020000 102060000 
309700684 12
1 9 72 432 2592 20736 207360 414720 414720 4147200 33177600 199065600 
419957715 13
1 1 2 20 180 1260 10080 40320 40320 403200 2016000 20160000 60480000 
142623872 11
4 12 108 864 4320 43200 216000 2160000 15120000 60480000 60480000 
274547408 13
4 40 240 2160 10800 32400 64800 388800 777600 7776000 31104000 31104000 155520000 
813272000 11
3 30 150 1050 8400 42000 420000 3780000 7560000 45360000 453600000 
272206113 14
1 6 18 108 648 4536 36288 36288 254016 1016064 3048192 24385536 24385536 170698752 
20229236 13
4 36 144 144 144 720 4320 43200 216000 432000 432000 1296000 5184000 
718616750 18
4 12 12 12 72 648 4536 18144 145152 1016064 2032128 2032128 4064256 8128512 8128512 81285120 81285120 487710720 
470187902 16
1 6 6 18 54 108 756 3780 7560 7560 75600 529200 2116800 4233600 42336000 169344000 
538097471 13
5 10 40 280 280 2240 20160 40320 362880 3265920 9797760 9797760 58786560 
90837379 12
1 1 2 16 64 192 768 7680 46080 276480 2488320 12441600 
412584475 13
2 8 40 120 600 4800 28800 28800 230400 691200 6220800 55987200 167961600 
180877399 16
1 3 12 36 36 216 1296 12960 12960 12960 77760 777600 6220800 6220800 62208000 124416000 
706809256 16
2 14 112 448 448 2240 2240 6720 20160 120960 362880 1088640 8709120 8709120 52254720 156764160 
349815228 13
5 25 50 350 1400 2800 19600 176400 705600 3528000 7056000 21168000 169344000 
87771436 9
4 20 40 360 2520 15120 151200 1512000 15120000 
593834678 13
2 6 24 120 1200 9600 96000 864000 1728000 1728000 8640000 69120000 345600000 
711053201 12
3 24 240 2160 4320 30240 90720 544320 1632960 6531840 39191040 391910400 
93023461 12
2 18 162 486 972 2916 26244 157464 314928 1889568 11337408 22674816 
168823433 14
3 27 243 486 972 5832 5832 17496 87480 262440 262440 2361960 23619600 94478400 
373902219 14
5 25 50 100 300 600 2400 14400 100800 201600 403200 3225600 32256000 225792000 
590399536 12
1 4 40 360 2880 2880 11520 92160 460800 4608000 46080000 230400000 
309086867 13
4 40 40 160 640 2560 17920 143360 1003520 2007040 8028160 24084480 144506880 
994151119 16
1 5 15 30 150 900 900 4500 22500 67500 675000 2025000 14175000 141750000 283500000 850500000 
491499420 15
1 3 6 36 288 2016 4032 24192 72576 217728 217728 1306368 10450944 52254720 418037760 
62079458 13
2 2 20 80 240 960 8640 43200 172800 518400 1555200 7776000 31104000 
270243983 14
1 6 6 42 42 378 1134 4536 18144 127008 889056 3556224 7112448 42674688 
463018431 15
1 10 80 80 80 240 720 3600 3600 32400 324000 1620000 4860000 19440000 174960000 
936617549 10
4 16 160 1120 7840 78400 705600 7056000 35280000 176400000 
318857874 13
3 27 108 972 8748 43740 262440 524880 2624400 2624400 10497600 94478400 283435200 
983847156 12
3 24 168 504 3024 24192 72576 72576 580608 5225472 36578304 256048128 
100456542 14
2 8 32 128 128 512 3584 7168 14336 43008 387072 1161216 9289728 83607552 
965757955 13
3 6 18 144 1296 1296 12960 77760 699840 3499200 20995200 167961600 503884800 
512167121 16
1 2 2 18 126 756 1512 15120 75600 226800 226800 1587600 4762800 28576800 114307200 228614400 
494431617 15
4 20 120 120 600 3600 7200 14400 86400 518400 3628800 10886400 10886400 32659200 293932800 
769368893 13
3 21 168 1512 12096 84672 254016 508032 4572288 4572288 22861440 91445760 640120320 
971324082 14
4 40 80 480 960 7680 30720 92160 829440 7464960 7464960 52254720 104509440 313528320 
375714876 11
2 8 32 256 768 3072 24576 221184 1327104 11943936 107495424 
323598707 15
3 9 45 450 450 1800 5400 37800 264600 529200 1058400 1058400 10584000 105840000 105840000 
120038650 13
1 3 24 48 384 384 768 7680 38400 345600 3456000 6912000 48384000 
181201791 12
5 10 30 120 360 1800 16200 129600 388800 1944000 17496000 69984000 
750370383 16
4 16 128 896 5376 16128 64512 645120 1290240 5160960 5160960 10321920 82575360 82575360 247726080 495452160 
78792373 13
1 1 10 50 350 1750 17500 122500 245000 490000 980000 9800000 58800000 
783335175 12
5 5 40 240 1440 14400 129600 648000 2592000 12960000 90720000 453600000 
933393163 13
2 18 90 540 5400 32400 226800 907200 1814400 1814400 9072000 72576000 290304000 
456747039 15
1 4 16 16 48 192 1728 15552 15552 155520 1399680 8398080 25194240 75582720 302330880 
19334906 11
2 6 48 48 480 4320 34560 207360 829440 829440 7464960 
154999446 14
1 2 14 14 98 196 784 7840 39200 78400 784000 3920000 11760000 117600000 
466871130 12
3 15 120 720 720 7200 36000 108000 972000 4860000 14580000 87480000 
438839863 10
3 18 162 486 4860 34020 204120 1224720 9797760 88179840 
135570373 12
2 4 32 256 1024 8192 16384 16384 65536 589824 5308416 31850496 
12983843 10
5 40 320 3200 6400 19200 192000 960000 960000 7680000 
201431856 18
5 20 80 400 400 800 3200 12800 38400 38400 38400 345600 3456000 6912000 6912000 20736000 41472000 41472000 
337312629 13
4 24 192 1536 10752 96768 96768 580608 2903040 8709120 26127360 104509440 209018880 
485232590 15
2 16 160 160 160 480 1440 5760 28800 28800 86400 777600 3110400 24883200 248832000 
439902018 11
2 18 162 648 3888 27216 136080 1088640 2177280 19595520 195955200 
100700219 15
2 6 18 162 162 324 2916 8748 52488 157464 944784 944784 5668704 5668704 51018336 
575103338 14
3 24 96 384 3072 9216 92160 552960 552960 2211840 11059200 33177600 66355200 464486400 
888023521 15
4 36 108 432 432 2592 10368 41472 165888 995328 8957952 35831808 107495424 107495424 429981696 
700361016 17
5 5 35 210 210 210 1050 8400 8400 67200 134400 403200 403200 3225600 9676800 38707200 348364800 
157610426 12
4 36 144 288 1152 8064 80640 403200 806400 3225600 16128000 80640000 
876869009 11
5 40 120 1200 9600 28800 172800 864000 4320000 12960000 103680000 
682666774 13
3 24 96 864 6912 69120 622080 3732480 18662400 55987200 111974400 223948800 447897600 
83884745 10
5 25 250 2500 7500 45000 315000 1575000 11025000 66150000 
285564806 12
2 4 16 64 576 1728 15552 124416 746496 6718464 33592320 235146240 
222160857 13
1 1 9 36 144 288 2592 23328 209952 2099520 16796160 16796160 100776960 
714752368 14
1 2 2 12 48 96 864 7776 15552 46656 326592 3265920 26127360 182891520 
490542270 14
1 4 24 216 864 7776 15552 93312 653184 1306368 5225472 36578304 36578304 219469824 
372226287 15
1 1 5 40 360 3600 32400 226800 2041200 2041200 4082400 28576800 57153600 57153600 228614400 
658354829 15
2 18 18 90 360 360 2880 2880 28800 288000 1728000 13824000 138240000 276480000 276480000 
600459469 13
4 28 140 280 1960 11760 11760 82320 658560 1317120 6585600 59270400 118540800 
25285503 11
3 24 192 960 3840 15360 122880 245760 983040 6881280 6881280 
84768044 12
4 8 8 32 288 1152 2304 9216 55296 442368 3981312 23887872 
194422663 11
3 27 27 162 1620 16200 162000 1296000 12960000 90720000 90720000 
885371381 12
4 16 96 960 3840 19200 96000 576000 4032000 32256000 193536000 193536000 
76158767 14
1 8 72 72 216 1296 10368 10368 82944 248832 497664 4976640 24883200 24883200 
427785852 15
1 4 12 48 336 2688 13440 13440 67200 604800 4838400 4838400 38707200 116121600 348364800 
840098258 12
4 40 320 1280 5120 20480 81920 491520 1474560 8847360 70778880 141557760 
73641816 13
3 30 60 60 120 840 8400 16800 16800 168000 1344000 1344000 12096000 
264984499 12
3 9 27 216 1728 6912 34560 69120 691200 6912000 48384000 241920000 
992363454 14
2 8 32 128 512 3072 15360 92160 829440 1658880 8294400 16588800 66355200 398131200 
868703270 14
5 20 20 80 560 2800 2800 11200 89600 716800 5017600 35123200 245862400 737587200 
392184981 12
1 7 49 245 490 4900 9800 58800 352800 3528000 31752000 317520000 
405802133 15
3 18 36 324 324 648 2592 23328 139968 979776 2939328 17635968 70543872 70543872 282175488 
394485273 17
1 7 21 42 252 2268 6804 47628 476280 4762800 9525600 9525600 9525600 38102400 76204800 381024000 381024000 
842010508 14
5 15 75 600 1200 3600 14400 86400 691200 6220800 37324800 37324800 111974400 111974400 
329533083 12
2 8 40 200 1600 1600 9600 96000 480000 2880000 28800000 288000000 
337991145 11
1 10 30 300 1200 8400 58800 294000 2646000 7938000 79380000 
261144493 13
3 24 216 1080 10800 86400 86400 518400 1036800 7257600 36288000 72576000 145152000 
514689988 14
1 8 40 280 1960 3920 23520 23520 23520 47040 329280 3292800 19756800 158054400 
121539406 13
3 15 90 450 2250 2250 13500 27000 81000 81000 405000 4050000 24300000 
495075516 14
1 1 6 60 480 1440 11520 103680 1036800 8294400 16588800 16588800 116121600 116121600 
464601215 13
1 4 24 240 2160 4320 30240 30240 211680 2116800 8467200 84672000 423360000 
199517046 14
2 6 30 210 1680 8400 50400 100800 201600 1008000 2016000 4032000 24192000 48384000 
186148014 15
3 24 72 72 360 1440 1440 8640 86400 172800 518400 1036800 7257600 14515200 87091200 
242099513 13
3 30 150 900 8100 72900 145800 145800 437400 3499200 6998400 27993600 139968000 
138679656 13
3 6 18 90 360 2520 25200 100800 302400 604800 4233600 29635200 88905600 
283610095 10
5 50 150 1350 12150 97200 388800 3499200 27993600 195955200 
640423459 12
2 12 24 168 336 2352 21168 63504 571536 2857680 22861440 160030080 
141897516 12
2 2 16 160 1440 2880 14400 115200 115200 1036800 6220800 55987200 
530706355 10
2 14 112 1120 8960 80640 645120 5806080 46448640 418037760 
829347176 16
1 4 20 60 60 240 240 960 5760 46080 184320 921600 8294400 82944000 331776000 331776000 
74777373 11
2 18 180 900 6300 44100 176400 1058400 7408800 7408800 51861600 
74903764 13
2 2 4 20 160 960 4800 14400 86400 777600 6220800 18662400 74649600 
342887 11
3 15 150 450 1800 1800 5400 16200 81000 81000 81000 
843284227 15
2 16 48 144 144 576 2880 11520 92160 368640 3317760 13271040 79626240 318504960 637009920 
282008599 13
3 21 21 210 210 2100 8400 42000 84000 672000 4704000 28224000 254016000 
502829297 15
3 21 147 1470 1470 13230 39690 198450 595350 1190700 1190700 1190700 5953500 47628000 333396000 
800667967 12
3 12 60 360 2160 12960 64800 64800 648000 4536000 40824000 326592000 
260288246 15
2 14 14 70 350 700 3500 14000 84000 84000 504000 3528000 3528000 28224000 56448000 
801672802 15
1 2 6 12 72 576 4032 4032 20160 181440 362880 1088640 7620480 76204800 609638400 
12821295 11
3 27 243 729 1458 4374 26244 209952 839808 2519424 10077696 
839135981 11
2 14 56 448 3584 32256 290304 1741824 10450944 73156608 438939648 
538951102 12
5 40 160 640 5760 11520 92160 552960 1105920 9953280 99532800 298598400 
339285380 10
5 50 400 3600 21600 86400 259200 1036800 9331200 93312000 
280179339 13
2 20 180 900 7200 28800 172800 345600 1036800 2073600 14515200 14515200 43545600 
957219202 12
4 16 80 640 5120 46080 230400 2304000 16128000 80640000 403200000 806400000 
165972894 11
3 30 240 720 6480 45360 45360 226800 907200 4536000 45360000 
784145827 12
4 4 24 240 1200 2400 24000 240000 1920000 13440000 107520000 752640000 
893246054 13
2 10 80 240 1440 5760 11520 80640 161280 806400 4032000 40320000 201600000 
758586268 14
4 4 4 12 120 360 2880 2880 28800 57600 576000 5184000 46656000 373248000 
160701664 14
2 2 8 8 64 384 3072 9216 73728 368640 2211840 8847360 8847360 53084160 
144070293 13
2 2 18 36 108 1080 6480 12960 129600 648000 1944000 17496000 104976000 
84910735 12
3 9 72 576 4032 4032 28224 112896 903168 9031680 27095040 54190080 
614391666 16
1 3 6 36 144 288 1152 8064 32256 96768 387072 2322432 9289728 9289728 74317824 297271296 
884030928 15
1 1 8 72 648 3888 3888 27216 54432 435456 2612736 15676416 31352832 94058496 376233984 
201259203 13
1 9 81 648 2592 18144 18144 145152 1451520 11612160 11612160 23224320 185794560 
164282680 11
2 16 96 672 5376 21504 86016 688128 688128 4816896 38535168 
817378826 12
3 27 54 432 1728 13824 82944 331776 1658880 1658880 16588800 116121600 
974970865 14
1 7 70 210 1260 6300 6300 18900 189000 1701000 5103000 30618000 91854000 183708000 
191744267 11
4 4 28 84 756 6804 68040 272160 2177280 15240960 106686720 
644215228 11
4 32 64 512 4608 36864 331776 995328 4976640 24883200 74649600 
863941802 13
5 20 40 80 480 2400 21600 129600 777600 3888000 3888000 23328000 116640000 
850344920 12
5 20 180 1080 7560 68040 408240 408240 2857680 11430720 114307200 800150400 
907098281 12
5 10 20 80 480 2400 16800 151200 1512000 4536000 40824000 326592000 
126319534 10
5 40 240 2400 21600 108000 540000 4860000 9720000 38880000 
1183231 11
2 8 48 96 288 576 5184 36288 108864 326592 653184 
251519403 14
2 16 128 1152 1152 6912 41472 414720 414720 2073600 10368000 20736000 62208000 62208000 
311391643 13
2 10 10 10 30 120 720 5040 35280 246960 1728720 8643600 86436000 
203686792 10
2 18 108 648 5832 34992 279936 1679616 5038848 40310784 
140148826 14
2 8 72 72 504 3528 7056 21168 148176 296352 1481760 4445280 40007520 120022560 
417978702 14
1 10 50 350 2800 2800 14000 70000 630000 3150000 6300000 37800000 37800000 151200000 
415610841 10
3 30 270 2430 7290 51030 357210 1428840 12859560 64297800 
390205420 11
5 35 280 2800 19600 58800 529200 1058400 9525600 76204800 304819200 
387995735 13
3 6 60 240 1920 3840 38400 153600 307200 2764800 11059200 110592000 110592000 
540721013 12
3 21 210 420 2520 17640 158760 476280 2857680 14288400 114307200 457228800 
359540263 16
1 1 2 6 30 90 450 450 900 5400 54000 324000 2268000 22680000 22680000 181440000 
967165363 14
1 5 5 10 70 420 3360 23520 235200 705600 705600 6350400 50803200 457228800 
177542107 12
1 2 18 90 540 1620 11340 90720 816480 4898880 24494400 171460800 
202377480 10
5 25 250 1750 1750 17500 157500 1417500 9922500 59535000 
508553897 15
1 1 8 40 400 3200 3200 32000 32000 288000 2016000 12096000 24192000 72576000 362880000 
206958056 14
1 1 8 64 512 2048 14336 57344 401408 2408448 9633792 48168960 96337920 192675840 
45073876 12
4 8 8 40 120 1200 6000 18000 180000 1080000 1080000 5400000 
316509267 11
3 30 300 1500 15000 105000 210000 1890000 5670000 56700000 170100000 
438033702 12
2 12 36 288 2592 15552 139968 1399680 8398080 25194240 75582720 377913600 
508382520 16
2 8 40 280 280 1400 1400 2800 11200 67200 201600 403200 3628800 7257600 29030400 261273600 
530339386 14
2 10 10 70 350 3500 7000 21000 21000 210000 1470000 7350000 44100000 264600000 
9495693 12
2 4 36 72 432 864 2592 2592 23328 163296 489888 3429216 
426969697 15
3 21 63 126 252 1008 8064 64512 322560 322560 645120 4515840 9031680 72253440 289013760 
444174657 13
1 6 54 486 3402 6804 47628 381024 2286144 16003008 96018048 192036096 192036096 
391514053 15
5 45 45 90 180 720 5040 45360 136080 408240 408240 1632960 16329600 48988800 146966400 
674823884 11
2 20 200 2000 18000 108000 324000 2268000 11340000 90720000 453600000 
978316106 13
1 6 48 480 2880 23040 92160 645120 1935360 3870720 27095040 135475200 677376000 
243502420 12
5 30 30 60 600 2400 9600 86400 432000 864000 6048000 42336000 
42435527 12
3 18 72 504 3528 3528 14112 112896 677376 2032128 6096384 24385536 
44194437 16
5 10 10 10 10 20 160 480 2400 16800 117600 940800 6585600 6585600 6585600 32928000 
979698104 15
5 40 200 800 3200 3200 12800 115200 115200 230400 230400 691200 4838400 33868800 304819200 
409084528 13
4 4 36 360 2880 2880 11520 46080 322560 1290240 3870720 38707200 154828800 
577344521 14
4 24 144 432 3888 3888 23328 93312 839808 6718464 47029248 47029248 94058496 376233984 
579719902 14
1 2 10 30 300 1800 1800 3600 7200 43200 388800 2721600 21772800 217728000 
982116708 15
5 40 200 400 800 4000 12000 84000 84000 84000 336000 2352000 9408000 56448000 564480000 
780793337 16
3 3 21 210 420 1680 16800 67200 336000 2688000 10752000 10752000 53760000 161280000 483840000 483840000 
62241338 12
4 12 36 216 1080 2160 12960 90720 453600 1814400 18144000 36288000 
522146239 14
2 2 12 96 96 768 2304 4608 13824 110592 995328 7962624 79626240 477757440 
856587453 12
4 24 72 360 3600 25200 252000 1008000 8064000 56448000 169344000 846720000 
531844592 15
4 32 96 480 4320 4320 17280 17280 172800 1209600 2419200 4838400 29030400 87091200 87091200 
255098018 14
3 6 6 30 180 1260 6300 25200 151200 1512000 3024000 12096000 24192000 145152000 
529367633 14
3 15 120 240 720 5760 46080 138240 967680 3870720 27095040 270950400 270950400 270950400 
408943801 12
2 16 80 720 2880 5760 28800 230400 1152000 2304000 23040000 138240000 
132507343 13
3 9 90 900 7200 50400 100800 201600 1209600 1209600 6048000 24192000 96768000 
486493775 15
5 20 60 360 720 1440 2880 8640 43200 129600 907200 4536000 31752000 31752000 127008000 
626524708 15
2 12 84 504 4032 24192 96768 96768 774144 774144 774144 3096576 12386304 49545216 297271296 
576298372 13
4 40 280 560 560 4480 17920 89600 896000 2688000 24192000 169344000 508032000 
164005373 14
1 1 2 18 126 1134 7938 15876 142884 857304 2571912 23147208 23147208 138883248 
28924763 15
1 8 32 160 640 3200 22400 44800 44800 44800 44800 134400 268800 2419200 16934400 
152300274 13
1 7 42 84 420 1680 16800 117600 235200 1176000 10584000 21168000 105840000 
642999365 11
2 4 12 120 960 6720 47040 188160 1881600 13171200 79027200 
788341595 14
4 28 28 196 392 1176 3528 24696 98784 790272 2370816 7112448 28449792 170698752 
936446217 11
4 40 200 1800 10800 64800 259200 1555200 7776000 77760000 155520000 
967533045 12
4 32 128 1280 10240 102400 204800 819200 2457600 12288000 98304000 196608000 
77758849 11
5 20 100 1000 1000 3000 15000 150000 1200000 7200000 43200000 
758933073 12
4 12 120 1200 4800 43200 432000 1296000 5184000 46656000 93312000 559872000 
865916497 12
5 40 280 1120 1120 8960 80640 322560 645120 6451200 45158400 316108800 
519217267 14
1 6 12 36 360 3600 18000 18000 162000 1296000 2592000 20736000 41472000 207360000 
543591765 10
3 30 300 2700 27000 216000 648000 6480000 38880000 116640000 
590164068 14
2 4 8 40 400 3600 36000 36000 72000 144000 1440000 8640000 34560000 345600000 
43079779 10
5 35 245 490 3430 34300 102900 617400 6174000 12348000 
447758220 15
2 8 8 32 32 224 1792 3584 14336 100352 200704 1003520 8028160 24084480 144506880 
461976790 11
4 40 360 1440 8640 60480 120960 846720 2540160 7620480 76204800 
266004314 12
3 9 36 144 864 3456 34560 276480 552960 4976640 44789760 223948800 
706059565 11
3 30 120 600 4200 21000 105000 840000 2520000 25200000 100800000 
222019919 17
2 4 8 48 144 288 2304 13824 69120 276480 829440 8294400 41472000 41472000 41472000 124416000 124416000 
161007339 13
4 12 84 420 4200 21000 189000 756000 2268000 2268000 13608000 108864000 108864000 
848452914 18
1 4 8 32 224 448 448 448 3136 15680 31360 31360 219520 658560 3292800 26342400 263424000 790272000 
196581409 11
3 27 81 162 1134 7938 47628 428652 857304 2571912 25719120 
475967574 13
4 20 60 540 1080 6480 58320 233280 466560 1399680 8398080 33592320 335923200 
967342233 13
3 27 243 729 1458 11664 11664 58320 524880 4199040 12597120 88179840 529079040 
693335066 12
1 7 49 294 1176 10584 42336 211680 1058400 2116800 16934400 135475200 
124999375 13
3 6 48 96 96 576 1152 3456 31104 279936 1679616 8398080 83980800 
636629599 12
2 12 120 240 1440 12960 129600 259200 518400 4665600 23328000 139968000 
535447196 15
4 20 80 560 5600 39200 156800 156800 1254400 1254400 3763200 7526400 7526400 22579200 158054400 
975820753 19
2 2 4 28 84 504 1512 1512 7560 45360 181440 907200 1814400 1814400 1814400 3628800 18144000 90720000 725760000 
674265087 18
1 3 21 210 1050 1050 2100 12600 37800 378000 378000 1890000 1890000 7560000 22680000 68040000 68040000 476280000 
199916297 14
3 6 48 96 576 4608 23040 161280 322560 2903040 20321280 162570240 162570240 162570240 
950424605 16
1 6 36 144 432 3456 10368 51840 207360 622080 6220800 43545600 304819200 304819200 914457600 914457600 
644730097 12
2 16 16 32 224 1120 11200 100800 504000 3024000 24192000 145152000 
485256620 14
3 24 96 960 960 7680 69120 345600 691200 2073600 20736000 62208000 62208000 373248000 
877951813 16
5 35 70 70 420 2100 8400 25200 25200 100800 302400 1814400 16329600 32659200 97977600 685843200 
76764321 13
5 10 30 60 540 1620 9720 19440 97200 680400 3402000 23814000 71442000 
377993044 14
2 2 6 12 96 864 5184 10368 93312 93312 373248 2239488 20155392 141087744 
493752085 12
3 6 54 486 2916 29160 291600 2624400 20995200 20995200 62985600 377913600 
62893198 10
5 40 320 960 9600 96000 576000 4608000 46080000 46080000 
759471691 19
3 9 45 180 360 360 1080 1080 3240 6480 6480 51840 155520 1555200 12441600 24883200 74649600 74649600 597196800 
643972977 11
2 14 112 448 4032 28224 254016 1524096 12192768 24385536 146313216 
484483324 12
4 8 8 56 280 1400 12600 113400 907200 9072000 72576000 217728000 
306363911 13
1 6 18 144 720 1440 12960 25920 233280 933120 9331200 74649600 298598400 
719285469 13
2 14 56 224 672 4032 16128 16128 161280 161280 1612800 16128000 129024000 
531913160 13
2 20 180 360 2160 4320 38880 388800 1944000 17496000 52488000 262440000 524880000 
419816223 13
4 32 64 64 256 1536 6144 49152 147456 1474560 13271040 53084160 106168320 
334614084 12
3 27 216 1944 1944 15552 46656 373248 3359232 3359232 30233088 151165440 
52341762 14
4 8 24 216 1080 10800 10800 75600 453600 3628800 3628800 10886400 21772800 43545600 
926534526 13
5 15 150 1350 4050 36450 328050 1640250 11481750 11481750 22963500 160744500 321489000 
992545282 12
4 12 72 360 1800 10800 97200 680400 4082400 24494400 97977600 489888000 
553409298 15
3 18 18 18 36 108 216 2160 15120 15120 136080 272160 2449440 22044960 110224800 
494302112 14
2 14 140 840 3360 13440 40320 403200 2016000 2016000 14112000 28224000 112896000 225792000 
735283942 20
1 7 7 7 7 35 105 1050 1050 5250 52500 105000 525000 525000 3675000 3675000 14700000 73500000 73500000 735000000 
611028205 15
1 2 16 160 320 1280 1280 8960 62720 62720 439040 2634240 2634240 26342400 158054400 
811008365 12
4 28 168 1344 9408 84672 169344 1185408 5927040 23708160 47416320 474163200 
474589740 17
1 10 100 400 3600 3600 25200 100800 201600 604800 604800 1209600 12096000 72576000 217728000 217728000 217728000 
470167361 11
4 36 144 432 2160 6480 38880 116640 1049760 9447840 47239200 
807937420 15
5 35 315 1890 1890 13230 79380 555660 555660 5000940 10001880 30005640 30005640 90016920 720135360 
325913678 11
3 30 30 240 1920 13440 134400 672000 6048000 30240000 272160000 
156767771 11
5 15 135 1215 2430 17010 102060 408240 2449440 9797760 97977600 
497943003 12
2 2 20 40 200 1400 8400 58800 470400 4233600 16934400 118540800 
448290513 13
3 3 15 135 1350 4050 24300 97200 97200 388800 2721600 27216000 54432000 
793748702 13
5 25 50 100 600 2400 2400 19200 172800 1555200 7776000 38880000 233280000 
27257966 12
1 4 4 20 100 500 2000 12000 120000 1080000 1080000 10800000 
142011305 12
3 3 21 189 945 945 9450 75600 529200 2116800 21168000 127008000 
712485047 13
3 6 36 180 1260 10080 90720 635040 1905120 9525600 38102400 304819200 609638400 
540357681 15
3 12 48 144 144 720 7200 72000 72000 720000 720000 720000 5760000 23040000 230400000 
163319835 11
5 50 350 1050 6300 31500 315000 1260000 3780000 7560000 75600000 
180363367 14
1 3 30 240 1680 6720 6720 60480 604800 6048000 60480000 120960000 120960000 120960000 
28532014 13
1 4 16 80 80 240 720 2160 17280 120960 483840 1935360 19353600 
382187547 11
5 35 280 2240 15680 125440 752640 1505280 12042240 72253440 216760320 
263368819 12
1 6 54 432 3456 31104 93312 279936 1679616 5038848 25194240 201553920 
162202832 14
2 14 42 294 1764 3528 7056 28224 254016 254016 508032 4064256 24385536 73156608 
354761859 13
1 7 21 168 504 2016 10080 20160 80640 645120 2580480 23224320 46448640 
869261820 16
2 2 2 6 30 240 2400 14400 14400 43200 259200 259200 1296000 5184000 31104000 279936000 
174508242 10
3 24 120 720 7200 57600 576000 1728000 5184000 46656000 
97903933 11
2 6 42 420 2100 14700 58800 529200 3175200 9525600 57153600 
887407352 17
2 2 16 48 288 1440 5760 34560 103680 103680 207360 1658880 3317760 3317760 29859840 179159040 537477120 
230020232 11
3 18 72 648 3240 25920 181440 1451520 11612160 58060800 116121600 
938093875 15
2 18 90 180 540 1620 9720 58320 583200 5832000 46656000 46656000 419904000 419904000 419904000 
698524670 13
1 5 45 360 360 720 4320 21600 194400 972000 4860000 38880000 349920000 
654577503 13
2 4 24 192 576 5184 51840 51840 311040 2799360 27993600 167961600 167961600 
906173148 14
1 1 8 32 192 1152 1152 9216 64512 580608 1161216 8128512 40642560 325140480 
26070817 9
3 12 84 336 3024 12096 108864 979776 3919104 
429852244 14
2 8 64 256 1280 7680 7680 53760 268800 1075200 4300800 43008000 301056000 301056000 
55634364 13
2 10 60 60 120 120 600 3000 21000 210000 1260000 3780000 30240000 
967150243 13
3 24 96 96 576 4032 28224 84672 677376 2709504 27095040 81285120 731566080 
549726913 12
1 10 90 630 3780 15120 136080 952560 4762800 14288400 57153600 171460800 
968379742 12
4 28 112 672 2688 5376 53760 376320 3386880 27095040 81285120 243855360 
508769629 12
3 6 60 420 1260 12600 100800 100800 907200 2721600 10886400 76204800 
648083432 16
5 10 40 200 1600 3200 3200 3200 32000 160000 640000 5760000 5760000 11520000 69120000 345600000 
117361430 12
3 15 150 600 1800 3600 18000 180000 720000 2160000 8640000 69120000 
947700219 12
4 36 180 1440 4320 8640 8640 34560 138240 1382400 11059200 110592000 
912511475 13
5 5 30 180 1620 16200 162000 1458000 7290000 14580000 29160000 262440000 787320000 
191003310 11
4 24 120 840 8400 25200 25200 176400 1058400 4233600 38102400 
906419773 11
4 36 288 2304 18432 165888 165888 829440 3317760 29859840 179159040 
66744292 11
4 40 360 1080 1080 2160 17280 69120 622080 1244160 12441600 
745136328 15
1 2 16 16 112 784 784 3920 19600 196000 980000 1960000 15680000 78400000 705600000 
440152315 12
5 20 180 1080 6480 58320 466560 2799360 5598720 39191040 352719360 352719360 
305550752 11
5 10 50 150 1500 12000 108000 648000 5184000 25920000 51840000 
558485852 15
1 5 35 245 735 1470 5880 52920 105840 952560 3810240 3810240 30481920 274337280 548674560 
569778764 12
4 16 80 800 4800 43200 86400 604800 3628800 7257600 29030400 174182400 
135253488 10
5 35 315 2835 14175 70875 283500 1984500 15876000 31752000 
915297197 12
3 15 150 750 3750 15000 150000 750000 6750000 27000000 108000000 648000000 
708268593 11
2 4 8 80 400 3600 25200 226800 1134000 7938000 79380000 
665895550 13
2 6 36 36 216 1080 1080 10800 75600 378000 2268000 22680000 158760000 
326834395 13
3 6 30 120 720 2160 15120 151200 302400 604800 4838400 48384000 96768000 
308979986 15
2 6 24 240 1680 1680 3360 6720 47040 94080 282240 846720 5927040 47416320 94832640 
462818892 13
4 8 48 240 1200 4800 33600 100800 302400 2419200 9676800 19353600 193536000 
589845572 12
1 6 12 108 756 6804 6804 54432 544320 4354560 43545600 130636800 
167999142 14
3 6 24 96 96 480 4320 30240 30240 120960 483840 1451520 11612160 34836480 
106096012 10
5 10 60 300 2700 24300 145800 729000 5103000 30618000 
330913365 12
4 20 80 240 1680 5040 20160 201600 1209600 7257600 29030400 116121600 
552881641 12
4 40 320 1920 13440 134400 537600 3225600 12902400 12902400 38707200 77414400 
708931659 11
5 45 360 2520 7560 45360 90720 544320 4354560 34836480 278691840 
864270234 14
2 6 54 108 864 2592 12960 116640 1166400 2332800 13996800 27993600 167961600 503884800 
744498507 15
3 15 90 810 4860 19440 136080 408240 2449440 4898880 19595520 58786560 117573120 352719360 705438720 
638393437 12
1 4 20 40 160 1280 10240 20480 184320 1658880 14929920 149299200 
846167712 13
2 8 48 384 768 3072 12288 86016 860160 6881280 34406400 137625600 137625600 
573698874 12
5 25 225 225 1125 4500 22500 180000 1620000 6480000 45360000 136080000 
40232639 12
2 2 8 40 80 800 8000 16000 48000 144000 1008000 9072000 
972039992 14
4 12 96 576 1152 2304 23040 46080 92160 552960 2764800 22118400 110592000 663552000 
865037117 16
1 8 64 448 3584 10752 32256 64512 129024 258048 1290240 7741440 54190080 54190080 270950400 270950400 
954237634 15
4 32 288 2880 2880 23040 23040 92160 460800 3686400 3686400 33177600 165888000 663552000 663552000 
657664160 15
3 27 27 162 324 1296 9072 27216 217728 1088640 1088640 10886400 97977600 97977600 293932800 
583372924 14
3 9 81 810 8100 8100 24300 145800 1166400 6998400 41990400 83980800 83980800 503884800 
610774908 14
4 20 160 1440 11520 11520 80640 161280 161280 161280 483840 4838400 43545600 130636800 
282756778 11
3 9 63 504 1008 9072 72576 508032 2032128 16257024 32514048 
999907258 13
1 2 14 112 560 1680 8400 25200 252000 1764000 17640000 35280000 317520000 
763329781 12
4 36 36 216 648 6480 64800 64800 583200 2332800 20995200 167961600 
19511328 12
3 21 21 84 840 3360 6720 47040 423360 2116800 6350400 19051200 
690955318 12
4 16 80 640 2560 20480 163840 983040 5898240 11796480 82575360 578027520 
336164259 14
5 50 50 200 1800 9000 9000 9000 90000 900000 4500000 4500000 36000000 180000000 
193381044 13
5 35 35 350 350 1750 15750 94500 472500 2835000 8505000 17010000 153090000 
282575868 11
3 3 15 120 360 2880 23040 207360 2073600 18662400 186624000 
336475401 11
5 10 60 540 3780 26460 132300 1190700 8334900 58344300 175032900 
989734481 12
4 36 108 648 6480 19440 116640 1166400 5832000 11664000 81648000 734832000 
27810006 10
1 7 7 28 224 2240 17920 179200 1254400 7526400 
326746 8
4 12 72 144 144 1440 11520 57600 
736652387 13
2 4 40 200 2000 18000 162000 486000 2430000 19440000 77760000 77760000 466560000 
728089755 14
1 4 24 144 720 1440 1440 2880 20160 100800 705600 5644800 33868800 203212800 
303107427 15
2 12 84 420 2520 2520 15120 60480 120960 1088640 1088640 1088640 2177280 6531840 52254720 
664477478 13
3 9 45 135 945 8505 51030 408240 2041200 4082400 24494400 73483200 661348800 
507069641 14
5 10 10 60 420 2520 22680 90720 907200 1814400 3628800 7257600 29030400 174182400 
370927791 13
1 5 15 90 900 7200 14400 115200 576000 1152000 4608000 36864000 331776000 
171539790 11
2 8 56 448 2240 11200 67200 672000 3360000 33600000 33600000 
628825997 15
3 12 12 120 840 2520 12600 25200 201600 806400 806400 1612800 4838400 24192000 120960000 
653327984 13
2 10 40 400 3600 7200 72000 216000 1296000 6480000 25920000 51840000 311040000 
340608754 12
4 4 32 32 320 2240 8960 35840 358400 1075200 9676800 96768000 
563524365 11
1 6 60 540 4860 24300 97200 874800 2624400 13122000 104976000 
814025843 16
3 12 120 480 960 5760 28800 57600 230400 1152000 1152000 2304000 23040000 161280000 161280000 483840000 
184715943 10
2 20 160 1440 14400 115200 806400 4838400 4838400 33868800 
524315200 15
2 12 72 72 144 720 5040 15120 15120 15120 60480 362880 2540160 15240960 137168640 
897875145 16
2 2 2 18 36 72 432 4320 4320 12960 103680 622080 3110400 15552000 77760000 233280000 
608794176 11
2 8 8 56 560 2800 25200 252000 2520000 15120000 120960000 
801782241 11
4 24 216 864 6912 48384 338688 3386880 6773760 40642560 406425600 
614265390 12
3 24 48 432 1728 8640 77760 466560 3732480 3732480 14929920 104509440 
397412378 13
4 32 224 224 1120 4480 17920 17920 53760 483840 3870720 34836480 174182400 
83152344 13
3 6 54 432 1728 13824 27648 82944 82944 497664 1492992 11943936 35831808 
601144229 16
3 3 12 96 768 768 6144 12288 73728 73728 294912 2359296 2359296 9437184 84934656 424673280 
459987249 12
1 6 60 600 1200 8400 8400 50400 504000 3024000 30240000 272160000 
90467518 12
1 2 20 200 1800 12600 25200 226800 226800 1587600 14288400 85730400 
998990800 12
5 45 225 1350 1350 6750 27000 270000 1080000 7560000 68040000 476280000 
533815241 14
5 20 60 480 1920 19200 19200 57600 518400 1036800 2073600 4147200 41472000 165888000 
474540515 12
5 45 225 225 1800 16200 113400 1134000 5670000 11340000 11340000 113400000 
809150673 13
4 24 24 192 1920 9600 76800 230400 921600 7372800 51609600 258048000 258048000 
312684284 13
1 10 30 180 1800 7200 14400 144000 144000 1440000 11520000 23040000 138240000 
937648242 13
2 12 96 96 96 960 9600 96000 384000 3456000 13824000 110592000 774144000 
670218230 11
4 28 112 1008 9072 81648 408240 3265920 6531840 39191040 352719360 
324740663 11
3 27 135 405 2835 17010 170100 1190700 9525600 9525600 57153600 
808262512 13
2 20 160 1280 11520 69120 138240 276480 1382400 6912000 13824000 41472000 207360000 
575526844 13
2 12 72 144 144 720 7200 50400 453600 4082400 12247200 110224800 551124000 
690977332 19
4 8 8 16 48 48 48 48 288 576 2304 4608 41472 248832 995328 2985984 14929920 104509440 104509440 
122128865 13
4 12 48 384 3840 11520 92160 368640 368640 737280 3686400 3686400 22118400 
492346445 12
4 32 256 1280 11520 57600 345600 1382400 9676800 58060800 58060800 116121600 
130428190 13
1 9 9 45 405 1215 1215 9720 38880 116640 699840 4898880 24494400 
8523606 11
4 28 112 112 1120 2240 22400 134400 268800 1612800 3225600 
22277549 9
2 18 144 864 7776 23328 139968 1259712 11337408 
77055831 10
4 36 36 252 756 6048 24192 217728 1524096 13716864 
324304620 12
2 18 126 378 3780 7560 45360 226800 1134000 1134000 10206000 40824000 
897257082 14
4 8 16 144 432 4320 17280 138240 138240 829440 3317760 16588800 66355200 597196800 
651320021 16
2 14 28 84 588 4704 28224 169344 338688 338688 1016064 8128512 24385536 73156608 73156608 146313216 
340654397 12
5 25 200 1800 12600 12600 75600 529200 3175200 28576800 85730400 85730400 
717422999 12
3 6 36 360 1800 9000 81000 162000 1620000 16200000 64800000 259200000 
467702130 14
4 24 240 480 1440 8640 60480 120960 483840 1451520 2903040 26127360 26127360 261273600 
895895181 13
3 30 270 270 1080 6480 12960 129600 1296000 12960000 38880000 77760000 155520000 
912503994 13
5 5 40 120 1200 12000 84000 672000 4032000 36288000 36288000 362880000 725760000 
381110608 14
5 5 5 20 60 540 3240 25920 103680 725760 5080320 20321280 182891520 182891520 
952074428 15
5 40 40 400 2400 7200 7200 50400 100800 806400 3225600 32256000 32256000 96768000 96768000 
937913123 15
4 8 16 112 672 6720 20160 60480 302400 302400 302400 3024000 27216000 27216000 163296000 
868067449 19
5 35 35 175 175 700 2100 4200 4200 25200 25200 25200 201600 806400 1612800 1612800 11289600 56448000 564480000 
662172307 13
4 8 48 48 192 1152 11520 57600 460800 2764800 11059200 77414400 309657600 
551833176 13
4 16 128 768 6144 61440 122880 1228800 3686400 3686400 11059200 66355200 265420800 
917193063 14
1 3 6 36 216 1512 9072 81648 326592 1959552 5878656 5878656 17635968 158723712 
462206400 12
1 5 5 45 180 1440 11520 57600 518400 4147200 29030400 58060800 
247188289 13
5 25 25 125 875 3500 7000 28000 84000 672000 2688000 16128000 80640000 
184584374 11
4 28 196 1176 2352 2352 18816 188160 1128960 5644800 45158400 
205201879 11
1 7 63 441 2646 7938 23814 190512 1714608 15431472 30862944 
877987334 14
4 16 112 784 784 784 3920 35280 246960 740880 4445280 35562240 177811200 533433600 
26443065 9
5 50 450 4500 31500 220500 1764000 8820000 17640000 
478997628 10
2 4 40 280 1400 12600 126000 1008000 8064000 64512000 
499381741 11
5 15 135 945 4725 18900 113400 1134000 10206000 71442000 71442000 
905880449 11
2 20 160 480 4320 8640 60480 604800 6048000 60480000 544320000 
246944997 11
4 40 280 840 5880 35280 70560 564480 4515840 9031680 54190080 
613480007 11
3 12 72 432 4320 34560 241920 2177280 17418240 69672960 209018880 
203301702 11
2 18 180 1080 8640 86400 259200 777600 6998400 6998400 34992000 
165227090 12
1 7 35 210 2100 21000 42000 294000 882000 7938000 15876000 79380000 
984381220 16
5 25 125 625 4375 13125 13125 105000 210000 1680000 11760000 11760000 23520000 235200000 470400000 940800000 
721476845 13
5 50 100 600 3000 6000 48000 288000 2304000 4608000 18432000 36864000 221184000 
543679287 14
3 6 24 192 1728 13824 138240 829440 829440 6635520 13271040 13271040 119439360 358318080 
702117853 14
3 21 84 168 1680 15120 90720 90720 544320 1632960 1632960 13063680 104509440 418037760 
463239699 15
1 6 42 42 210 1470 11760 58800 117600 940800 1881600 9408000 9408000 18816000 150528000 
639205806 11
1 6 54 378 1890 18900 75600 604800 4233600 25401600 254016000 
51490831 15
3 15 15 15 150 1350 1350 6750 33750 33750 33750 270000 2700000 10800000 43200000 
153060321 12
5 15 120 120 1200 7200 64800 324000 2268000 6804000 27216000 108864000 
889102709 13
5 45 135 1215 1215 6075 60750 60750 303750 1822500 12757500 89302500 535815000 
41141848 11
2 18 36 288 1728 6912 34560 276480 1105920 3317760 26542080 
504648678 11
4 40 200 800 8000 8000 40000 160000 1440000 7200000 57600000 
930802382 14
1 4 24 96 288 864 8640 8640 34560 34560 345600 3110400 18662400 130636800 
163769541 10
4 36 180 1800 16200 113400 680400 2041200 16329600 97977600 
450613742 13
1 4 12 120 720 7200 36000 36000 144000 1008000 5040000 25200000 176400000 
670412251 14
5 35 280 560 2800 14000 14000 42000 84000 168000 504000 4032000 32256000 225792000 
729817277 12
3 9 63 567 4536 27216 108864 762048 1524096 9144576 18289152 164602368 
850634821 13
1 7 70 140 700 4900 19600 176400 352800 2116800 6350400 31752000 285768000 
328466998 16
2 16 32 256 768 5376 21504 21504 129024 129024 774144 3096576 6193152 18579456 111476736 222953472 
432672860 11
3 27 81 567 2835 28350 56700 340200 1020600 9185400 73483200 
801847603 11
2 10 100 500 4500 31500 283500 1984500 19845000 178605000 357210000 
219525155 13
1 5 5 50 100 300 900 6300 18900 151200 756000 6804000 47628000 
788878542 13
4 4 24 48 432 1728 13824 110592 1105920 6635520 26542080 212336640 424673280 
517240856 12
3 9 36 108 1080 6480 25920 77760 777600 6998400 62985600 251942400 
760658925 14
5 15 60 600 3600 14400 100800 907200 3628800 3628800 25401600 25401600 254016000 508032000 
548822872 11
3 18 144 720 7200 21600 216000 1944000 15552000 77760000 155520000 
47019887 14
3 6 18 144 1008 5040 15120 120960 120960 967680 4838400 4838400 4838400 33868800 
609883547 13
1 6 6 36 180 1440 7200 14400 100800 705600 2116800 16934400 118540800 
3994934 9
4 24 240 480 3840 34560 345600 1036800 2073600 
274259903 14
5 5 20 100 200 400 1600 6400 57600 345600 691200 2764800 8294400 49766400 
899682708 13
1 5 45 360 360 1800 14400 86400 345600 3456000 17280000 86400000 777600000 
741472822 12
3 24 72 576 1728 17280 155520 622080 3110400 15552000 46656000 466560000 
5119435 11
3 12 12 48 192 1344 2688 5376 37632 225792 2032128 
596348066 14
2 20 180 1440 1440 10080 50400 403200 4032000 8064000 24192000 24192000 72576000 580608000 
633882984 12
2 20 120 480 3360 30240 181440 362880 1451520 4354560 13063680 91445760 
482454799 12
1 8 40 160 1120 3360 3360 23520 211680 1058400 7408800 74088000 
343635368 13
1 10 100 800 4800 38400 307200 307200 307200 1843200 1843200 12902400 129024000 
224085895 11
4 8 24 216 864 8640 25920 181440 1632960 11430720 80015040 
945811276 13
3 3 9 63 567 1701 15309 153090 153090 918540 7348320 73483200 661348800 
396180897 13
2 2 12 72 504 3024 30240 60480 302400 907200 907200 8164800 81648000 
339173948 13
1 6 36 108 972 7776 7776 69984 209952 1889568 15116544 45349632 317447424 
571942849 13
4 20 100 1000 5000 10000 80000 160000 1280000 8960000 26880000 53760000 483840000 
463824769 15
2 20 120 840 5040 5040 5040 30240 302400 604800 2419200 4838400 9676800 29030400 174182400 
209976670 12
5 45 180 720 720 6480 32400 259200 518400 2073600 8294400 49766400 
699460631 11
2 20 180 360 2520 12600 113400 1020600 8164800 32659200 293932800 
475141630 14
4 8 16 16 128 1280 12800 102400 307200 1536000 12288000 36864000 73728000 368640000 
341749376 13
5 40 40 80 160 480 4800 24000 216000 1296000 6480000 51840000 155520000 
284565163 13
3 3 24 24 72 720 7200 28800 57600 460800 3686400 22118400 154828800 
361966217 15
4 16 128 512 512 4608 32256 129024 129024 774144 7741440 7741440 7741440 30965760 247726080 
601693494 12
3 21 126 252 2520 25200 50400 453600 2268000 6804000 54432000 272160000 
792555174 11
5 35 315 2520 10080 40320 403200 806400 8064000 48384000 193536000 
83296692 13
5 25 175 1575 6300 12600 37800 37800 378000 1890000 3780000 3780000 30240000 
381465209 15
1 2 16 160 480 1920 15360 15360 46080 46080 276480 1105920 5529600 27648000 248832000 
666326938 15
1 6 12 120 480 3840 3840 30720 307200 614400 2457600 2457600 7372800 22118400 221184000 
508727887 11
4 36 36 252 1008 8064 72576 435456 4354560 21772800 217728000 
476946406 14
1 10 40 80 400 2800 8400 84000 336000 1008000 8064000 24192000 120960000 362880000 
476923893 10
4 24 120 960 8640 43200 345600 2419200 21772800 108864000 
376927697 16
1 4 8 40 400 1600 11200 56000 280000 280000 280000 1960000 1960000 9800000 19600000 196000000 
984825203 13
3 6 24 192 1728 17280 86400 691200 2764800 5529600 33177600 66355200 530841600 
116069654 11
3 9 36 144 576 4608 46080 368640 1474560 4423680 39813120 
517017572 12
3 15 90 360 1800 9000 63000 630000 1260000 7560000 68040000 408240000 
812882945 12
3 27 270 1080 8640 25920 77760 155520 1244160 8709120 52254720 365783040 
30709662 10
5 15 150 450 2250 9000 81000 162000 1458000 8748000 
568177475 15
1 5 35 35 140 280 1960 11760 23520 141120 141120 1270080 12700800 50803200 508032000 
916393651 14
2 14 84 84 168 1344 4032 24192 96768 580608 4064256 20321280 101606400 203212800 
336067240 12
2 12 96 384 384 3456 34560 276480 552960 2764800 24883200 49766400 
71081994 14
4 8 32 224 2240 2240 20160 20160 181440 181440 1270080 2540160 17781120 53343360 
851326788 11
3 18 180 720 2160 17280 155520 622080 4976640 39813120 119439360 
36889835 13
4 4 4 40 240 960 4800 19200 76800 460800 1382400 5529600 22118400 
380999534 14
2 14 14 84 420 2100 2100 14700 147000 588000 2352000 18816000 169344000 169344000 
327772120 13
1 2 18 72 360 2880 2880 23040 115200 576000 1728000 17280000 155520000 
111623867 12
5 15 30 30 180 1440 11520 115200 921600 3686400 36864000 110592000 
682552382 15
2 6 6 24 96 480 1920 17280 155520 155520 1399680 11197440 78382080 391910400 391910400 
916303409 15
5 5 50 400 800 2400 7200 64800 129600 518400 4665600 32659200 163296000 163296000 816480000 
818801345 12
4 28 196 1764 1764 17640 123480 1111320 2222640 11113200 77792400 700131600 
905357220 12
4 24 144 1296 7776 23328 233280 2332800 16329600 146966400 146966400 440899200 
54229055 11
2 14 126 378 3780 15120 136080 1088640 2177280 4354560 30481920 
638261239 15
5 5 25 200 200 1200 7200 43200 129600 518400 1555200 12441600 74649600 149299200 597196800 
540014507 13
2 16 32 320 1600 3200 12800 76800 460800 2304000 9216000 82944000 497664000 
155536627 14
2 10 20 60 180 360 3600 36000 360000 720000 4320000 8640000 77760000 77760000 
365795910 12
5 30 210 420 3780 34020 204120 2041200 4082400 8164800 57153600 342921600 
871012964 15
1 1 8 16 128 256 1536 3072 15360 76800 230400 921600 7372800 58982400 353894400 
841020696 14
5 45 45 225 1575 3150 9450 47250 472500 2362500 21262500 63787500 63787500 382725000 
693067705 12
1 9 72 648 3888 34992 209952 1889568 7558272 75582720 75582720 680244480 
785875671 12
1 4 24 240 960 5760 28800 86400 777600 6998400 48988800 489888000 
226344539 15
2 4 24 72 144 432 432 864 3456 27648 276480 2488320 14929920 74649600 74649600 
910017773 14
1 8 64 576 2880 23040 115200 230400 921600 6451200 12902400 51609600 258048000 516096000 
758923459 13
2 10 60 360 3240 25920 155520 1555200 4665600 13996800 13996800 27993600 279936000 
504994479 14
2 14 14 14 98 98 490 1960 13720 109760 987840 2963520 26671680 53343360 
920895772 12
5 10 30 210 1470 11760 58800 411600 1234800 4939200 44452800 311169600 
939844966 15
2 16 16 48 288 864 4320 8640 34560 311040 2177280 4354560 34836480 174182400 870912000 
709071792 13
2 12 72 720 5760 11520 80640 403200 2419200 12096000 108864000 108864000 326592000 
159220406 11
5 25 100 500 4500 40500 405000 1620000 1620000 4860000 19440000 
761994393 13
4 8 32 320 2560 5120 35840 179200 179200 716800 6451200 58060800 580608000 
939625368 11
3 24 168 1008 6048 18144 36288 326592 2939328 29393280 293932800 
120531922 11
3 6 12 108 1080 8640 86400 259200 1814400 16329600 97977600 
617886347 11
3 21 189 567 2835 25515 229635 1837080 14696640 102876480 514382400 
503352771 12
4 24 96 672 4704 14112 70560 141120 846720 5080320 50803200 304819200 
597305894 12
1 10 40 360 2160 19440 58320 233280 1632960 9797760 78382080 548674560 
99701704 12
2 14 28 28 56 560 4480 22400 179200 896000 8960000 35840000 
462883231 13
5 10 70 140 840 5880 11760 105840 740880 6667920 46675440 46675440 93350880 
486071332 11
3 27 108 324 2592 25920 155520 1555200 1555200 10886400 87091200 
977379468 12
5 20 180 1800 1800 9000 9000 81000 567000 3969000 27783000 222264000 
660486044 13
5 30 120 600 5400 5400 16200 113400 453600 3175200 19051200 76204800 228614400 
10523222 9
1 9 45 225 1125 9000 27000 135000 1350000 
876588846 12
2 16 96 480 2880 14400 28800 288000 2880000 20160000 80640000 806400000 
145118417 12
3 18 180 900 1800 9000 81000 729000 729000 6561000 19683000 137781000 
43860460 11
5 50 500 500 4500 27000 216000 864000 864000 4320000 34560000 
557573475 12
4 36 360 2520 20160 120960 604800 3024000 21168000 21168000 169344000 338688000 
625089441 13
1 4 28 224 2240 4480 40320 40320 40320 362880 3265920 29393280 235146240 
977965186 17
1 2 2 8 56 56 280 1120 8960 17920 179200 896000 7168000 14336000 28672000 28672000 286720000 
454529307 12
1 8 56 336 3360 26880 215040 430080 3440640 30965760 61931520 371589120 
143798927 15
2 18 90 630 3780 26460 79380 79380 396900 1587600 3175200 3175200 12700800 38102400 76204800 
562301075 15
4 4 8 8 80 560 1120 7840 47040 188160 752640 3010560 15052800 15052800 90316800 
662136610 13
2 4 20 140 1120 8960 80640 322560 967680 9676800 38707200 309657600 619315200 
546058918 11
4 20 160 800 5600 50400 151200 1360800 6804000 54432000 217728000 
893360813 12
2 20 20 180 1440 2880 28800 144000 1152000 10368000 41472000 331776000 
800171352 14
1 7 56 224 2240 11200 78400 313600 1568000 4704000 14112000 42336000 211680000 211680000 
846085524 13
2 8 64 192 576 4608 13824 41472 414720 1658880 11612160 104509440 313528320 
922359580 12
2 14 98 490 1960 3920 19600 176400 1411200 14112000 70560000 705600000 
528576571 15
2 12 48 288 2304 20736 62208 124416 248832 746496 3732480 14929920 29859840 238878720 477757440 
936327813 16
2 2 20 160 1440 7200 14400 14400 14400 28800 288000 2880000 17280000 34560000 138240000 552960000 
572677081 13
2 20 80 480 1920 15360 138240 1105920 4423680 17694720 17694720 53084160 265420800 
535497169 11
5 35 70 140 980 7840 39200 274400 2195200 13171200 92198400 
682918158 11
3 24 72 648 3888 34992 349920 699840 4199040 20995200 188956800 
555398051 13
3 6 54 162 648 3240 22680 226800 680400 6123600 12247200 24494400 146966400 
476843078 13
3 18 72 432 1296 10368 51840 362880 2903040 2903040 20321280 142248960 284497920 
543244554 13
2 4 40 240 1200 1200 9600 96000 672000 4704000 47040000 94080000 470400000 
959815752 13
3 6 60 120 1080 3240 25920 77760 233280 466560 4199040 41990400 167961600 
739108677 11
4 28 280 560 4480 40320 282240 1128960 10160640 60963840 243855360 
487535515 16
2 6 54 432 2160 2160 4320 17280 34560 345600 3110400 3110400 9331200 27993600 139968000 139968000 
348943195 11
3 18 36 252 1260 3780 22680 136080 1224720 12247200 73483200 
500996284 14
3 9 72 504 504 3024 3024 9072 63504 381024 1905120 11430720 68584320 480090240 
2273125 11
3 3 3 6 6 48 240 2160 10800 108000 432000 
877319228 12
5 15 75 450 3150 31500 126000 378000 3780000 34020000 170100000 850500000 
80185219 12
3 3 6 48 336 672 4032 40320 80640 725760 7257600 65318400 
28219774 12
3 9 36 108 432 1728 10368 10368 93312 373248 3732480 14929920 
838056008 13
1 4 12 60 600 3000 15000 60000 180000 720000 3600000 36000000 108000000 
6148214 10
5 20 160 960 960 2880 28800 144000 1152000 5760000 
66537022 13
3 15 90 630 5670 11340 113400 226800 1360800 8164800 32659200 32659200 32659200 
784013659 15
5 20 20 120 960 9600 48000 48000 432000 4320000 4320000 4320000 4320000 21600000 194400000 
15348276 13
2 16 32 64 448 4480 22400 134400 403200 806400 806400 4838400 9676800 
540923611 14
2 16 128 512 1536 7680 38400 345600 1728000 6912000 6912000 48384000 290304000 290304000 
640655215 14
1 8 16 64 576 2880 5760 57600 57600 403200 1612800 3225600 29030400 290304000 
705602844 11
2 6 18 162 1458 11664 69984 349920 2099520 20995200 209952000 
663199952 12
2 12 108 1080 3240 19440 19440 155520 933120 6531840 58786560 411505920 
675121057 13
2 20 160 960 960 2880 25920 155520 933120 6531840 26127360 130636800 261273600 
831911922 12
5 20 200 1600 16000 112000 672000 672000 6048000 18144000 54432000 489888000 
436222254 13
4 28 112 560 2240 11200 22400 201600 1209600 8467200 59270400 59270400 237081600 
512266550 16
1 8 72 360 2520 5040 20160 80640 241920 483840 483840 2419200 2419200 7257600 50803200 457228800 
353048997 12
2 14 98 98 980 1960 7840 78400 705600 1411200 11289600 101606400 
557749142 11
5 30 120 600 6000 18000 108000 648000 5184000 51840000 362880000 
457125502 12
4 36 108 216 1944 9720 77760 466560 1399680 13996800 97977600 391910400 
414534706 14
4 16 144 864 3456 10368 20736 186624 1679616 10077696 10077696 10077696 30233088 181398528 
158125284 11
2 8 48 336 1008 9072 90720 90720 453600 4082400 32659200 
59463177 11
3 15 45 225 675 4050 12150 121500 1215000 8505000 17010000 
453217446 10
5 35 350 1750 17500 87500 437500 1312500 11812500 118125000 
780679446 12
3 30 270 1350 8100 64800 194400 583200 4082400 36741600 183708000 551124000 
998229 10
2 14 28 84 504 2520 7560 75600 151200 302400 
342138021 11
3 21 63 441 3087 12348 98784 889056 3556224 32006016 96018048 
88284777 11
3 21 63 252 1260 11340 102060 714420 714420 5000940 45008460 
804506971 12
2 10 70 280 2240 20160 40320 403200 2822400 11289600 101606400 304819200 
626993310 14
1 3 6 24 168 504 504 2016 14112 98784 790272 4741632 23708160 118540800 
647488528 12
1 5 10 50 450 4050 32400 226800 1587600 14288400 114307200 342921600 
646486034 12
1 7 70 140 1260 5040 25200 126000 756000 6048000 48384000 193536000 
366340239 10
3 27 270 1080 6480 12960 103680 1036800 6220800 49766400 
124613603 11
3 18 108 324 1296 12960 77760 699840 5598720 44789760 89579520 
500021168 13
3 27 54 540 3240 6480 19440 174960 174960 349920 2799360 11197440 100776960 
303786272 12
1 10 70 700 6300 56700 340200 1360800 5443200 48988800 244944000 244944000 
902605175 15
2 20 60 540 1080 1080 3240 3240 25920 103680 414720 2488320 9953280 69672960 348364800 
100625261 14
2 10 10 70 70 700 3500 7000 35000 35000 175000 875000 4375000 30625000 
373048701 11
4 28 224 1568 12544 125440 125440 1128960 7902720 31610880 126443520 
328543064 10
4 40 400 2800 16800 67200 604800 2419200 12096000 108864000 
972736732 12
3 15 135 540 5400 27000 270000 1890000 5670000 34020000 204120000 408240000 
960295998 11
5 10 40 120 960 8640 69120 552960 4423680 30965760 216760320 
384262293 12
5 25 225 1350 6750 47250 141750 1417500 9922500 79380000 79380000 79380000 
141686999 13
2 12 60 120 1080 10800 86400 172800 864000 1728000 1728000 5184000 46656000 
63057929 10
2 14 98 686 5488 16464 115248 460992 3687936 18439680 
192338026 11
2 6 36 252 756 3780 11340 113400 1020600 6123600 61236000 
888615958 15
3 6 30 180 360 2880 11520 115200 115200 230400 1843200 16588800 149299200 149299200 746496000 
237280837 16
3 3 6 24 72 648 1296 10368 31104 186624 1306368 1306368 1306368 9144576 9144576 45722880 
700156616 13
1 10 10 50 250 750 3750 22500 225000 900000 3600000 36000000 360000000 
411293098 15
4 4 36 72 360 3240 16200 32400 32400 324000 324000 972000 9720000 87480000 349920000 
745959013 17
3 3 15 120 600 600 1200 1200 7200 14400 86400 172800 518400 4147200 37324800 74649600 597196800 
402261628 13
5 20 140 1400 8400 75600 75600 453600 453600 1360800 5443200 32659200 261273600 
464850135 15
1 5 10 20 100 400 2000 6000 30000 60000 360000 3240000 29160000 174960000 349920000 
452251327 13
4 28 56 112 896 6272 12544 125440 501760 1003520 2007040 18063360 144506880 
234455206 14
1 5 20 40 360 3600 18000 90000 360000 360000 2160000 19440000 38880000 194400000 
826690451 15
3 6 54 54 162 324 2592 2592 7776 62208 248832 1244160 11197440 44789760 179159040 
850751675 11
1 10 50 400 3200 22400 89600 358400 3584000 25088000 250880000 
164812256 12
3 12 48 96 480 1440 4320 43200 172800 345600 3456000 24192000 
1276404 9
1 3 30 270 1620 1620 8100 56700 340200 
724135029 12
2 8 72 720 2160 10800 97200 291600 1166400 2332800 20995200 125971200 
376082780 14
1 10 80 480 480 4320 17280 34560 138240 829440 2488320 7464960 22394880 67184640 
899842587 13
2 20 40 320 960 1920 13440 107520 752640 4515840 45158400 90316800 812851200 
61310717 11
4 28 280 2240 13440 107520 107520 537600 537600 1075200 8601600 
825950968 14
4 8 8 48 480 960 7680 23040 23040 230400 1152000 9216000 82944000 248832000 
677231675 12
4 24 72 576 4032 8064 80640 483840 3386880 23708160 142248960 142248960 
196404678 16
2 2 10 20 40 320 3200 12800 12800 89600 716800 1433600 11468800 22937600 22937600 160563200 
416992969 14
5 35 70 630 3780 30240 302400 1512000 7560000 68040000 204120000 204120000 204120000 408240000 
410764387 13
1 8 24 120 600 1200 9600 76800 768000 3840000 3840000 34560000 311040000 
604747250 13
2 12 84 420 2940 20580 20580 123480 1111320 7779240 23337720 163364040 326728080 
60584622 11
2 6 18 180 1800 9000 36000 252000 1512000 1512000 9072000 
447348502 13
2 12 72 504 4032 8064 24192 145152 1016064 1016064 4064256 36578304 329204736 
384032313 13
2 2 16 128 640 4480 44800 313600 1881600 3763200 7526400 7526400 60211200 
314142467 13
3 9 54 54 540 540 4320 38880 155520 1555200 6220800 62208000 124416000 
459866503 11
5 50 50 350 3500 35000 140000 840000 6720000 40320000 120960000 
622906952 11
2 8 40 240 480 3360 26880 241920 1935360 17418240 156764160 
661803769 13
2 6 48 96 384 3456 34560 138240 1244160 12441600 24883200 248832000 497664000 
786582311 12
1 9 90 900 3600 28800 86400 691200 2073600 12441600 87091200 174182400 
801817715 11
1 10 50 100 600 5400 48600 340200 1701000 11907000 107163000 
180140653 11
2 16 16 144 1296 6480 38880 388800 2721600 13608000 40824000 
627369706 12
4 8 72 432 3456 34560 69120 207360 414720 3732480 22394880 156764160 
684855069 15
4 24 72 216 864 1728 1728 5184 20736 186624 746496 6718464 26873856 80621568 564350976 
373898373 11
5 20 160 960 3840 23040 138240 552960 3870720 38707200 270950400 
915921375 16
1 3 12 12 120 960 2880 8640 17280 103680 829440 4147200 16588800 16588800 82944000 829440000 
451181397 14
3 27 243 1701 15309 91854 918540 3674160 3674160 18370800 36741600 36741600 36741600 257191200 
735105708 16
1 2 16 80 80 240 2400 4800 38400 268800 1881600 5644800 39513600 39513600 158054400 158054400 
149483869 11
5 45 90 270 1620 1620 12960 90720 725760 6531840 58786560 
604109981 13
2 16 80 640 4480 44800 44800 44800 403200 806400 8064000 56448000 564480000 
799725551 15
3 3 18 90 540 1080 5400 48600 194400 1944000 1944000 5832000 46656000 373248000 746496000 
157560221 15
3 30 150 300 3000 6000 18000 180000 360000 1080000 1080000 2160000 19440000 19440000 116640000 
131404878 12
3 9 63 630 3150 3150 25200 252000 252000 2520000 7560000 60480000 
506070618 13
1 6 42 210 2100 16800 67200 201600 604800 1814400 9072000 45360000 181440000 
370768710 12
4 24 72 432 3456 17280 86400 604800 5443200 27216000 163296000 163296000 
271510728 11
5 15 105 420 4200 8400 84000 336000 1008000 10080000 100800000 
658114763 15
2 4 8 48 336 3024 3024 12096 36288 254016 254016 1778112 1778112 16003008 128024064 
789553157 14
1 8 32 96 192 1920 11520 11520 34560 207360 829440 5806080 40642560 203212800 
129519093 13
3 21 105 315 1575 7875 31500 283500 2551500 5103000 5103000 30618000 122472000 
803150432 12
5 50 350 700 3500 3500 17500 105000 735000 3675000 29400000 117600000 
99396931 11
5 50 250 2500 22500 67500 472500 472500 3307500 9922500 59535000 
799594419 12
2 18 144 1008 2016 2016 6048 24192 217728 1306368 13063680 130636800 
597290589 16
1 6 24 120 120 360 360 720 5040 5040 50400 453600 3175200 6350400 50803200 457228800 
456356894 12
4 40 320 960 7680 76800 230400 460800 2304000 9216000 64512000 258048000 
653426351 15
1 1 10 90 540 5400 21600 172800 172800 345600 2764800 5529600 5529600 33177600 99532800 
728642390 11
2 20 60 480 3840 30720 245760 2211840 4423680 39813120 199065600 
517869363 12
1 10 70 210 210 1260 5040 40320 282240 1975680 9878400 88905600 
630837596 13
5 50 500 5000 15000 135000 1080000 4320000 8640000 51840000 155520000 155520000 466560000 
189227880 11
2 6 42 294 2940 20580 102900 308700 2778300 8334900 50009400 
962002641 17
4 16 32 320 960 5760 5760 17280 138240 691200 691200 3456000 3456000 13824000 27648000 82944000 331776000 
392267606 12
1 6 54 216 864 8640 17280 138240 276480 2764800 27648000 248832000 
164740164 13
1 4 28 280 1960 7840 15680 141120 141120 987840 987840 7902720 55319040 
765378132 12
4 4 40 280 2240 15680 109760 219520 2195200 13171200 39513600 316108800 
736743600 13
3 27 270 2430 21870 87480 612360 6123600 12247200 12247200 24494400 48988800 146966400 
404077169 11
2 20 160 1280 1280 12800 102400 716800 5734400 34406400 103219200 
187545098 13
1 8 24 120 1080 7560 22680 204120 1632960 6531840 13063680 52254720 156764160 
258667790 10
1 6 36 324 2268 15876 127008 762048 5334336 53343360 
863520918 15
1 6 18 18 180 540 3240 32400 162000 324000 2592000 10368000 51840000 311040000 311040000 
449847969 12
4 24 48 144 288 2880 23040 230400 1382400 9676800 87091200 174182400 
972967961 11
4 28 224 1344 1344 13440 80640 241920 1935360 13547520 121927680 
763544740 14
4 8 40 400 1600 6400 64000 640000 3840000 11520000 11520000 80640000 161280000 322560000 
904361895 12
3 30 150 300 3000 9000 81000 486000 2430000 21870000 65610000 459270000 
317039647 14
4 32 192 768 768 768 3840 19200 76800 384000 2304000 2304000 16128000 129024000 
860315770 11
5 45 135 1080 8640 77760 699840 5598720 11197440 111974400 559872000 
716166106 12
5 45 225 1575 14175 28350 113400 226800 453600 1814400 12700800 101606400 
623930293 11
1 3 30 270 2700 24300 194400 1944000 1944000 13608000 108864000 
215068713 12
3 21 42 378 1134 11340 90720 272160 1632960 9797760 9797760 68584320 
454714847 13
2 20 100 1000 10000 40000 80000 160000 800000 1600000 6400000 32000000 320000000 
150184870 13
2 16 32 256 1280 12800 12800 38400 153600 307200 614400 3686400 25804800 
905550028 12
1 5 40 400 2800 11200 100800 604800 4233600 12700800 114307200 342921600 
691859683 12
2 16 80 560 3360 10080 100800 302400 2721600 27216000 108864000 435456000 
365662343 11
5 25 225 900 5400 32400 259200 777600 3888000 15552000 93312000 
175124359 13
4 16 128 1024 6144 18432 18432 92160 737280 5160960 5160960 10321920 92897280 
250664331 11
5 40 320 960 1920 9600 96000 192000 1536000 7680000 61440000 
558976663 18
4 16 16 96 96 96 96 960 7680 46080 138240 138240 414720 829440 7464960 22394880 67184640 470292480 
849679776 13
2 8 56 392 3136 9408 75264 677376 1354752 5419008 43352064 346816512 693633024 
793423267 11
5 45 180 180 1620 6480 64800 388800 2332800 23328000 186624000 
343596521 15
4 8 8 40 40 160 160 1440 14400 115200 115200 1036800 8294400 33177600 66355200 
241061414 14
1 5 45 135 405 810 2430 7290 36450 72900 656100 1312200 5248800 41990400 
722744357 12
4 8 16 160 320 1920 19200 192000 1344000 12096000 24192000 145152000 
364791519 16
2 14 56 504 2016 4032 4032 32256 161280 483840 483840 4838400 33868800 33868800 101606400 203212800 
926613236 14
5 25 225 1350 5400 10800 10800 64800 194400 1555200 9331200 55987200 167961600 671846400 
287698368 14
1 7 7 42 420 420 1680 8400 50400 201600 1209600 4838400 19353600 193536000 
305924507 19
3 12 12 24 48 288 864 1728 1728 10368 10368 93312 93312 466560 933120 4665600 37324800 37324800 186624000 
320875907 13
5 35 210 1260 2520 22680 68040 476280 1905120 5715360 5715360 40007520 320060160 
776582429 13
5 45 405 810 2430 2430 21870 109350 984150 1968300 19683000 19683000 118098000 
710117763 15
3 6 54 108 864 6048 60480 120960 846720 1693440 13547520 13547520 81285120 81285120 568995840 
28059111 13
3 18 72 72 648 5184 10368 103680 311040 3110400 3110400 6220800 12441600 
779379776 10
5 20 180 1800 14400 115200 691200 6220800 55987200 167961600 
545337292 13
4 20 160 1440 1440 4320 4320 34560 207360 829440 4976640 29859840 149299200 
538130260 15
3 18 126 126 1260 5040 50400 151200 604800 604800 1209600 2419200 21772800 217728000 435456000 
390069495 12
2 20 140 1260 12600 113400 113400 340200 2041200 16329600 97977600 293932800 
944245240 13
2 16 32 288 1728 3456 27648 276480 829440 2488320 12441600 74649600 447897600 
479427242 12
4 32 320 1920 17280 17280 69120 483840 1451520 2903040 26127360 130636800 
837111236 13
3 6 54 162 810 6480 25920 129600 518400 4147200 20736000 103680000 207360000 
700811053 14
4 36 144 1008 2016 2016 16128 145152 145152 1451520 5806080 52254720 104509440 522547200 
333246282 13
3 9 63 567 1134 10206 51030 51030 204120 2041200 8164800 24494400 97977600 
418979098 13
2 4 4 20 140 980 6860 68600 411600 2881200 28812000 144060000 144060000 
309961596 13
2 10 70 280 2240 6720 33600 33600 100800 907200 907200 6350400 63504000 
829766472 14
1 3 24 168 1008 8064 16128 80640 483840 3870720 15482880 15482880 92897280 464486400 
58557215 13
1 3 12 36 360 3240 6480 12960 38880 155520 1088640 4354560 26127360 
999708949 14
3 12 36 288 576 5760 17280 155520 155520 1399680 6998400 69984000 139968000 979776000 
254318620 12
2 8 40 40 280 2520 25200 151200 1512000 6048000 48384000 241920000 
889874200 12
1 10 40 240 1440 11520 34560 241920 2177280 10886400 76204800 685843200 
759781425 12
3 30 210 2100 18900 94500 283500 850500 6804000 13608000 13608000 122472000 
475648235 12
2 4 24 144 432 3888 27216 217728 870912 1741824 10450944 62705664 
799830713 13
4 8 56 280 1960 1960 11760 70560 705600 2822400 5644800 28224000 169344000 
254927665 16
1 6 48 192 1728 1728 1728 6912 41472 373248 373248 1119744 4478976 17915904 143327232 143327232 
969592210 15
2 6 12 72 72 144 432 3456 6912 48384 483840 3870720 7741440 77414400 387072000 
11686339 9
2 16 128 1280 10240 40960 204800 1843200 11059200 
584549180 11
2 18 90 450 1800 14400 100800 504000 2520000 22680000 158760000 
275928943 11
2 20 60 480 3360 23520 164640 164640 1317120 7902720 79027200 
325040722 14
5 45 450 450 3150 22050 154350 154350 1234800 3704400 18522000 18522000 37044000 111132000 
36383890 12
1 1 4 20 180 900 8100 48600 145800 729000 2187000 10935000 
395177101 16
3 12 12 48 192 384 1536 1536 13824 27648 27648 165888 829440 5806080 46448640 278691840 
479846987 11
5 20 20 200 1600 16000 96000 576000 2880000 23040000 69120000 
229481957 11
4 24 144 1296 7776 69984 209952 1679616 6718464 20155392 161243136 
977464608 13
5 25 250 750 3000 21000 21000 21000 210000 210000 2100000 18900000 189000000 
328154134 14
2 10 70 630 1890 1890 7560 68040 612360 1224720 11022480 33067440 33067440 99202320 
939113168 12
5 50 50 200 1800 5400 37800 264600 1323000 9261000 83349000 500094000 
43030538 12
2 14 112 336 1008 4032 4032 24192 145152 1016064 6096384 30481920 
308620863 10
1 7 70 700 2800 25200 226800 1360800 5443200 48988800 
370520589 10
5 40 120 1080 6480 64800 583200 1166400 10497600 62985600 
764604761 14
1 9 81 648 3240 16200 81000 81000 486000 1458000 13122000 65610000 131220000 524880000 
161913226 9
3 30 300 900 9000 90000 900000 3600000 36000000 
612234122 12
4 32 288 1152 5760 28800 115200 345600 1728000 6912000 62208000 124416000 
547776118 11
4 28 56 560 2240 8960 26880 268800 2150400 8601600 86016000 
793777584 13
3 3 30 210 2100 12600 25200 226800 1360800 6804000 20412000 40824000 408240000 
451958012 11
2 10 60 480 2400 14400 86400 518400 2592000 23328000 209952000 
225691719 10
4 24 72 576 4608 27648 221184 1990656 7962624 71663616 
478481709 13
5 35 350 350 350 1050 10500 73500 661500 4630500 9261000 74088000 74088000 
623795825 15
4 24 96 384 1920 5760 11520 23040 138240 138240 138240 414720 4147200 37324800 223948800 
515216381 13
3 6 36 144 288 1728 13824 41472 124416 870912 7838208 47029248 282175488 
248721530 13
3 27 135 945 2835 2835 2835 17010 68040 544320 3810240 19051200 190512000 
940088471 14
3 15 120 840 6720 20160 40320 362880 362880 3628800 7257600 36288000 290304000 580608000 
499885624 16
3 3 9 18 126 126 756 5292 5292 5292 52920 52920 476280 2857680 28576800 200037600 
622508357 13
2 8 56 224 1792 1792 5376 43008 430080 2580480 5160960 46448640 325140480 
461396607 15
1 9 54 216 1080 6480 6480 6480 51840 103680 311040 2488320 4976640 39813120 398131200 
301368106 14
3 24 72 504 504 1512 10584 52920 529200 4233600 8467200 33868800 203212800 203212800 
205072952 11
3 27 54 216 864 7776 31104 186624 1492992 10450944 83607552 
195514031 12
1 8 56 560 3920 15680 47040 141120 846720 4233600 38102400 114307200 
227337196 11
3 12 108 540 2160 10800 54000 162000 1296000 10368000 82944000 
765026326 19
3 9 54 108 324 972 1944 19440 19440 19440 116640 699840 3499200 3499200 3499200 3499200 3499200 17496000 122472000 
198000983 12
4 28 84 336 1344 9408 75264 75264 451584 2257920 20321280 182891520 
702357373 13
4 8 16 96 288 864 6912 34560 345600 1036800 10368000 103680000 518400000 
538229296 12
1 10 80 720 7200 36000 108000 324000 2592000 5184000 15552000 155520000 
6056730 10
4 32 224 1792 5376 43008 43008 430080 860160 2580480 
461529713 13
2 6 54 432 1728 6912 62208 248832 1244160 8709120 34836480 139345920 139345920 
564038208 14
3 30 240 2400 2400 14400 129600 129600 648000 3888000 11664000 23328000 163296000 489888000 
371270515 19
1 1 4 20 40 40 360 2520 2520 5040 5040 35280 211680 846720 7620480 30481920 30481920 243855360 243855360 
296140312 13
4 32 32 288 576 4608 13824 82944 331776 2322432 2322432 16257024 130056192 
401492114 13
1 9 72 648 3240 25920 77760 544320 2721600 21772800 43545600 130636800 391910400 
771716309 16
3 9 54 162 324 1944 5832 23328 93312 466560 4199040 37791360 75582720 75582720 377913600 377913600 
692716724 14
3 3 15 120 840 3360 33600 100800 806400 7257600 29030400 87091200 87091200 609638400 
931327172 13
5 25 225 1575 15750 15750 31500 157500 787500 1575000 6300000 50400000 100800000 
642863448 11
3 3 27 216 1080 7560 30240 302400 1814400 14515200 145152000 
948997822 13
1 2 14 140 1400 2800 11200 89600 896000 4480000 44800000 44800000 448000000 
896360252 15
2 10 40 200 1200 3600 18000 90000 90000 90000 270000 1620000 16200000 129600000 518400000 
580226504 14
4 24 48 48 240 240 960 9600 96000 288000 1440000 12960000 38880000 155520000 
208963596 12
4 40 320 3200 16000 160000 640000 640000 1280000 5120000 15360000 153600000 
551712536 12
3 9 54 432 4320 30240 302400 2116800 21168000 63504000 381024000 381024000 
571112897 13
5 10 90 450 2700 10800 64800 324000 972000 972000 5832000 34992000 104976000 
96409044 14
1 8 72 576 5760 17280 51840 362880 725760 725760 5080320 40642560 81285120 81285120 
433549594 13
3 24 120 480 2880 5760 5760 57600 403200 2016000 8064000 72576000 145152000 
601339265 15
2 2 4 4 36 324 3240 9720 9720 77760 544320 2177280 13063680 78382080 391910400 
540067466 14
1 7 42 336 672 672 6048 12096 24192 169344 1354752 8128512 48771072 487710720 
663684163 13
4 40 400 3600 3600 32400 324000 972000 972000 8748000 8748000 34992000 174960000 
842718906 16
1 3 21 147 1470 5880 5880 58800 235200 470400 1881600 1881600 18816000 18816000 112896000 112896000 
103637533 12
1 10 80 320 640 5120 25600 179200 179200 537600 3763200 22579200 
593468381 13
3 18 54 108 540 1080 5400 27000 108000 972000 7776000 54432000 489888000 
132518376 12
4 24 216 1512 1512 1512 9072 54432 108864 653184 6531840 65318400 
516105554 13
4 28 84 252 252 2268 11340 22680 113400 793800 5556600 50009400 500094000 
436887234 13
3 24 168 1176 7056 28224 197568 790272 3161088 22127616 199148544 199148544 199148544 
321726916 11
5 50 150 450 3600 21600 151200 1360800 8164800 16329600 163296000 
235293243 12
5 40 400 400 2400 16800 168000 336000 1680000 11760000 58800000 117600000 
861648795 15
5 50 500 5000 10000 60000 60000 120000 960000 5760000 5760000 28800000 57600000 57600000 576000000 
695961981 13
3 3 12 120 1200 7200 57600 518400 2592000 23328000 69984000 69984000 419904000 
518993093 11
2 14 84 168 1176 10584 95256 857304 8573040 68584320 274337280 
301964305 13
3 18 54 216 2160 10800 54000 324000 2268000 13608000 13608000 54432000 217728000 
111684564 11
4 36 216 1944 7776 62208 373248 373248 373248 1492992 14929920 
433935097 13
2 2 16 96 480 4800 14400 115200 691200 1382400 5529600 55296000 387072000 
610569056 14
5 50 150 150 750 6750 60750 121500 850500 3402000 3402000 13608000 95256000 95256000 
578418376 12
3 3 27 270 2430 14580 72900 729000 5832000 23328000 116640000 116640000 
859074404 14
1 10 90 270 2430 7290 21870 65610 65610 196830 787320 6298560 50388480 352719360 
885299525 12
4 28 280 840 6720 67200 201600 1612800 8064000 56448000 395136000 790272000 
199834435 16
4 16 160 1440 4320 34560 34560 34560 34560 172800 864000 2592000 18144000 18144000 36288000 181440000 
405067352 12
5 50 150 600 1800 3600 10800 54000 486000 4374000 13122000 104976000 
530393472 14
4 4 12 60 60 480 1440 5760 46080 230400 1843200 5529600 38707200 193536000 
701551263 12
4 36 324 972 9720 29160 233280 466560 2332800 4665600 27993600 139968000 
524678696 11
5 20 180 900 5400 16200 162000 1134000 11340000 22680000 226800000 
451557587 12
3 21 84 336 1008 6048 24192 72576 435456 3483648 10450944 104509440 
253069156 15
4 16 96 192 192 1344 1344 5376 37632 225792 451584 903168 4515840 36126720 108380160 
112763754 12
4 8 40 280 1400 14000 140000 280000 1120000 4480000 40320000 40320000 
148819223 13
4 32 64 256 1280 3840 15360 30720 153600 1536000 12288000 24576000 73728000 
882928409 16
1 10 20 100 1000 5000 45000 270000 540000 540000 3780000 11340000 45360000 45360000 90720000 544320000 
340088471 15
2 10 90 450 4500 13500 13500 40500 324000 648000 1296000 1296000 5184000 15552000 139968000 
51182903 12
1 3 12 120 480 480 1440 5760 46080 276480 2488320 24883200 
656403724 11
4 28 280 2520 20160 120960 1209600 2419200 19353600 77414400 77414400 
728894696 13
5 10 20 180 1800 14400 57600 115200 115200 691200 4838400 9676800 77414400 
58818672 12
1 5 40 400 1200 4800 38400 153600 614400 4300800 8601600 43008000 
636658033 13
4 32 288 2304 9216 92160 92160 276480 2488320 22394880 179159040 537477120 537477120 
7884569 11
4 16 48 48 192 1344 13440 67200 134400 403200 2016000 
767825498 15
3 9 72 144 144 1296 1296 2592 20736 103680 103680 1036800 9331200 18662400 149299200 
734722989 13
4 4 36 72 288 864 3456 34560 311040 1244160 7464960 14929920 89579520 
816506098 11
4 24 72 576 4032 20160 161280 1612800 9676800 48384000 193536000 
391707871 12
5 10 100 400 2800 14000 56000 392000 2352000 23520000 23520000 47040000 
215930520 13
2 10 40 120 240 1440 4320 30240 241920 725760 4354560 17418240 174182400 
398976284 13
5 25 200 1600 1600 1600 11200 44800 403200 403200 4032000 32256000 258048000 
32596958 11
3 3 21 189 945 1890 7560 52920 370440 2222640 6667920 
525922545 13
3 24 240 2400 4800 43200 259200 259200 2073600 12441600 37324800 223948800 223948800 
479052397 13
3 30 30 210 1680 16800 134400 806400 806400 1612800 12902400 51609600 412876800 
395821157 16
1 3 6 6 60 180 1800 7200 21600 108000 648000 6480000 12960000 12960000 90720000 181440000 
312204932 13
4 16 96 192 576 4032 36288 326592 2286144 6858432 54867456 109734912 219469824 
714746178 15
3 12 72 216 1296 10368 41472 41472 82944 829440 6635520 6635520 6635520 53084160 477757440 
856608582 11
3 6 30 300 1800 14400 100800 604800 4838400 24192000 193536000 
829980505 18
2 4 4 4 20 180 900 1800 14400 115200 230400 2304000 16128000 32256000 64512000 580608000 580608000 580608000 
813586757 13
4 16 144 720 6480 51840 51840 259200 1296000 7776000 31104000 93312000 373248000 
285017676 12
5 20 200 600 4800 14400 43200 302400 2116800 4233600 21168000 169344000 
167934990 11
3 24 120 480 1440 12960 25920 207360 1451520 13063680 130636800 
817213953 13
5 35 245 1715 17150 17150 68600 343000 686000 4116000 16464000 82320000 658560000 
302556665 12
1 1 6 48 288 2304 11520 115200 460800 4608000 36864000 258048000 
366388845 14
2 16 128 1152 2304 16128 80640 80640 483840 2903040 11612160 34836480 313528320 313528320 
501028482 14
3 3 24 72 72 216 432 2592 7776 69984 559872 3359232 26873856 134369280 
614981293 16
1 3 3 15 30 90 90 720 3600 32400 162000 1620000 1620000 6480000 64800000 518400000 
841668379 16
5 35 35 105 210 840 8400 33600 67200 470400 470400 470400 1881600 7526400 45158400 270950400 
388000890 15
1 9 81 243 1701 5103 5103 15309 30618 91854 734832 2204496 2204496 13226976 66134880 
181358103 14
3 21 210 210 1260 3780 11340 34020 170100 510300 3061800 27556200 27556200 82668600 
804117667 14
3 6 6 30 300 1500 9000 18000 144000 1440000 2880000 5760000 57600000 403200000 
542336413 14
1 4 16 160 640 6400 32000 256000 1024000 9216000 9216000 9216000 64512000 193536000 
562131254 14
1 5 30 90 90 630 5670 45360 45360 272160 2177280 4354560 34836480 313528320 
264916060 11
5 45 135 1215 10935 65610 656100 3280500 13122000 65610000 196830000 
500133221 15
2 4 40 40 80 480 4320 30240 181440 907200 4536000 18144000 127008000 381024000 381024000 
792534164 13
2 18 126 756 7560 68040 408240 3265920 22861440 114307200 228614400 457228800 457228800 
239851264 11
4 28 196 1568 15680 15680 47040 376320 3386880 27095040 108380160 
776756482 14
3 3 21 105 1050 8400 33600 235200 1411200 4233600 29635200 29635200 59270400 177811200 
852253980 13
5 30 300 600 2400 16800 151200 151200 907200 907200 4536000 22680000 204120000 
835668301 12
3 9 63 630 6300 12600 126000 1134000 7938000 63504000 254016000 254016000 
243690158 17
2 8 8 48 480 2880 14400 14400 144000 144000 144000 288000 2304000 6912000 48384000 96768000 96768000 
383478094 11
5 20 180 1620 8100 16200 162000 486000 3888000 27216000 244944000 
233367936 11
3 15 45 225 2250 9000 90000 360000 1800000 16200000 113400000 
105659561 13
3 12 120 120 720 7200 21600 151200 756000 2268000 15876000 15876000 79380000 
258496404 12
4 16 112 224 1344 1344 10752 107520 537600 3763200 15052800 75264000 
701049444 16
3 15 90 360 2520 5040 15120 105840 952560 4762800 4762800 23814000 23814000 95256000 285768000 571536000 
137405509 10
1 7 35 280 2800 28000 224000 1568000 15680000 47040000 
596429058 11
3 27 108 1080 3240 32400 162000 1620000 1620000 16200000 129600000 
98551499 10
1 9 45 270 1080 9720 87480 262440 2624400 13122000 
72494300 10
4 16 144 1152 2304 18432 36864 147456 1474560 14745600 
487106028 16
1 3 27 189 756 756 6048 18144 163296 489888 1469664 7348320 7348320 44089920 132269760 132269760 
292593034 12
4 24 216 864 864 6048 12096 36288 217728 1088640 8709120 60963840 
571474451 12
5 45 405 1215 6075 12150 36450 182250 729000 2187000 15309000 107163000 
409717787 12
4 16 64 640 3840 34560 241920 967680 2903040 26127360 52254720 313528320 
600611367 14
4 40 40 200 1200 8400 25200 100800 1008000 9072000 45360000 181440000 544320000 544320000 
272016086 15
2 18 162 324 648 1296 1296 9072 27216 190512 381024 1905120 11430720 34292160 68584320 
14705285 11
3 9 90 630 5670 39690 39690 79380 635040 1270080 11430720 
363146678 13
4 4 4 28 252 504 4536 45360 136080 136080 1224720 6123600 61236000 
483270334 13
1 5 25 100 400 2800 19600 117600 705600 3528000 7056000 42336000 338688000 
900192237 16
2 16 16 48 384 1536 1536 9216 46080 46080 368640 3317760 6635520 39813120 238878720 238878720 
697597155 14
3 21 21 42 84 840 6720 47040 235200 940800 7526400 15052800 45158400 361267200 
740491754 13
1 9 27 216 864 2592 10368 103680 414720 414720 3317760 23224320 185794560 
811713968 15
2 8 24 72 504 2016 12096 72576 217728 653184 1306368 10450944 20901888 62705664 627056640 
834477607 15
3 30 300 2100 16800 50400 100800 302400 604800 4233600 21168000 21168000 63504000 127008000 762048000 
921750629 15
2 20 60 300 900 7200 14400 100800 201600 604800 2419200 9676800 77414400 232243200 696729600 
444902422 14
3 12 108 216 1728 3456 20736 20736 165888 331776 331776 3317760 9953280 79626240 
165727288 14
1 7 28 168 168 504 3528 24696 123480 246960 2469600 24696000 24696000 123480000 
390176564 14
2 14 98 196 1960 7840 23520 164640 658560 1317120 10536960 63221760 63221760 126443520 
833272697 13
2 4 8 56 504 2520 25200 201600 201600 1209600 10886400 32659200 228614400 
248403547 12
2 20 40 200 1600 6400 25600 76800 614400 1228800 9830400 98304000 
667111501 13
3 6 60 600 3600 10800 21600 43200 86400 691200 2073600 18662400 149299200 
471513217 11
4 40 320 2240 17920 125440 1003520 2007040 12042240 36126720 252887040 
864116321 11
3 24 120 480 3840 38400 268800 1881600 16934400 67737600 677376000 
590195654 17
1 3 3 30 30 270 540 540 5400 48600 340200 3402000 27216000 163296000 163296000 489888000 489888000 
322202394 10
3 15 135 1215 9720 68040 680400 4082400 12247200 110224800 
158441535 10
4 8 56 448 2240 17920 179200 537600 4838400 48384000 
780619883 14
5 30 90 630 2520 15120 15120 60480 302400 907200 9072000 27216000 108864000 762048000 
581708201 13
3 12 48 144 432 3888 19440 174960 1224720 1224720 8573040 51438240 154314720 
911433214 13
1 8 48 144 432 1728 10368 82944 414720 414720 1658880 14929920 149299200 
492716354 13
2 16 144 720 1440 2880 20160 120960 241920 725760 5080320 40642560 121927680 
150344998 15
1 7 7 7 35 315 1575 14175 28350 85050 510300 4082400 12247200 12247200 85730400 
250299868 13
3 30 120 720 2880 20160 181440 544320 1632960 1632960 11430720 11430720 114307200 
337831347 12
5 25 200 1000 7000 28000 84000 168000 336000 2352000 9408000 84672000 
356584194 13
3 27 54 216 1512 6048 48384 193536 1354752 8128512 24385536 24385536 243855360 
316266970 11
3 30 120 1080 4320 38880 233280 2099520 10497600 104976000 314928000 
967671722 15
1 1 1 10 70 630 6300 50400 100800 604800 604800 5443200 10886400 108864000 762048000 
149822345 12
2 12 96 864 5184 5184 36288 326592 326592 979776 8817984 52907904 
56833157 13
4 12 48 192 768 3840 38400 76800 384000 3840000 11520000 23040000 46080000 
784293062 16
3 3 6 36 180 1260 6300 18900 37800 302400 604800 1814400 14515200 58060800 58060800 290304000 
893243357 13
4 40 80 800 2400 21600 21600 129600 388800 3888000 38880000 155520000 311040000 
240601601 13
2 8 48 192 1536 4608 4608 13824 55296 442368 1769472 14155776 99090432 
354775132 14
1 4 28 112 336 2688 13440 67200 403200 2419200 4838400 48384000 338688000 338688000 
624929056 13
3 18 36 144 144 1008 3024 9072 81648 408240 3674160 29393280 235146240 
3073411 9
5 30 240 2400 9600 38400 76800 153600 1228800 
810446573 13
4 20 180 180 360 3240 19440 19440 116640 1049760 4199040 29393280 146966400 
343491686 13
1 6 18 18 54 162 1458 10206 102060 612360 4898880 19595520 176359680 
176118096 12
2 18 108 756 2268 13608 95256 381024 2667168 5334336 37340352 74680704 
275851551 12
5 50 350 3500 10500 21000 63000 315000 1260000 8820000 26460000 79380000 
281341500 13
1 10 90 90 90 630 5670 34020 136080 544320 2177280 21772800 195955200 
227575145 13
4 20 60 180 1260 6300 6300 37800 264600 529200 5292000 5292000 42336000 
554697156 16
1 10 40 240 240 960 7680 7680 7680 69120 622080 2488320 4976640 19906560 99532800 199065600 
593987174 13
3 27 189 567 3969 3969 19845 39690 357210 2500470 10001880 20003760 120022560 
811420394 14
2 14 56 224 1568 12544 12544 125440 1003520 1003520 10035200 30105600 120422400 361267200 
959199219 14
1 7 63 378 1134 1134 2268 13608 95256 476280 1905120 9525600 76204800 381024000 
596140987 12
4 12 72 144 864 4320 38880 349920 2099520 12597120 113374080 566870400 
233570375 11
3 21 189 1890 5670 39690 198450 1389150 12502350 75014100 150028200 
642438061 12
5 40 400 3200 6400 6400 51200 256000 1792000 16128000 32256000 96768000 
317442888 15
5 50 250 250 1000 7000 21000 42000 210000 840000 5040000 15120000 120960000 241920000 241920000 
109477964 11
1 7 28 84 672 2016 12096 108864 1088640 2177280 15240960 
352154128 10
4 36 288 1440 11520 46080 230400 691200 6912000 62208000 
849228953 16
1 2 2 16 144 576 5760 17280 17280 155520 1088640 3265920 19595520 176359680 176359680 705438720 
884738329 14
2 20 180 900 9000 54000 540000 3780000 3780000 15120000 15120000 45360000 136080000 816480000 
19469139 11
1 8 64 320 640 4480 31360 62720 313600 1568000 10976000 
647686978 13
4 28 168 672 5376 32256 129024 645120 3225600 29030400 116121600 464486400 464486400 
300399145 16
1 3 9 18 18 162 1458 14580 43740 87480 524880 524880 3149280 9447840 56687040 226748160 
912785056 12
1 2 4 24 216 1512 13608 68040 272160 2449440 19595520 176359680 
711916110 14
4 16 32 32 224 896 896 7168 21504 107520 967680 9676800 58060800 348364800 
265953449 11
3 27 270 1350 13500 27000 270000 270000 2700000 27000000 135000000 
987960014 12
3 15 45 270 1350 12150 109350 765450 3827250 15309000 122472000 244944000 
304683463 11
2 6 48 432 3456 10368 31104 279936 839808 7558272 75582720 
9760572 10
3 6 42 294 2646 5292 31752 158760 952560 3810240 
482243262 14
4 8 40 40 320 640 1280 6400 38400 153600 614400 3686400 14745600 103219200 
259161444 14
4 4 28 140 840 5880 41160 164640 823200 5762400 40336800 40336800 40336800 121010400 
518285607 13
4 32 224 672 5376 32256 225792 451584 451584 1806336 9031680 54190080 487710720 
289411598 11
2 18 90 180 1440 14400 129600 518400 4147200 12441600 124416000 
877328420 16
1 2 8 24 168 336 336 2016 12096 120960 120960 483840 483840 1451520 13063680 104509440 
814907938 11
3 27 270 2160 8640 34560 172800 518400 2073600 20736000 207360000 
197317248 12
5 15 135 405 3240 9720 97200 97200 486000 2430000 19440000 97200000 
156075198 10
2 10 100 1000 4000 32000 288000 864000 7776000 54432000 
73464606 12
4 12 120 960 2880 2880 20160 80640 403200 2016000 12096000 24192000 
135507029 13
2 4 8 8 72 576 4608 9216 27648 248832 995328 5971968 47775744 
596002024 14
5 40 80 400 800 4000 16000 16000 144000 576000 5184000 10368000 82944000 331776000 
192748451 13
1 3 18 72 432 3456 10368 41472 207360 1244160 9953280 49766400 49766400 
204649535 11
2 10 50 500 3000 27000 81000 810000 4050000 20250000 202500000 
616131191 14
3 3 30 240 480 4800 9600 67200 403200 3225600 12902400 103219200 309657600 309657600 
679004049 11
5 25 150 900 8100 81000 810000 8100000 56700000 56700000 113400000 
637876135 11
2 16 128 768 1536 13824 96768 967680 9676800 87091200 87091200 
685057370 14
4 40 40 120 240 720 5040 15120 120960 241920 2177280 13063680 39191040 391910400 
204076128 11
5 10 80 640 5120 35840 179200 1075200 8601600 43008000 86016000 
474159927 13
1 10 100 500 1500 1500 9000 45000 225000 2250000 9000000 63000000 441000000 
174813625 10
2 8 80 720 7200 7200 72000 648000 6480000 64800000 
538121401 13
1 5 15 45 270 2430 19440 155520 1555200 4665600 9331200 9331200 93312000 
674563025 16
2 18 36 108 864 6912 13824 41472 373248 746496 2239488 2239488 2239488 2239488 22394880 223948800 
626042332 15
1 6 48 480 960 7680 53760 53760 537600 537600 1075200 2150400 4300800 43008000 344064000 
115689324 14
1 2 4 4 20 80 720 4320 34560 345600 2419200 2419200 2419200 19353600 
893063157 11
3 12 60 420 2940 11760 70560 635040 3175200 25401600 254016000 
412972799 12
5 50 250 1000 2000 18000 90000 180000 540000 5400000 16200000 145800000 
193109526 12
4 28 224 896 3584 17920 35840 322560 322560 2580480 18063360 108380160 
449014530 15
5 5 15 75 600 1200 7200 36000 252000 2268000 6804000 6804000 20412000 102060000 204120000 
897288657 14
3 27 216 216 1728 5184 25920 51840 207360 1036800 4147200 16588800 66355200 663552000 
882242687 13
3 6 60 240 2160 6480 58320 291600 2624400 26244000 183708000 183708000 367416000 
203052639 13
3 24 192 576 4032 36288 36288 326592 1632960 3265920 16329600 16329600 97977600 
524476547 14
4 28 196 392 3136 28224 141120 1128960 1128960 6773760 20321280 40642560 284497920 284497920 
55246966 13
3 18 144 1008 4032 4032 12096 48384 48384 48384 387072 1548288 10838016 
311804493 15
1 4 8 56 168 840 5040 5040 5040 20160 60480 483840 3870720 15482880 61931520 
923326804 14
5 15 90 630 5670 51030 357210 1071630 2143260 19289340 77157360 77157360 385786800 771573600 
307186200 13
5 30 30 120 960 6720 6720 67200 672000 2688000 5376000 37632000 112896000 
908594912 13
3 9 63 315 2520 7560 45360 272160 544320 4354560 39191040 78382080 235146240 
226934925 15
1 5 40 120 240 240 1440 1440 12960 77760 777600 6220800 12441600 12441600 62208000 
141828570 11
5 45 270 1620 8100 24300 24300 243000 2430000 9720000 97200000 
