10
56921982 13
4 12 108 864 1728 3456 13824 27648 276480 1382400 2764800 5529600 33177600 
972200961 13
2 20 80 480 4320 12960 90720 181440 725760 5080320 45722880 45722880 274337280 
841919929 14
5 10 30 300 1200 1200 12000 60000 120000 360000 2880000 8640000 77760000 699840000 
869797002 14
1 4 12 72 504 4032 16128 16128 96768 483840 1935360 7741440 30965760 185794560 
280934436 15
1 2 6 18 36 216 864 864 1728 12096 60480 544320 5443200 21772800 217728000 
906338247 15
1 3 24 144 288 2016 2016 8064 16128 129024 1290240 6451200 19353600 96768000 580608000 
593862710 11
2 16 112 1120 5600 11200 112000 672000 6048000 36288000 254016000 
446163488 13
1 8 40 80 160 320 2240 11200 112000 1120000 10080000 10080000 70560000 
490356927 15
2 2 4 20 60 600 2400 2400 21600 194400 583200 5832000 34992000 34992000 209952000 
87924447 11
2 12 12 72 504 2520 22680 136080 1224720 9797760 48988800 
