20
117602819 11
5 15 60 480 1440 11520 23040 161280 1128960 9031680 63221760 
585517775 14
1 9 63 189 189 756 6804 13608 136080 136080 1224720 9797760 48988800 342921600 
920069669 16
4 24 24 48 240 720 4320 12960 90720 453600 2721600 13608000 13608000 40824000 81648000 653184000 
255576495 12
2 14 70 350 3500 10500 84000 84000 420000 2940000 26460000 52920000 
948907481 13
5 25 25 150 1200 8400 84000 252000 252000 2268000 20412000 142884000 428652000 
915905303 14
1 6 54 54 432 2160 15120 60480 423360 423360 1270080 8890560 44452800 400075200 
652033072 13
1 6 12 24 192 1728 3456 13824 138240 552960 3870720 30965760 154828800 
577001255 13
1 6 30 180 720 5040 25200 25200 126000 1260000 11340000 56700000 170100000 
561516997 13
2 6 12 108 864 4320 12960 90720 453600 1814400 5443200 21772800 195955200 
720084899 14
2 6 30 120 960 8640 8640 34560 276480 1658880 6635520 13271040 92897280 371589120 
239097770 14
4 32 320 640 640 5120 5120 35840 358400 3584000 3584000 17920000 35840000 179200000 
652393148 13
2 12 72 432 3888 23328 139968 139968 1259712 3779136 22674816 90699264 634894848 
583400627 13
2 10 30 120 720 4320 30240 90720 816480 2449440 12247200 97977600 391910400 
871968106 13
1 10 40 80 400 4000 28000 140000 700000 2800000 14000000 70000000 490000000 
847168494 12
3 15 105 420 420 420 3780 22680 204120 1428840 14288400 100018800 
453730488 11
4 24 120 600 3600 21600 172800 1209600 2419200 21772800 108864000 
380735610 14
5 40 80 720 4320 25920 207360 414720 1658880 1658880 3317760 23224320 46448640 325140480 
689642850 14
3 21 21 189 378 2268 11340 68040 204120 2041200 12247200 110224800 110224800 440899200 
135703165 17
3 3 12 24 24 240 1680 15120 45360 136080 136080 680400 6123600 12247200 12247200 36741600 73483200 
120979385 12
5 10 10 100 700 5600 22400 179200 537600 1075200 9676800 87091200 
