50
675499711 14
5 5 40 80 240 1200 6000 12000 60000 420000 840000 5880000 11760000 117600000 
396443232 13
3 3 18 54 378 1134 5670 51030 306180 1224720 3674160 29393280 146966400 
250270270 14
5 5 5 10 100 400 1600 8000 64000 320000 320000 1920000 11520000 115200000 
523880572 12
3 27 27 216 1080 4320 25920 181440 1814400 10886400 54432000 163296000 
913992722 13
2 18 72 288 576 3456 24192 24192 241920 241920 1693440 15240960 106686720 
785969669 15
5 25 225 675 1350 12150 48600 48600 145800 1020600 6123600 12247200 73483200 73483200 587865600 
350063352 14
3 3 30 90 360 360 2880 8640 34560 241920 1209600 12096000 96768000 96768000 
137433835 9
2 14 126 504 4032 32256 290304 2903040 29030400 
280221080 14
5 15 30 210 420 1260 7560 22680 68040 544320 4354560 13063680 104509440 209018880 
651161315 14
1 6 48 144 1008 6048 24192 72576 362880 3628800 10886400 21772800 174182400 348364800 
214372625 14
5 45 360 2880 20160 20160 20160 100800 504000 1512000 6048000 30240000 211680000 211680000 
668886951 13
3 21 42 84 756 6048 42336 211680 423360 1270080 7620480 45722880 274337280 
906097337 11
5 5 45 360 3600 32400 194400 1944000 17496000 174960000 874800000 
971373919 14
4 36 324 1296 5184 15552 31104 217728 870912 870912 3483648 10450944 73156608 585252864 
261076905 12
2 10 50 300 1200 6000 42000 42000 252000 1260000 11340000 56700000 
226972568 13
3 3 21 21 21 105 735 5145 51450 411600 1234800 3704400 37044000 
483878246 11
2 16 96 384 3456 34560 276480 1935360 11612160 46448640 232243200 
712430878 13
4 4 24 120 600 2400 14400 43200 259200 2073600 14515200 29030400 116121600 
629800746 14
2 18 54 162 1134 10206 10206 40824 163296 163296 816480 2449440 22044960 220449600 
961833121 13
3 24 144 432 1296 1296 11664 93312 746496 746496 4478976 22394880 223948800 
139394576 10
4 28 280 1960 17640 52920 264600 2646000 13230000 105840000 
237956925 14
5 20 160 640 2560 12800 102400 307200 307200 921600 6451200 6451200 6451200 32256000 
840214883 14
4 40 160 480 3840 15360 15360 153600 307200 3072000 12288000 73728000 73728000 589824000 
11700799 13
5 20 180 720 6480 12960 116640 1049760 4199040 4199040 4199040 8398080 8398080 
907674867 11
1 10 60 420 1260 10080 50400 352800 3175200 19051200 190512000 
589546476 15
4 24 48 384 3840 30720 30720 245760 491520 983040 983040 1966080 19660800 117964800 235929600 
163171016 11
3 12 48 240 720 7200 14400 100800 907200 7257600 36288000 
473799439 16
3 15 120 360 720 6480 64800 64800 583200 1166400 1166400 11664000 34992000 34992000 34992000 139968000 
734948288 11
2 6 36 180 1620 16200 145800 1166400 3499200 24494400 146966400 
197309683 16
2 10 20 160 640 3840 34560 172800 864000 864000 2592000 18144000 18144000 36288000 36288000 145152000 
974197691 14
5 10 70 630 5670 17010 119070 952560 952560 3810240 11430720 80015040 160030080 320060160 
597688738 12
3 18 162 486 486 3402 23814 142884 1143072 10287648 41150592 411505920 
596716292 12
4 12 84 672 2688 8064 56448 225792 1128960 3386880 13547520 94832640 
968879531 15
1 6 12 84 420 420 1680 6720 20160 100800 201600 2016000 4032000 36288000 362880000 
286909434 13
1 4 40 120 240 2400 21600 151200 907200 1814400 5443200 54432000 272160000 
350600459 14
5 10 50 50 450 4050 4050 8100 32400 194400 1555200 9331200 65318400 65318400 
139726883 18
3 21 126 126 882 882 4410 35280 35280 35280 105840 423360 1270080 5080320 5080320 10160640 40642560 81285120 
629984027 12
4 40 360 2520 10080 20160 80640 241920 2177280 21772800 87091200 609638400 
747251439 11
5 20 200 1600 6400 25600 128000 768000 3072000 27648000 276480000 
714793083 16
3 30 60 360 360 3240 3240 9720 68040 612360 3674160 3674160 7348320 73483200 661348800 661348800 
228298205 15
2 16 80 80 720 2880 17280 34560 34560 69120 483840 4354560 4354560 17418240 52254720 
92461913 16
5 40 80 320 320 1280 2560 23040 23040 46080 138240 138240 414720 1244160 6220800 55987200 
712122811 12
4 36 360 1800 9000 27000 135000 810000 7290000 21870000 131220000 393660000 
586355274 12
2 18 90 720 1440 7200 28800 172800 1036800 4147200 29030400 232243200 
133796924 12
4 8 8 80 480 480 3840 19200 96000 384000 3072000 27648000 
137887253 15
3 12 72 144 144 576 576 2880 11520 46080 92160 645120 5806080 52254720 104509440 
660021649 11
3 24 144 1296 12960 90720 544320 5443200 27216000 27216000 190512000 
197057431 11
5 25 225 2025 20250 121500 121500 1215000 12150000 12150000 85050000 
353456470 14
4 32 32 96 768 3072 30720 153600 153600 1075200 5376000 53760000 322560000 322560000 
682760650 13
5 15 120 1080 4320 17280 155520 311040 1244160 8709120 17418240 52254720 418037760 
