100
99141818 10
5 50 500 4500 18000 72000 576000 5184000 36288000 36288000 
924564358 14
2 10 70 420 1680 11760 23520 117600 117600 470400 3292800 13171200 92198400 737587200 
297057231 12
3 24 120 120 240 2160 21600 86400 864000 3456000 24192000 169344000 
226392396 14
3 24 48 288 576 576 576 3456 24192 48384 483840 4354560 30481920 213373440 
502628888 11
5 30 300 900 3600 25200 75600 529200 3704400 18522000 185220000 
47835314 10
5 30 150 450 4500 18000 126000 630000 4410000 39690000 
296400036 11
2 10 90 360 1800 12600 25200 201600 806400 5644800 50803200 
186218997 11
2 10 20 180 360 2160 21600 194400 1360800 8164800 40824000 
551204031 13
2 16 128 256 1280 7680 76800 614400 1228800 12288000 12288000 73728000 516096000 
675593135 13
5 10 30 150 1350 5400 54000 540000 2160000 6480000 38880000 155520000 466560000 
703825016 12
1 8 24 168 840 1680 16800 16800 151200 1512000 13608000 136080000 
868788917 12
1 7 49 245 735 5880 52920 423360 2540160 5080320 45722880 365783040 
269882869 21
3 9 9 45 270 810 3240 3240 3240 3240 6480 19440 19440 19440 77760 699840 1399680 5598720 11197440 100776960 100776960 
870724464 11
1 10 40 400 3200 22400 179200 896000 3584000 35840000 322560000 
438578398 16
2 8 80 160 960 960 1920 15360 76800 384000 3840000 30720000 92160000 92160000 92160000 368640000 
993552491 15
3 3 6 30 180 180 360 1800 1800 10800 86400 864000 3456000 20736000 165888000 
413620269 14
5 50 250 1750 1750 7000 7000 35000 105000 1050000 10500000 31500000 31500000 157500000 
815238449 10
5 40 280 2520 12600 113400 1134000 10206000 91854000 642978000 
548879272 12
4 8 32 256 768 6144 43008 301056 2107392 21073920 42147840 295034880 
114916397 12
4 28 196 1568 14112 28224 84672 254016 254016 2286144 4572288 22861440 
591231885 15
3 12 72 144 288 1728 5184 25920 103680 725760 2903040 5806080 29030400 290304000 290304000 
421808648 10
4 36 324 1620 8100 72900 364500 2916000 8748000 61236000 
938852907 13
2 20 60 60 300 2400 19200 115200 1036800 6220800 62208000 311040000 311040000 
56288257 11
5 10 10 100 500 4500 45000 135000 1215000 4860000 43740000 
108719043 10
5 35 350 2100 8400 25200 201600 1612800 8064000 16128000 
142256170 12
2 18 126 1134 11340 11340 102060 816480 2449440 7348320 7348320 29393280 
363717149 15
4 12 12 84 672 672 2688 18816 131712 658560 2634240 7902720 71124480 71124480 142248960 
334594763 13
4 36 216 432 2160 15120 60480 483840 2419200 2419200 24192000 169344000 169344000 
422463220 10
5 45 315 2205 17640 70560 564480 1693440 16934400 101606400 
961010172 13
3 30 210 1260 2520 2520 22680 226800 1814400 5443200 32659200 130636800 783820800 
227646774 13
4 32 128 896 896 5376 21504 21504 43008 430080 3440640 24084480 216760320 
313434724 12
3 21 168 504 3024 12096 96768 677376 2709504 16257024 130056192 260112384 
96507199 11
4 20 140 1120 5600 28000 56000 112000 560000 5040000 25200000 
645580680 11
3 18 90 810 5670 22680 158760 793800 1587600 14288400 142884000 
687513497 15
3 27 27 135 1080 4320 21600 21600 216000 648000 648000 3240000 22680000 45360000 362880000 
43302628 13
5 20 200 400 400 1600 4800 43200 388800 388800 1166400 11664000 11664000 
464559579 14
2 16 48 432 1728 3456 13824 110592 331776 995328 995328 4976640 44789760 403107840 
162969714 14
3 12 84 84 420 420 840 8400 25200 50400 403200 2016000 10080000 100800000 
581254574 13
4 32 128 384 3072 21504 86016 86016 602112 4816896 24084480 216760320 433520640 
485362712 11
2 18 54 108 648 3888 23328 139968 979776 4898880 48988800 
777526135 16
5 30 120 480 960 3840 3840 19200 115200 1152000 3456000 6912000 69120000 69120000 69120000 414720000 
305596176 14
5 5 40 120 720 720 5760 5760 40320 201600 1814400 5443200 32659200 261273600 
870069148 16
1 2 4 8 40 160 1280 3840 11520 34560 207360 414720 1244160 7464960 74649600 298598400 
945299259 14
5 15 75 375 1875 7500 37500 37500 337500 1012500 6075000 36450000 36450000 145800000 
995453799 12
4 24 240 2400 21600 172800 345600 691200 1382400 12441600 62208000 248832000 
443196458 11
4 36 216 1296 3888 38880 77760 622080 3732480 26127360 261273600 
913669892 15
1 5 5 15 15 105 840 5040 45360 362880 1451520 8709120 8709120 60963840 426746880 
52756642 14
2 4 24 168 504 504 1008 5040 15120 60480 241920 1935360 3870720 15482880 
7982669 11
2 20 100 700 1400 5600 22400 156800 313600 940800 2822400 
952020310 11
4 36 252 1260 2520 20160 201600 1814400 3628800 36288000 362880000 
618381578 11
4 20 40 120 720 5040 35280 352800 3175200 12700800 76204800 
10453334 14
2 2 18 180 1080 1080 8640 8640 8640 34560 172800 864000 2592000 10368000 
641442701 11
5 25 100 500 4500 40500 243000 729000 2916000 14580000 145800000 
709018346 14
5 15 30 120 120 360 1440 2880 28800 172800 1555200 15552000 108864000 435456000 
245277688 13
1 8 56 280 1120 1120 8960 71680 71680 573440 3440640 13762560 55050240 
383443333 10
5 40 160 1440 14400 129600 1166400 4665600 13996800 139968000 
605530709 13
5 50 100 600 3000 21000 168000 336000 1008000 2016000 16128000 80640000 161280000 
208607592 16
1 9 90 90 360 360 1800 3600 21600 64800 64800 324000 972000 3888000 34992000 69984000 
657964967 13
3 9 9 54 378 2646 13230 132300 132300 926100 6482700 45378900 453789000 
284564042 13
2 20 60 240 960 5760 46080 230400 230400 2304000 16128000 112896000 225792000 
366014139 14
2 10 10 70 630 630 1260 8820 79380 476280 3333960 3333960 13335840 66679200 
768368926 14
5 40 40 200 600 2400 24000 192000 384000 2304000 18432000 55296000 110592000 552960000 
686943062 12
5 15 15 75 675 6750 47250 472500 3780000 18900000 151200000 604800000 
425121128 13
3 3 9 72 576 1728 6912 69120 622080 1866240 13063680 26127360 261273600 
980424233 15
4 4 12 120 840 4200 12600 37800 151200 604800 5443200 27216000 27216000 136080000 544320000 
661815168 14
1 7 35 175 1050 4200 42000 42000 168000 1344000 4032000 8064000 72576000 145152000 
451976504 13
4 16 32 128 256 1792 10752 43008 430080 3870720 7741440 46448640 418037760 
967348201 13
5 25 200 1600 1600 6400 19200 96000 288000 864000 8640000 86400000 604800000 
871656357 14
5 50 150 600 3000 12000 84000 504000 1008000 4032000 36288000 108864000 435456000 870912000 
807972984 18
4 4 40 360 2880 20160 20160 20160 20160 100800 403200 1209600 7257600 36288000 36288000 36288000 181440000 362880000 
589541908 13
5 30 240 1920 5760 11520 11520 34560 138240 829440 4976640 19906560 179159040 
289926373 11
3 21 105 945 7560 37800 340200 1360800 13608000 40824000 81648000 
898167729 14
5 10 30 180 1080 2160 6480 32400 291600 1458000 11664000 11664000 104976000 209952000 
529996288 13
4 20 80 720 5760 17280 51840 311040 622080 6220800 43545600 217728000 217728000 
495409312 18
3 21 84 84 84 84 672 2688 10752 32256 129024 1290240 2580480 10321920 10321920 30965760 30965760 123863040 
11088235 8
2 10 70 630 4410 17640 176400 1411200 
927974113 14
1 9 9 54 378 2268 13608 108864 653184 2612736 7838208 7838208 62705664 438939648 
29638572 10
4 40 120 480 1440 11520 34560 311040 622080 5598720 
327432060 11
4 16 160 1280 7680 53760 322560 1935360 3870720 19353600 58060800 
677033206 13
4 40 120 720 2160 4320 8640 43200 432000 1728000 15552000 46656000 279936000 
412936915 11
5 30 240 1200 7200 57600 518400 2592000 12960000 77760000 233280000 
141513326 10
3 15 105 525 3150 31500 126000 1008000 5040000 40320000 
65420969 12
2 4 40 80 160 480 3360 26880 241920 967680 4838400 19353600 
39228660 11
2 8 40 320 2880 20160 201600 201600 604800 3628800 25401600 
620010182 14
2 4 20 40 400 2000 20000 60000 300000 300000 1500000 10500000 94500000 189000000 
700233002 12
2 16 160 1600 1600 8000 32000 256000 1280000 2560000 25600000 179200000 
995548370 12
5 15 30 60 420 3780 18900 113400 340200 2041200 20412000 183708000 
831734079 11
4 28 168 1176 4704 42336 169344 846720 8467200 50803200 508032000 
960614413 13
4 16 96 288 864 8640 77760 388800 1555200 3110400 9331200 37324800 223948800 
976817867 12
3 9 72 504 5040 15120 45360 317520 3175200 25401600 177811200 889056000 
788138038 13
1 1 4 40 240 2160 17280 138240 138240 1244160 9953280 79626240 159252480 
200073125 14
5 35 245 2450 12250 24500 220500 220500 220500 220500 1102500 11025000 22050000 66150000 
269538950 13
2 14 56 392 3920 11760 47040 376320 3763200 11289600 11289600 11289600 112896000 
899124778 15
2 2 18 18 144 1152 5760 51840 311040 2177280 2177280 15240960 15240960 30481920 243855360 
141436214 13
3 18 54 54 216 864 4320 30240 60480 423360 3810240 15240960 106686720 
940593702 13
1 10 90 810 8100 64800 583200 3499200 27993600 111974400 223948800 223948800 447897600 
668596911 14
2 4 4 4 28 112 336 1008 7056 56448 508032 5080320 30481920 243855360 
284417650 11
4 32 160 480 3840 23040 115200 691200 2764800 27648000 138240000 
423170213 13
2 10 10 80 560 2240 17920 125440 250880 752640 7526400 30105600 301056000 
55260060 11
3 3 18 36 216 1944 17496 174960 524880 3149280 22044960 
