-1
36
-1
-1
-1
-1
36
19
-1
-1
-1
-1
-1
-1
27
25
33
27
-1
33
-1
-1
21
-1
-1
-1
34
-1
27
-1
-1
36
36
30
29
28
25
-1
-1
27
30
32
37
20
36
-1
-1
-1
-1
-1
-1
32
-1
19
-1
29
-1
-1
39
-1
24
-1
36
26
33
-1
-1
22
44
-1
-1
30
-1
35
-1
-1
42
-1
24
-1
24
27
-1
13
42
-1
21
-1
30
-1
23
29
38
-1
22
34
-1
21
31
44
28
32
-1
34
41
30
-1
14
34
-1
20
-1
-1
17
22
37
-1
-1
15
40
-1
-1
-1
24
-1
38
44
37
27
-1
-1
-1
42
-1
-1
-1
-1
-1
32
23
24
-1
27
26
-1
36
38
-1
-1
31
-1
35
-1
-1
-1
41
24
-1
-1
-1
29
-1
28
45
-1
28
-1
32
-1
23
-1
33
-1
27
-1
-1
23
-1
-1
33
-1
-1
-1
32
34
-1
37
-1
30
-1
-1
-1
-1
32
-1
36
27
20
40
43
