200
58706806 12
3 6 54 432 432 864 1728 5184 46656 466560 3732480 22394880 
264626164 10
4 36 288 864 8640 69120 483840 4838400 24192000 193536000 
77826017 11
3 18 126 630 1890 5670 22680 136080 952560 3810240 19051200 
555041726 11
5 40 40 120 960 9600 96000 576000 4608000 36864000 110592000 
888638798 15
4 8 64 64 384 1920 9600 96000 192000 576000 3456000 17280000 138240000 138240000 276480000 
526637057 12
4 32 64 512 2560 10240 102400 204800 614400 6144000 43008000 430080000 
851810367 12
1 2 20 40 360 3600 32400 129600 518400 4147200 29030400 261273600 
494450791 13
1 6 24 96 864 6912 6912 69120 483840 2903040 8709120 60963840 426746880 
501811223 11
3 12 72 576 2304 20736 145152 1161216 9289728 74317824 445906944 
48074453 12
4 24 216 432 432 864 6048 24192 120960 604800 1814400 10886400 
173696537 11
2 6 48 384 3456 13824 96768 387072 387072 2322432 18579456 
95099088 12
5 25 225 450 900 2700 13500 94500 283500 2268000 15876000 63504000 
981506786 11
3 3 30 210 1680 8400 67200 672000 2688000 18816000 188160000 
662630923 14
5 20 200 200 200 200 1400 9800 88200 705600 7056000 7056000 35280000 246960000 
698660424 13
2 10 90 720 5040 45360 317520 1270080 7620480 15240960 15240960 76204800 533433600 
536421113 13
1 6 24 216 1080 4320 4320 21600 216000 1512000 7560000 75600000 529200000 
579532029 13
1 5 45 405 3645 25515 153090 918540 4592700 22963500 22963500 45927000 367416000 
155186217 17
3 12 24 96 864 5184 10368 51840 466560 1399680 1399680 1399680 1399680 6998400 13996800 97977600 97977600 
722992364 11
3 30 210 420 3360 10080 90720 272160 2449440 22044960 132269760 
315377850 11
1 4 36 108 972 9720 97200 972000 3888000 31104000 124416000 
264248477 14
5 25 25 75 225 450 450 2700 8100 64800 583200 5832000 11664000 81648000 
780156462 12
5 25 250 1750 12250 61250 306250 2756250 8268750 33075000 264600000 529200000 
191167944 11
3 18 72 648 1296 7776 31104 124416 870912 3483648 31352832 
372351053 12
3 21 189 756 3780 15120 75600 680400 2041200 2041200 16329600 114307200 
727831853 15
3 3 3 24 72 720 3600 36000 180000 900000 900000 900000 7200000 28800000 259200000 
903013561 12
5 40 240 720 5760 11520 92160 92160 552960 4423680 26542080 238878720 
41557568 9
4 24 72 360 2160 21600 151200 1209600 7257600 
724480049 16
4 8 80 320 640 3200 9600 48000 432000 864000 8640000 34560000 34560000 34560000 103680000 103680000 
872477280 14
5 40 280 1960 3920 15680 15680 94080 94080 940800 3763200 30105600 210739200 632217600 
45005968 12
3 6 42 378 2268 20412 61236 428652 857304 4286520 8573040 17146080 
33412521 13
4 20 100 500 1000 3000 3000 9000 54000 54000 540000 3780000 7560000 
214377401 12
1 8 56 504 3024 24192 145152 870912 3483648 20901888 20901888 41803776 
66284695 12
5 15 15 45 270 1350 13500 27000 243000 486000 2430000 7290000 
18284438 9
2 6 48 432 3888 19440 155520 933120 3732480 
111451635 14
3 3 3 24 192 192 192 1344 9408 28224 282240 2540160 25401600 101606400 
440519064 15
2 8 16 128 896 2688 10752 10752 21504 43008 387072 2322432 23224320 139345920 139345920 
772646284 15
1 3 18 144 144 1152 1152 10368 41472 124416 995328 4976640 24883200 99532800 398131200 
893819201 13
2 14 70 350 3150 25200 176400 352800 705600 5644800 56448000 169344000 508032000 
704389538 16
3 9 45 180 540 3780 3780 11340 56700 396900 2778300 8334900 8334900 8334900 50009400 200037600 
354402204 14
4 4 16 144 144 288 1440 7200 36000 144000 576000 4032000 28224000 141120000 
607900609 12
1 9 81 405 2835 5670 39690 79380 635040 3810240 15240960 152409600 
466684308 15
1 3 24 96 480 480 960 7680 30720 276480 552960 4423680 8847360 61931520 371589120 
743776030 15
1 2 2 4 40 200 1600 4800 19200 19200 192000 1728000 6912000 62208000 373248000 
4899960 10
4 12 96 960 5760 5760 51840 466560 466560 933120 
339505917 15
3 24 96 384 384 1920 7680 30720 215040 215040 645120 5806080 23224320 92897280 92897280 
448226549 15
4 4 4 12 48 288 576 3456 3456 13824 55296 497664 2488320 19906560 179159040 
894420252 11
5 25 50 350 3150 25200 252000 1764000 14112000 70560000 564480000 
177155858 13
3 30 180 1440 14400 86400 172800 1036800 1036800 3110400 3110400 9331200 83980800 
849609102 12
4 20 60 120 600 6000 36000 216000 1296000 9072000 45360000 362880000 
294057302 15
4 16 64 384 384 1152 3456 27648 82944 82944 165888 1327104 3981312 15925248 159252480 
637588722 11
4 20 180 1800 18000 36000 144000 1296000 10368000 20736000 124416000 
684496264 11
1 5 50 500 4000 16000 80000 800000 6400000 64000000 640000000 
373600319 11
5 5 45 90 540 5400 48600 486000 2430000 17010000 153090000 
8527050 13
1 5 30 300 1800 1800 9000 9000 54000 324000 648000 3240000 3240000 
595962418 11
5 45 360 1440 14400 100800 604800 5443200 54432000 54432000 435456000 
135421522 12
2 8 56 168 168 1176 8232 49392 296352 592704 4148928 41489280 
883537933 12
4 32 192 1920 15360 61440 245760 1966080 5898240 53084160 424673280 424673280 
874297654 12
3 30 150 1050 8400 50400 151200 1058400 8467200 25401600 76204800 457228800 
150450815 13
1 7 49 98 294 588 5292 42336 42336 381024 1143072 8001504 48009024 
203881437 14
5 15 75 675 1350 8100 40500 364500 2187000 4374000 4374000 8748000 17496000 87480000 
726267018 13
2 10 40 240 240 1440 11520 46080 276480 1935360 13547520 54190080 487710720 
247880888 14
5 25 175 700 700 4900 29400 176400 176400 1058400 1058400 5292000 42336000 84672000 
529375582 16
2 16 32 288 864 6048 6048 60480 362880 1814400 10886400 21772800 21772800 21772800 43545600 217728000 
968446497 15
1 1 6 36 360 1080 2160 4320 43200 172800 1036800 7257600 43545600 43545600 435456000 
910372300 11
5 40 280 840 7560 52920 476280 2381400 9525600 95256000 666792000 
268505157 15
4 4 24 216 648 648 4536 9072 45360 453600 2721600 10886400 32659200 32659200 65318400 
971898850 15
4 4 16 128 128 128 1280 1280 11520 92160 645120 2580480 25804800 77414400 541900800 
182939430 12
5 20 60 420 2520 22680 22680 226800 1814400 10886400 54432000 163296000 
656820861 14
1 2 2 18 108 864 7776 62208 622080 622080 4976640 44789760 313528320 313528320 
988759719 14
4 36 72 216 648 4536 4536 36288 181440 544320 5443200 27216000 217728000 870912000 
605542090 10
3 30 300 2400 24000 120000 960000 7680000 30720000 215040000 
243818368 12
1 5 30 90 450 2700 5400 43200 432000 2592000 10368000 103680000 
571819011 12
4 12 48 240 480 3840 11520 103680 933120 1866240 16796160 167961600 
658151710 14
1 7 14 28 168 840 6720 20160 141120 564480 4515840 45158400 90316800 632217600 
227040836 12
5 30 300 1500 15000 45000 405000 1620000 3240000 9720000 38880000 77760000 
345174869 13
2 2 6 42 378 1512 15120 90720 725760 5806080 46448640 325140480 325140480 
738183209 15
1 4 12 12 108 108 1080 5400 10800 43200 259200 1296000 7776000 62208000 559872000 
348285919 10
2 20 200 800 5600 56000 560000 4480000 26880000 188160000 
360019520 17
5 15 120 240 240 720 2880 2880 2880 11520 23040 184320 1105920 5529600 16588800 33177600 66355200 
573805586 14
5 5 20 40 80 560 5600 5600 33600 235200 1881600 9408000 37632000 112896000 
117875955 12
3 12 108 540 3780 3780 30240 90720 181440 907200 9072000 81648000 
119393154 16
1 2 16 48 192 192 768 3840 30720 92160 737280 3686400 3686400 18432000 18432000 73728000 
911777213 14
5 30 300 3000 3000 27000 27000 270000 810000 3240000 12960000 51840000 207360000 414720000 
135071137 11
1 9 72 648 6480 6480 38880 349920 1749600 5248800 26244000 
142225182 10
2 12 108 432 3024 21168 105840 635040 5715360 28576800 
380456609 17
3 27 108 108 216 1512 3024 18144 72576 145152 725760 2177280 2177280 13063680 130636800 130636800 261273600 
602175562 14
1 7 56 168 1344 4032 36288 145152 1451520 8709120 34836480 139345920 557383680 557383680 
148857458 11
4 12 72 360 2160 2160 19440 136080 1088640 3265920 32659200 
230629176 13
2 20 120 600 4200 21000 42000 42000 84000 588000 5292000 37044000 222264000 
419752263 14
5 5 10 20 100 1000 4000 4000 16000 144000 432000 1728000 12096000 120960000 
670498031 16
1 4 4 32 64 320 1280 7680 53760 268800 1881600 9408000 47040000 235200000 470400000 470400000 
302874322 13
2 4 20 180 180 1800 1800 12600 126000 630000 1260000 7560000 37800000 
468417566 11
2 20 200 1800 5400 27000 108000 864000 2592000 20736000 124416000 
576802834 14
5 50 400 2000 6000 6000 54000 486000 486000 486000 4860000 4860000 34020000 306180000 
370625610 13
1 5 10 100 600 1800 1800 10800 64800 324000 2916000 14580000 131220000 
873060779 12
1 5 15 150 600 5400 27000 189000 1323000 3969000 27783000 277830000 
578190336 11
5 40 120 840 6720 47040 376320 2634240 10536960 21073920 168591360 
679636040 12
4 16 160 640 1920 15360 61440 552960 5529600 16588800 82944000 663552000 
456315384 12
1 7 14 126 1008 6048 48384 241920 2419200 14515200 43545600 304819200 
386783775 13
1 2 14 140 420 2100 8400 16800 134400 1075200 9676800 9676800 77414400 
801457550 15
1 2 18 72 288 2016 14112 42336 169344 338688 677376 6096384 24385536 195084288 585252864 
867335642 14
2 6 18 144 720 3600 10800 108000 648000 1296000 9072000 54432000 163296000 653184000 
242856928 11
5 40 240 720 720 2880 28800 144000 1152000 3456000 31104000 
870298928 12
1 6 60 420 3780 15120 151200 1058400 8467200 50803200 50803200 355622400 
644173646 11
2 10 90 540 540 4320 21600 172800 864000 8640000 86400000 
97437608 10
4 20 140 420 1260 5040 45360 453600 2268000 15876000 
297359243 13
4 24 144 864 1728 13824 69120 345600 691200 6220800 31104000 279936000 279936000 
25209212 10
1 10 80 400 4000 24000 120000 720000 1440000 10080000 
608332560 14
1 7 7 14 56 560 5600 5600 44800 358400 716800 3584000 14336000 114688000 
615821031 12
4 20 140 700 5600 11200 44800 358400 2150400 10752000 32256000 322560000 
123300528 15
1 8 8 24 120 120 600 6000 6000 24000 240000 1920000 5760000 23040000 92160000 
186858485 11
3 6 60 420 3360 13440 94080 846720 7620480 30481920 182891520 
984171182 11
3 15 75 225 900 5400 32400 259200 1555200 15552000 139968000 
7319575 12
5 45 225 1800 3600 3600 10800 43200 86400 172800 518400 4665600 
400670397 12
1 7 42 252 504 4536 22680 181440 544320 3810240 11430720 114307200 
526804751 13
1 6 30 270 1350 13500 121500 243000 2187000 21870000 43740000 43740000 262440000 
883737676 16
5 50 50 50 100 900 5400 37800 75600 453600 453600 453600 4082400 36741600 110224800 881798400 
625413172 12
5 25 225 1350 13500 135000 540000 540000 4320000 25920000 51840000 466560000 
128432328 17
1 3 6 36 108 324 1944 1944 1944 13608 81648 244944 1714608 10287648 10287648 10287648 61725888 
783995383 17
1 10 60 60 60 300 1800 5400 16200 16200 97200 291600 1458000 1458000 7290000 43740000 262440000 
732353777 13
5 15 15 150 1350 9450 18900 132300 264600 1323000 10584000 74088000 666792000 
274295710 14
4 24 168 168 168 336 1344 6720 33600 302400 2116800 19051200 38102400 114307200 
786920219 13
4 4 24 48 96 768 7680 76800 691200 6220800 6220800 18662400 149299200 
134202548 11
4 16 128 1152 11520 92160 92160 276480 829440 4147200 37324800 
390255262 11
3 30 150 750 4500 13500 81000 243000 972000 8748000 87480000 
402343329 11
3 27 162 1620 4860 14580 14580 116640 933120 7464960 67184640 
654967668 14
3 27 27 54 324 648 3240 25920 25920 233280 699840 5598720 11197440 111974400 
921696304 15
2 20 40 80 720 1440 12960 129600 518400 518400 518400 2073600 20736000 207360000 414720000 
80971008 12
4 8 72 72 504 5040 25200 176400 1764000 7056000 7056000 63504000 
513706249 11
2 16 48 48 432 3024 27216 272160 1360800 10886400 65318400 
1493359 8
5 45 315 3150 6300 31500 252000 756000 
701377985 15
3 6 24 120 960 4800 38400 384000 1152000 6912000 6912000 13824000 138240000 138240000 414720000 
418516611 12
1 4 12 120 1080 2160 21600 194400 1555200 1555200 15552000 62208000 
151439387 12
5 40 320 1920 5760 11520 57600 518400 518400 2073600 6220800 37324800 
552905612 11
5 35 210 1890 5670 45360 90720 635040 4445280 13335840 106686720 
995963563 11
3 21 210 630 1890 15120 105840 1058400 7408800 29635200 148176000 
554525926 14
3 9 90 270 1620 8100 64800 129600 129600 648000 6480000 32400000 64800000 194400000 
508911152 13
5 25 50 500 4000 36000 324000 648000 648000 5184000 51840000 103680000 414720000 
880320773 15
1 3 12 12 24 144 864 6912 34560 241920 241920 2177280 13063680 91445760 182891520 
907888120 17
5 15 75 75 300 1200 1200 6000 42000 126000 252000 2016000 10080000 80640000 161280000 322560000 645120000 
121195520 13
2 12 24 168 840 5040 25200 126000 756000 1512000 6048000 54432000 108864000 
694036891 13
3 24 120 840 840 6720 6720 47040 470400 1881600 11289600 67737600 203212800 
270460107 15
3 15 45 45 90 360 3600 21600 21600 86400 86400 518400 4147200 16588800 99532800 
264109206 14
3 24 144 576 3456 20736 20736 165888 663552 663552 1327104 1327104 10616832 63700992 
735054531 13
5 50 450 2700 8100 32400 226800 2041200 8164800 81648000 81648000 81648000 571536000 
330670983 15
1 7 21 105 210 1260 1260 11340 102060 816480 3265920 3265920 3265920 13063680 104509440 
357392620 11
5 15 120 1200 12000 12000 36000 216000 1944000 15552000 108864000 
621485980 12
3 18 72 360 720 5760 57600 230400 1152000 11520000 46080000 138240000 
68534743 15
3 9 90 90 90 540 1620 8100 24300 97200 583200 1749600 15746400 15746400 47239200 
318537096 10
4 12 72 288 2304 23040 138240 691200 6220800 55987200 
276564114 12
5 20 80 720 720 5040 40320 161280 1451520 4354560 26127360 78382080 
511356256 13
1 8 16 144 1440 8640 60480 483840 4354560 8709120 17418240 104509440 104509440 
914198986 16
3 6 54 108 108 216 1080 9720 29160 87480 524880 3149280 3149280 31492800 94478400 283435200 
387245732 17
3 6 60 240 240 1200 12000 12000 60000 60000 120000 120000 120000 1200000 6000000 12000000 96000000 
921021506 16
5 45 90 270 810 5670 5670 45360 317520 635040 1270080 2540160 25401600 127008000 635040000 635040000 
680968893 12
1 6 54 324 3240 29160 262440 524880 524880 5248800 31492800 157464000 
167022792 14
3 27 189 1323 3969 7938 23814 119070 119070 119070 833490 2500470 10001880 80015040 
207759299 11
4 36 288 1152 4608 27648 27648 138240 552960 4976640 34836480 
442405112 11
5 20 40 320 2240 22400 89600 448000 2240000 15680000 109760000 
495548407 12
3 27 189 1890 5670 28350 226800 226800 1134000 5670000 34020000 340200000 
151562544 13
1 4 28 168 336 672 3360 20160 80640 161280 645120 3225600 22579200 
432617362 15
4 16 96 960 960 3840 30720 61440 368640 737280 737280 4423680 35389440 247726080 247726080 
647935323 13
3 24 24 96 288 1152 8064 72576 72576 145152 1451520 8709120 78382080 
986549658 12
3 27 54 540 4320 17280 69120 414720 2903040 2903040 26127360 182891520 
806871861 16
2 6 6 30 300 2700 13500 67500 202500 202500 607500 1215000 3645000 18225000 54675000 492075000 
914707872 14
1 3 9 36 108 324 2916 23328 186624 933120 7464960 59719680 59719680 358318080 
186182436 14
5 35 35 210 1470 10290 20580 185220 1666980 8334900 16669800 33339600 33339600 166698000 
864874925 13
5 35 70 490 1470 8820 79380 79380 238140 1905120 15240960 45722880 365783040 
812971206 12
5 15 75 600 3000 30000 120000 240000 480000 2400000 24000000 192000000 
5900393 13
1 8 16 32 128 128 768 7680 23040 23040 23040 115200 691200 
857326762 10
4 32 224 896 8064 80640 806400 5644800 22579200 203212800 
748301938 15
2 4 24 168 168 672 6048 60480 302400 302400 907200 6350400 38102400 190512000 190512000 
790260342 14
5 30 150 900 900 3600 10800 43200 129600 518400 1555200 13996800 125971200 503884800 
493334921 18
1 7 42 168 1344 1344 5376 37632 263424 1053696 2107392 8429568 8429568 50577408 202309632 202309632 404619264 404619264 
582057839 16
2 4 36 36 252 252 1008 10080 10080 30240 151200 1512000 15120000 15120000 105840000 529200000 
912734377 11
4 32 224 1344 5376 53760 483840 2903040 14515200 58060800 348364800 
268176442 17
2 2 8 80 80 400 2400 7200 57600 403200 1209600 2419200 2419200 9676800 29030400 58060800 174182400 
596810311 14
3 3 21 189 1134 2268 18144 108864 762048 3048192 6096384 18289152 18289152 146313216 
73290208 12
5 45 225 2025 8100 72900 583200 1749600 1749600 3499200 10497600 41990400 
103745227 13
1 6 30 270 2430 2430 21870 87480 174960 1574640 3149280 31492800 62985600 
363856561 12
4 12 24 192 1728 17280 69120 622080 3110400 6220800 49766400 348364800 
303780834 13
4 8 64 320 2240 11200 100800 705600 3528000 3528000 21168000 21168000 84672000 
756084651 14
2 6 42 252 1764 1764 12348 74088 74088 592704 1185408 10668672 42674688 213373440 
449763368 13
1 9 63 252 2016 6048 60480 241920 241920 1693440 15240960 45722880 182891520 
347921969 13
1 9 18 18 90 630 5670 45360 226800 907200 7257600 29030400 203212800 
804698631 13
2 4 20 180 1800 1800 3600 32400 194400 777600 1555200 9331200 93312000 
338035492 13
1 5 50 400 1200 1200 9600 67200 604800 4838400 19353600 58060800 116121600 
967443028 13
3 30 300 1500 1500 9000 45000 90000 720000 5040000 10080000 30240000 302400000 
819882244 14
1 1 5 5 25 175 1750 12250 85750 686000 3430000 27440000 137200000 137200000 
435338201 12
3 12 120 1200 6000 24000 48000 96000 768000 3072000 27648000 165888000 
853355097 12
4 20 200 800 5600 39200 235200 235200 705600 3528000 31752000 285768000 
854786007 15
4 24 24 144 1152 11520 11520 103680 933120 4665600 9331200 9331200 55987200 55987200 335923200 
809210243 13
4 8 72 360 720 2880 5760 46080 414720 1658880 16588800 66355200 199065600 
806060308 11
4 32 256 2304 11520 80640 725760 3628800 18144000 127008000 127008000 
343894827 11
4 24 240 960 2880 28800 172800 691200 3456000 31104000 217728000 
202142457 13
1 6 6 42 42 210 1680 15120 30240 211680 2116800 16934400 84672000 
669204740 13
2 2 12 24 192 1344 12096 120960 1209600 2419200 21772800 108864000 544320000 
25809595 12
5 5 10 20 160 480 3840 30720 215040 1720320 15482880 15482880 
145109931 15
3 24 24 168 1680 1680 6720 20160 20160 201600 403200 806400 8064000 40320000 80640000 
366695481 16
1 7 7 21 168 672 672 1344 5376 53760 483840 483840 4838400 4838400 29030400 261273600 
