23
37
-1
-1
31
-1
-1
-1
-1
-1
33
39
-1
24
27
34
34
-1
30
-1
32
30
-1
-1
-1
-1
-1
31
25
-1
17
-1
-1
25
-1
-1
10
-1
43
-1
28
-1
-1
-1
-1
-1
25
24
-1
32
-1
-1
-1
29
-1
-1
-1
-1
-1
38
26
34
-1
31
27
20
-1
23
-1
-1
25
38
26
-1
25
33
27
31
-1
25
33
13
28
21
-1
30
13
33
-1
-1
-1
-1
35
-1
28
25
-1
19
24
-1
27
-1
31
-1
-1
25
-1
-1
16
-1
29
22
26
30
-1
37
39
-1
40
-1
-1
-1
45
-1
-1
-1
-1
-1
31
-1
38
32
19
-1
-1
34
39
28
32
-1
-1
40
-1
-1
26
-1
-1
38
-1
-1
-1
22
35
41
21
-1
-1
-1
28
31
28
24
28
-1
34
-1
-1
-1
-1
-1
25
29
-1
-1
-1
-1
34
-1
-1
-1
-1
-1
-1
25
-1
-1
-1
43
-1
-1
25
33
25
21
35
20
19
-1
38
-1
-1
27
31
17
-1
-1
35
19
-1
-1
37
-1
26
-1
34
-1
-1
-1
27
28
-1
-1
-1
34
34
32
39
17
-1
32
33
-1
20
-1
-1
33
-1
-1
32
-1
-1
29
-1
42
-1
-1
-1
-1
33
-1
34
-1
31
34
-1
29
-1
-1
-1
-1
-1
42
-1
-1
33
-1
27
-1
31
-1
25
24
-1
28
22
-1
-1
27
27
47
27
31
25
25
-1
38
-1
38
34
34
41
-1
-1
-1
24
32
-1
-1
-1
-1
-1
28
-1
33
-1
29
-1
-1
-1
-1
33
36
-1
-1
44
-1
-1
-1
21
27
31
-1
-1
-1
-1
-1
-1
-1
34
-1
-1
-1
-1
35
-1
-1
32
33
-1
34
35
-1
34
12
-1
-1
-1
35
-1
-1
-1
-1
-1
-1
30
-1
-1
38
27
32
32
-1
27
24
-1
39
40
-1
-1
-1
-1
-1
25
-1
27
-1
27
29
-1
24
39
32
-1
32
38
-1
28
-1
-1
-1
21
28
36
17
-1
28
-1
36
27
-1
-1
-1
-1
31
27
36
-1
29
25
-1
-1
-1
-1
37
16
-1
24
-1
-1
36
-1
-1
27
28
-1
-1
30
24
37
-1
-1
25
-1
-1
18
26
25
28
26
-1
28
30
-1
18
-1
-1
-1
-1
-1
-1
-1
31
-1
18
18
19
-1
-1
-1
-1
-1
30
36
31
-1
27
32
-1
-1
27
17
-1
34
-1
31
-1
-1
-1
35
30
-1
32
-1
-1
-1
-1
33
33
-1
-1
-1
28
21
31
-1
-1
-1
20
-1
-1
