500
831388371 11
4 40 360 2520 17640 70560 423360 1693440 5080320 40642560 243855360 
970287511 11
5 50 250 1000 5000 10000 90000 720000 2880000 23040000 230400000 
415287666 13
2 12 108 216 2160 12960 12960 129600 777600 6998400 48988800 97977600 195955200 
263101986 13
3 21 63 189 567 3969 7938 79380 158760 1270080 3810240 38102400 190512000 
487716609 13
4 20 120 600 1200 4800 38400 76800 153600 1382400 1382400 12441600 111974400 
864117843 18
2 6 12 108 972 3888 3888 11664 116640 233280 933120 933120 1866240 13063680 26127360 156764160 313528320 627056640 
51747342 10
4 32 128 640 3840 26880 161280 967680 8709120 34836480 
529745262 12
3 15 90 810 4860 29160 87480 524880 524880 2099520 20995200 83980800 
382862005 16
1 10 100 800 3200 6400 12800 25600 25600 179200 1075200 6451200 19353600 58060800 174182400 174182400 
54021584 12
2 20 60 240 2160 21600 43200 129600 648000 1296000 7776000 46656000 
692521248 13
4 24 168 672 4032 40320 282240 1975680 5927040 41489280 124467840 124467840 622339200 
744453767 15
3 21 189 189 945 8505 42525 42525 297675 1190700 2381400 2381400 23814000 71442000 571536000 
726439010 14
4 8 24 168 1176 9408 56448 282240 1693440 1693440 1693440 13547520 40642560 284497920 
492041578 12
2 8 40 360 3600 18000 90000 900000 2700000 21600000 21600000 64800000 
161504151 10
5 50 350 1400 1400 12600 126000 1134000 10206000 81648000 
549526479 12
4 40 240 480 960 1920 17280 172800 1209600 3628800 32659200 228614400 
697793428 15
3 18 18 54 378 1134 2268 2268 6804 54432 326592 1632960 13063680 104509440 418037760 
293272282 13
2 12 120 720 2160 6480 58320 291600 291600 2916000 2916000 11664000 93312000 
128096777 14
2 6 30 90 450 450 3150 25200 75600 680400 3402000 3402000 13608000 54432000 
913472189 14
4 40 240 1440 12960 38880 349920 349920 1049760 3149280 3149280 6298560 31492800 188956800 
885840343 14
4 40 80 640 2560 20480 204800 2048000 10240000 20480000 20480000 20480000 81920000 491520000 
576242299 13
3 12 36 288 2592 7776 15552 139968 699840 2799360 2799360 22394880 134369280 
34242597 11
5 35 35 140 1400 11200 100800 907200 8164800 8164800 24494400 
272262209 13
3 15 90 720 5760 46080 138240 414720 3317760 9953280 69672960 69672960 139345920 
499207997 18
5 20 20 40 40 200 2000 6000 6000 6000 12000 108000 972000 9720000 9720000 29160000 58320000 174960000 
494835488 10
4 40 240 1440 5760 57600 288000 2016000 14112000 84672000 
169635640 12
5 10 30 300 1500 9000 36000 144000 1152000 4608000 27648000 55296000 
730227453 15
4 4 20 160 640 6400 25600 51200 51200 460800 4608000 23040000 23040000 138240000 138240000 
473377133 12
3 6 48 192 768 6912 69120 69120 276480 1382400 12441600 124416000 
253414382 11
2 8 40 160 1600 3200 25600 230400 1152000 10368000 103680000 
408637403 12
5 20 160 960 5760 34560 276480 1935360 5806080 23224320 46448640 139345920 
112446568 10
3 18 144 432 2160 19440 77760 777600 3110400 21772800 
719834216 14
5 30 300 600 4200 37800 264600 1587600 6350400 38102400 114307200 114307200 114307200 342921600 
201075512 11
5 30 30 210 2100 10500 21000 147000 1323000 11907000 71442000 
570572219 13
3 3 30 270 1350 10800 97200 583200 2332800 20995200 83980800 83980800 419904000 
702546295 16
1 7 63 504 3024 9072 27216 217728 217728 435456 870912 4354560 4354560 8709120 26127360 209018880 
966278256 17
2 16 96 96 192 576 576 5760 46080 46080 138240 138240 967680 3870720 23224320 92897280 371589120 
947524126 10
4 36 252 1512 13608 108864 979776 2939328 23514624 235146240 
620428472 14
5 30 270 1080 1080 1080 6480 25920 77760 388800 1166400 3499200 31492800 94478400 
971288703 13
2 16 48 384 768 2304 13824 110592 1105920 6635520 39813120 398131200 398131200 
845292530 14
4 28 56 336 1680 8400 50400 352800 705600 705600 6350400 38102400 152409600 609638400 
661402302 11
3 15 150 900 8100 56700 510300 510300 2041200 14288400 142884000 
749953270 14
4 36 360 2880 25920 155520 155520 622080 1866240 14929920 14929920 14929920 134369280 268738560 
968693570 13
2 10 50 150 300 2700 10800 97200 680400 680400 5443200 48988800 293932800 
654292492 11
3 15 135 1080 6480 38880 311040 1244160 11197440 33592320 268738560 
94502230 11
3 24 144 576 5184 10368 103680 311040 1866240 7464960 22394880 
135971917 13
2 18 36 36 252 1764 10584 63504 254016 1016064 5080320 45722880 91445760 
26753148 14
4 40 160 160 1120 7840 7840 15680 31360 282240 1693440 3386880 13547520 13547520 
400039030 15
1 2 16 112 560 5040 15120 30240 120960 120960 846720 8467200 42336000 296352000 296352000 
574990729 13
1 10 40 120 720 7200 21600 194400 777600 1555200 6220800 31104000 155520000 
945973928 14
1 2 16 128 1024 3072 24576 73728 442368 1769472 5308416 10616832 31850496 286654464 
135085163 12
3 27 270 1080 3240 9720 9720 38880 194400 1749600 12247200 73483200 
670643990 13
3 6 54 270 1080 8640 43200 129600 1296000 2592000 12960000 90720000 453600000 
229582104 11
3 27 216 1728 1728 10368 72576 290304 2903040 26127360 104509440 
180575041 11
4 20 200 200 1400 7000 21000 147000 1323000 10584000 63504000 
686840002 14
5 40 200 1000 4000 4000 20000 80000 800000 1600000 1600000 3200000 32000000 224000000 
64634591 14
4 32 32 128 128 640 2560 7680 23040 184320 1290240 1290240 7741440 30965760 
863906224 15
4 24 96 480 960 8640 60480 362880 725760 4354560 43545600 87091200 696729600 696729600 696729600 
124880251 11
1 8 56 280 2800 5600 56000 112000 672000 4704000 42336000 
81742154 11
4 16 80 320 320 3200 32000 128000 1024000 7168000 71680000 
535760404 13
4 4 4 12 36 108 756 2268 22680 136080 1224720 11022480 77157360 
928705417 14
3 12 72 216 432 864 6912 41472 290304 2612736 13063680 91445760 182891520 548674560 
334757117 14
3 12 96 480 2880 2880 20160 181440 1632960 3265920 32659200 130636800 261273600 261273600 
137461691 12
5 15 120 840 5880 52920 423360 1693440 8467200 59270400 118540800 118540800 
312241082 12
1 5 45 450 3600 28800 201600 1209600 12096000 60480000 241920000 241920000 
789806455 12
3 12 120 600 4800 4800 33600 235200 1646400 4939200 24696000 172872000 
976737958 15
1 3 6 12 108 756 6048 42336 381024 2286144 9144576 64012032 64012032 384072192 384072192 
519239509 13
1 9 90 90 900 4500 45000 450000 1350000 8100000 64800000 518400000 518400000 
282761071 14
1 1 8 56 224 1344 8064 16128 64512 387072 3483648 34836480 69672960 69672960 
618992883 12
2 12 120 240 1680 16800 16800 50400 504000 5040000 30240000 151200000 
659044416 14
3 21 63 504 4032 12096 72576 217728 1741824 1741824 6967296 27869184 167215104 334430208 
178037233 12
2 8 56 56 56 448 1792 14336 100352 501760 5017600 40140800 
353587787 13
2 10 50 450 450 4500 36000 360000 720000 2880000 8640000 8640000 51840000 
426191381 13
4 8 16 96 960 4800 19200 192000 1152000 1152000 4608000 23040000 230400000 
864228063 16
1 7 49 147 441 882 882 3528 10584 10584 52920 211680 846720 7620480 45722880 411505920 
751640022 13
5 10 100 700 1400 8400 25200 75600 226800 680400 5443200 38102400 152409600 
832385874 13
3 9 54 270 1350 12150 85050 850500 850500 5953500 29767500 178605000 357210000 
436973523 17
1 3 9 18 72 144 144 1008 10080 30240 302400 604800 4233600 29635200 29635200 29635200 237081600 
711440853 15
3 9 9 81 81 567 5103 5103 30618 91854 734832 5143824 46294416 370355328 370355328 
969528103 13
5 25 125 1250 1250 5000 20000 200000 1600000 3200000 28800000 230400000 460800000 
869812775 12
2 12 120 480 3360 33600 336000 1680000 3360000 23520000 211680000 211680000 
740909588 13
2 16 96 768 6912 69120 207360 2073600 2073600 12441600 37324800 74649600 223948800 
506404144 13
2 4 32 288 1440 8640 86400 691200 1382400 1382400 13824000 82944000 165888000 
669789290 16
1 2 2 4 8 56 112 1120 8960 35840 358400 3584000 3584000 14336000 28672000 172032000 
156805669 12
5 45 450 2700 10800 54000 270000 270000 2160000 12960000 25920000 77760000 
173147079 13
3 30 90 900 900 3600 21600 43200 216000 864000 6048000 36288000 108864000 
99278774 14
2 12 60 60 180 540 1080 10800 64800 388800 1555200 13996800 41990400 41990400 
150953807 11
2 20 180 1080 4320 38880 349920 3149280 12597120 25194240 75582720 
161234918 16
4 4 16 128 256 256 512 2048 6144 36864 221184 442368 1769472 5308416 42467328 84934656 
999481610 15
3 9 36 324 648 1296 2592 5184 51840 518400 3628800 10886400 54432000 326592000 326592000 
769621417 14
1 10 100 100 300 1500 9000 81000 162000 1458000 2916000 14580000 87480000 437400000 
877566700 12
1 7 49 294 2940 23520 188160 188160 1693440 15240960 121927680 243855360 
266542456 11
5 20 60 420 1680 3360 23520 188160 1693440 6773760 40642560 
673012135 13
3 27 162 1620 4860 43740 218700 437400 2624400 7873200 7873200 39366000 393660000 
159171010 12
1 10 30 270 1890 17010 34020 306180 1530900 10716300 32148900 32148900 
249857201 13
1 7 14 140 1260 1260 10080 80640 403200 2419200 12096000 72576000 72576000 
359076993 12
4 32 256 1024 3072 27648 165888 165888 829440 4976640 19906560 119439360 
130816810 11
3 30 60 540 5400 43200 432000 432000 2592000 5184000 41472000 
593688689 14
2 8 16 32 192 1920 3840 11520 80640 403200 2822400 19756800 39513600 355622400 
514177523 12
2 6 54 324 2268 18144 145152 725760 6531840 45722880 274337280 274337280 
151926526 15
3 3 6 36 144 432 3888 3888 7776 7776 46656 466560 2332800 4665600 27993600 
349007484 13
1 9 27 135 1215 1215 1215 9720 97200 680400 5443200 32659200 65318400 
712473666 12
2 2 18 54 324 1296 9072 45360 181440 1814400 9072000 81648000 
230767433 13
1 3 21 147 441 3087 6174 55566 444528 889056 8001504 40007520 120022560 
388852060 13
5 40 320 960 1920 17280 17280 69120 414720 2488320 2488320 24883200 223948800 
705793764 13
1 10 10 70 140 1260 6300 37800 264600 1587600 6350400 25401600 228614400 
196991896 13
1 1 10 50 50 450 3150 6300 56700 510300 3572100 17860500 107163000 
348101096 16
1 6 6 24 120 120 1200 9600 9600 57600 172800 1209600 4838400 38707200 38707200 154828800 
733082045 13
3 15 30 210 1470 4410 22050 220500 220500 1102500 6615000 46305000 463050000 
87008620 11
3 15 105 630 1260 11340 79380 714420 6429780 12859560 51438240 
917986031 16
2 6 42 42 252 252 1764 15876 142884 428652 428652 1285956 5143824 10287648 92588832 833299488 
728546820 15
5 35 70 350 1050 9450 75600 75600 529200 4233600 4233600 4233600 4233600 33868800 237081600 
717771655 15
4 28 28 196 588 588 2940 14700 29400 294000 2940000 14700000 117600000 117600000 470400000 
972042497 15
2 16 64 640 5120 5120 10240 51200 409600 1228800 6144000 6144000 61440000 61440000 368640000 
930785115 15
5 40 40 80 800 4800 43200 43200 216000 1728000 12096000 24192000 193536000 580608000 580608000 
450056164 11
2 8 48 432 2592 18144 90720 362880 3265920 29393280 176359680 
385484034 16
2 6 18 54 108 324 1296 1296 12960 51840 207360 829440 1658880 16588800 132710400 132710400 
631173510 14
5 35 175 700 1400 8400 75600 75600 756000 3024000 27216000 27216000 27216000 190512000 
579355125 14
3 3 18 72 216 216 1080 3240 16200 129600 1036800 8294400 74649600 522547200 
247025461 11
5 35 245 2205 4410 44100 264600 529200 5292000 31752000 190512000 
975047891 15
3 24 168 168 168 1176 9408 37632 37632 301056 3010560 15052800 30105600 270950400 812851200 
296471824 11
5 5 45 180 1260 8820 35280 282240 1693440 16934400 169344000 
18297020 10
2 14 84 504 3024 6048 48384 290304 2903040 14515200 
150915620 13
5 10 30 150 900 1800 16200 64800 64800 583200 2332800 13996800 111974400 
272046092 12
4 28 224 2240 17920 89600 716800 4300800 43008000 129024000 258048000 258048000 
433496480 13
2 4 16 160 160 1280 3840 26880 80640 483840 2419200 19353600 154828800 
124276660 15
2 6 18 54 54 54 108 324 2916 17496 174960 699840 3499200 17496000 87480000 
700458156 14
4 16 128 1280 6400 6400 44800 313600 2195200 2195200 4390400 8780800 70246400 632217600 
74413781 12
1 3 9 54 324 972 6804 54432 54432 163296 1469664 10287648 
46145998 12
3 3 18 126 756 3780 30240 30240 151200 604800 5443200 10886400 
864327569 16
3 15 45 45 135 540 3240 16200 16200 16200 113400 793800 6350400 63504000 63504000 381024000 
538108093 11
5 45 360 2520 17640 105840 105840 423360 2540160 20321280 182891520 
674731577 15
1 4 32 160 1280 11520 103680 311040 1866240 5598720 16796160 100776960 100776960 201553920 604661760 
246885377 11
2 20 140 140 1400 9800 88200 705600 1411200 14112000 42336000 
470236151 15
4 4 16 144 864 1728 5184 31104 62208 186624 1492992 10450944 73156608 219469824 438939648 
165716966 11
4 24 24 168 1176 10584 84672 592704 2963520 17781120 106686720 
717962436 15
2 18 108 540 540 5400 27000 243000 243000 2187000 8748000 17496000 17496000 52488000 419904000 
754488729 12
2 18 108 216 864 5184 46656 466560 2799360 22394880 179159040 179159040 
846162726 14
1 8 32 128 512 4096 16384 49152 245760 983040 2949120 8847360 79626240 477757440 
501969163 12
2 6 60 600 600 4200 8400 50400 100800 1008000 7056000 70560000 
511022083 12
2 20 60 120 1080 6480 45360 181440 1088640 2177280 13063680 130636800 
389506600 10
5 20 80 400 2800 19600 176400 1587600 11113200 100018800 
445573587 12
5 30 270 270 1350 10800 97200 97200 874800 2624400 10497600 73483200 
543899994 12
5 5 30 30 240 1680 10080 100800 1008000 10080000 60480000 423360000 
889860831 14
5 35 140 700 700 3500 3500 3500 17500 122500 980000 2940000 20580000 164640000 
815492447 11
5 25 150 1350 9450 28350 255150 1530900 13778100 96446700 482233500 
201052582 14
3 9 54 270 1890 3780 3780 11340 56700 283500 850500 4252500 8505000 76545000 
990621265 13
1 7 14 42 336 2016 20160 161280 645120 1290240 9031680 90316800 903168000 
526404842 12
1 10 20 200 1000 8000 48000 336000 3360000 30240000 30240000 211680000 
127766224 12
2 16 64 64 192 384 1152 9216 92160 921600 6451200 45158400 
421157047 14
4 20 100 1000 9000 18000 162000 324000 648000 3888000 7776000 69984000 139968000 139968000 
874680836 13
4 28 56 560 3360 23520 23520 23520 188160 940800 7526400 67737600 270950400 
940069000 13
1 9 36 360 1800 7200 7200 64800 259200 1036800 10368000 93312000 466560000 
704482845 12
2 16 144 1008 6048 60480 544320 2177280 17418240 17418240 69672960 487710720 
515982527 13
1 6 60 360 360 3240 32400 64800 324000 1620000 6480000 19440000 155520000 
375939018 15
2 18 72 144 288 864 8640 8640 8640 8640 77760 311040 3110400 27993600 195955200 
667521958 13
5 45 45 180 720 2160 8640 43200 216000 1944000 17496000 174960000 174960000 
394632870 9
4 20 180 900 7200 72000 504000 4536000 45360000 
64166175 10
1 10 20 200 2000 16000 80000 320000 1920000 11520000 
798858052 14
2 16 48 288 1152 3456 17280 69120 414720 2073600 8294400 16588800 49766400 398131200 
68056776 9
4 28 196 1176 5880 52920 264600 1852200 14817600 
410583829 12
1 2 20 80 720 6480 32400 291600 1166400 2332800 9331200 55987200 
901056239 15
2 2 4 12 48 288 2880 5760 57600 345600 3456000 17280000 17280000 138240000 138240000 
489747810 11
2 14 56 504 3528 24696 222264 1111320 3333960 23337720 186701760 
148419228 15
1 6 12 108 864 5184 5184 10368 10368 31104 155520 311040 2488320 12441600 99532800 
429713538 15
4 36 360 360 1800 7200 7200 7200 14400 129600 1036800 5184000 41472000 290304000 290304000 
117168631 14
2 8 80 160 1440 4320 12960 25920 129600 1166400 3499200 13996800 41990400 41990400 
466381046 15
4 4 20 20 100 1000 1000 8000 16000 16000 80000 640000 6400000 6400000 64000000 
711861026 15
5 15 15 120 480 1440 14400 100800 907200 9072000 9072000 36288000 108864000 326592000 326592000 
240779977 11
3 18 54 540 3780 18900 132300 1058400 5292000 15876000 111132000 
343278259 12
5 30 150 150 150 1050 8400 33600 302400 2721600 5443200 48988800 
519470690 13
2 10 30 150 750 3750 26250 52500 472500 3780000 34020000 102060000 408240000 
967394524 13
4 32 96 480 1440 14400 28800 86400 864000 6912000 6912000 34560000 311040000 
589439401 12
1 7 49 392 1176 10584 42336 338688 1693440 3386880 30481920 91445760 
470439540 12
2 10 50 250 1500 4500 40500 405000 2025000 16200000 48600000 340200000 
907439227 11
1 9 36 324 2592 25920 181440 1088640 9797760 97977600 489888000 
400268757 12
4 36 108 756 3024 12096 72576 725760 6531840 13063680 65318400 65318400 
271142645 12
2 14 126 1134 5670 45360 408240 1632960 3265920 29393280 88179840 264539520 
511965270 13
3 3 21 84 336 2352 11760 70560 211680 1693440 3386880 33868800 237081600 
655925302 18
1 2 4 8 80 800 800 6400 25600 204800 1433600 12902400 12902400 64512000 64512000 193536000 387072000 387072000 
73579570 12
5 20 120 720 7200 28800 28800 201600 1008000 2016000 12096000 72576000 
273493477 12
4 36 144 1152 9216 36864 184320 552960 2211840 6635520 13271040 53084160 
874496908 13
4 36 36 144 144 432 4320 38880 388800 3499200 6998400 13996800 111974400 
578889345 13
4 20 100 600 1800 9000 9000 18000 72000 504000 3024000 18144000 181440000 
63818452 11
4 20 160 480 1440 14400 86400 518400 2073600 14515200 58060800 
559747923 14
1 7 35 175 1050 8400 75600 151200 756000 2268000 13608000 81648000 326592000 326592000 
724202755 11
4 24 72 648 4536 31752 254016 2286144 4572288 45722880 274337280 
811299951 13
3 9 90 720 7200 57600 172800 691200 2073600 4147200 8294400 49766400 348364800 
980134831 12
1 4 36 108 756 5292 52920 476280 3810240 22861440 160030080 800150400 
740904327 12
3 12 24 96 864 3456 17280 103680 311040 1244160 12441600 99532800 
491875868 14
2 2 6 60 360 1800 9000 36000 252000 252000 504000 3528000 31752000 285768000 
692965256 12
5 30 240 1200 1200 10800 108000 972000 1944000 13608000 95256000 571536000 
150517194 13
1 3 24 216 648 6480 64800 518400 2592000 10368000 31104000 31104000 124416000 
173335950 13
4 16 48 48 48 480 3840 19200 192000 1152000 4608000 4608000 41472000 
374010610 14
2 12 24 96 960 960 2880 5760 57600 230400 230400 1382400 11059200 55296000 
732971745 14
3 24 168 1176 2352 16464 148176 148176 889056 2667168 8001504 24004512 192036096 576108288 
248090464 15
5 5 40 40 160 1120 1120 8960 89600 179200 358400 716800 7168000 7168000 43008000 
950556843 14
5 30 180 180 1260 6300 6300 63000 630000 1890000 3780000 18900000 56700000 226800000 
35598597 11
2 12 60 240 2160 6480 38880 349920 1749600 15746400 31492800 
778575809 13
3 6 24 168 1008 9072 27216 244944 1714608 15431472 15431472 92588832 740710656 
141143079 13
2 4 32 64 576 576 4032 20160 120960 967680 8709120 8709120 52254720 
110498577 14
1 9 9 9 18 108 756 6804 27216 27216 244944 489888 4408992 44089920 
678048050 13
4 20 120 240 480 4800 9600 19200 153600 921600 6451200 32256000 225792000 
128663069 14
2 18 18 180 1620 1620 1620 6480 64800 129600 1166400 2332800 23328000 69984000 
379674107 13
4 8 8 24 216 864 5184 41472 248832 2239488 13436928 40310784 201553920 
378996748 10
4 20 80 800 6400 32000 320000 2560000 20480000 122880000 
205346475 11
4 24 24 192 1536 7680 69120 622080 4354560 4354560 34836480 
137549717 10
4 28 140 980 1960 19600 78400 470400 3763200 30105600 
741022271 12
2 14 70 630 3150 6300 25200 126000 252000 2268000 15876000 158760000 
754112051 13
1 10 70 490 980 5880 41160 411600 1234800 3704400 25930800 155584800 622339200 
998186704 16
1 2 18 18 180 1080 6480 51840 103680 725760 725760 4354560 4354560 8709120 26127360 261273600 
342577684 13
5 45 270 540 5400 10800 108000 216000 864000 3456000 27648000 27648000 221184000 
114321184 12
2 2 14 28 280 1120 10080 100800 504000 4032000 8064000 24192000 
810244725 13
3 21 147 294 294 2058 16464 32928 263424 2370816 7112448 64012032 256048128 
367579239 13
3 12 48 288 2016 8064 40320 40320 201600 1612800 14515200 87091200 261273600 
95896973 15
3 15 45 90 90 90 360 1080 9720 29160 145800 1312200 1312200 9185400 82668600 
864187229 11
5 35 315 2520 10080 80640 241920 1935360 15482880 123863040 743178240 
909607906 13
3 24 48 96 384 2304 9216 55296 497664 4478976 35831808 250822656 250822656 
140038521 11
5 15 45 180 1440 10080 20160 161280 806400 4032000 28224000 
729347197 13
5 20 120 1200 12000 12000 108000 324000 648000 2592000 25920000 181440000 181440000 
556797392 12
5 40 200 1400 5600 5600 50400 302400 1814400 14515200 29030400 261273600 
245215765 10
3 12 48 432 4320 34560 138240 1244160 11197440 67184640 
6256044 13
3 30 60 120 960 1920 3840 11520 11520 92160 92160 368640 2949120 
6989118 9
4 24 216 648 2592 15552 31104 217728 2177280 
979644781 15
3 27 162 972 6804 20412 81648 81648 163296 816480 1632960 3265920 19595520 97977600 391910400 
911257363 13
2 12 24 240 1200 3600 18000 108000 540000 4320000 4320000 34560000 241920000 
604210208 12
5 20 200 1000 2000 12000 108000 540000 3240000 9720000 19440000 194400000 
836091972 12
4 16 144 720 5760 23040 161280 1128960 1128960 10160640 30481920 182891520 
913639389 11
2 12 48 480 3840 11520 69120 483840 4354560 39191040 195955200 
231043150 14
5 10 20 120 360 1800 9000 63000 189000 189000 756000 6048000 54432000 108864000 
215954006 13
4 24 72 216 1944 1944 17496 17496 139968 419904 3359232 20155392 40310784 
801468668 14
2 2 20 80 320 2560 15360 122880 245760 983040 1966080 3932160 35389440 318504960 
49199184 12
2 18 18 126 126 756 6048 6048 24192 193536 1935360 11612160 
854529902 15
3 27 54 486 486 486 1944 7776 62208 622080 1866240 1866240 9331200 55987200 279936000 
95426875 12
5 35 175 525 3675 14700 73500 147000 147000 1176000 8232000 82320000 
710030849 12
5 30 180 900 6300 44100 264600 2381400 23814000 23814000 214326000 214326000 
808350288 14
1 6 6 30 270 1890 5670 28350 28350 283500 2268000 13608000 40824000 408240000 
115423337 12
2 18 54 324 1944 1944 19440 77760 544320 3810240 11430720 91445760 
786191943 13
3 27 135 405 1620 11340 113400 453600 1814400 3628800 29030400 116121600 348364800 
828762541 13
1 8 40 200 1800 10800 108000 432000 432000 864000 4320000 21600000 216000000 
687415851 12
4 28 84 84 420 3780 18900 189000 945000 5670000 17010000 136080000 
751042649 14
1 4 8 64 256 2304 4608 4608 32256 290304 2903040 5806080 58060800 174182400 
425009567 14
1 2 4 16 128 768 4608 23040 138240 276480 1658880 16588800 132710400 132710400 
156538799 12
2 2 6 48 480 3840 34560 103680 829440 4147200 8294400 74649600 
826943380 16
3 3 21 168 336 3360 10080 20160 100800 1008000 8064000 16128000 48384000 145152000 145152000 290304000 
201309456 12
2 16 80 480 3840 15360 61440 368640 2580480 7741440 15482880 154828800 
462385665 13
5 10 60 360 360 3600 25200 126000 126000 378000 2268000 22680000 90720000 
551816745 12
2 10 100 700 5600 50400 50400 201600 1612800 11289600 101606400 508032000 
144638651 14
1 7 28 168 1344 9408 18816 112896 790272 790272 1580544 4741632 14224896 71124480 
543015831 15
2 16 80 240 960 5760 5760 11520 80640 322560 1612800 6451200 64512000 322560000 322560000 
402188750 14
5 45 405 405 2430 12150 24300 24300 72900 291600 874800 4374000 26244000 183708000 
540567195 16
2 8 64 64 640 3840 7680 7680 15360 76800 537600 3763200 22579200 22579200 203212800 203212800 
89161770 11
2 2 14 42 294 2940 8820 79380 396900 2778300 13891500 
337724765 10
3 24 192 1728 12096 108864 870912 3483648 6967296 69672960 
835666989 17
3 18 108 324 1944 7776 38880 155520 155520 777600 777600 3888000 3888000 7776000 54432000 54432000 489888000 
345174927 11
2 16 128 768 4608 36864 73728 442368 3096576 24772608 173408256 
798846485 12
4 16 48 432 3456 34560 103680 414720 1658880 8294400 82944000 497664000 
572398774 14
2 18 126 252 1764 3528 28224 141120 282240 1411200 2822400 2822400 16934400 118540800 
766162933 11
5 15 75 675 5400 43200 302400 2116800 14817600 14817600 148176000 
150791416 13
2 2 14 98 196 1176 4704 14112 28224 197568 395136 3161088 31610880 
687402086 13
4 4 12 60 480 3840 34560 69120 552960 4423680 4423680 26542080 159252480 
718187240 14
4 28 252 1260 8820 52920 105840 846720 846720 5927040 11854080 47416320 142248960 711244800 
466366042 13
3 6 60 300 1500 10500 21000 84000 420000 2100000 6300000 31500000 189000000 
789294910 13
5 25 150 1050 5250 5250 15750 157500 630000 1890000 3780000 37800000 151200000 
549752545 12
4 36 324 2592 25920 207360 414720 2488320 14929920 74649600 74649600 223948800 
254442735 13
3 21 147 147 882 882 7056 28224 141120 1128960 7902720 55319040 55319040 
877842660 14
5 10 40 280 2240 4480 22400 112000 448000 2240000 20160000 20160000 201600000 604800000 
354699989 11
2 8 48 480 4800 38400 230400 460800 2764800 24883200 223948800 
939848378 12
2 14 112 784 4704 42336 42336 211680 1270080 5080320 45722880 137168640 
594397589 12
5 5 50 250 750 2250 18000 126000 1008000 8064000 64512000 516096000 
361913271 12
5 15 75 750 5250 21000 126000 504000 5040000 15120000 75600000 151200000 
70970337 12
2 12 72 288 1152 2304 9216 27648 165888 1492992 10450944 62705664 
295345115 12
2 10 40 160 1440 7200 43200 216000 864000 3456000 27648000 248832000 
309881121 12
5 10 40 40 400 2000 16000 80000 720000 1440000 12960000 51840000 
489353991 16
4 16 48 48 480 4320 21600 86400 345600 1728000 13824000 13824000 27648000 110592000 442368000 442368000 
939249178 14
3 30 150 1200 3600 18000 54000 540000 540000 1620000 4860000 4860000 38880000 349920000 
249390870 16
2 6 42 42 126 504 3024 18144 181440 1088640 6531840 6531840 58786560 58786560 117573120 235146240 
701138798 14
1 7 7 21 63 315 1575 7875 70875 496125 2976750 20837250 104186250 208372500 
807028947 14
4 40 400 400 1200 9600 76800 384000 1152000 3456000 17280000 17280000 69120000 414720000 
781856307 14
4 36 360 360 1080 4320 25920 181440 181440 725760 4354560 26127360 261273600 522547200 
490660061 16
4 4 40 40 120 600 6000 6000 54000 108000 324000 972000 3888000 31104000 31104000 155520000 
233686512 11
1 7 49 245 2450 9800 39200 392000 2744000 24696000 172872000 
331367496 15
5 35 315 630 4410 4410 22050 22050 220500 1543500 13891500 13891500 13891500 41674500 250047000 
797170336 13
5 5 30 150 1050 4200 42000 336000 2352000 7056000 56448000 338688000 338688000 
621415442 17
1 2 6 36 144 144 1008 10080 10080 80640 483840 483840 483840 2903040 14515200 87091200 522547200 
85006157 15
1 2 8 32 160 800 3200 12800 115200 115200 115200 115200 921600 5529600 16588800 
348943451 13
1 8 80 720 5040 10080 70560 282240 1128960 7902720 71124480 71124480 142248960 
830807873 11
5 50 400 2000 10000 40000 80000 640000 5760000 57600000 576000000 
568271614 13
1 8 48 144 1296 11664 23328 23328 163296 1632960 6531840 32659200 97977600 
588957634 12
1 3 24 120 1080 9720 58320 349920 1049760 10497600 20995200 83980800 
380108342 13
5 30 270 2430 14580 87480 349920 3499200 24494400 48988800 48988800 342921600 342921600 
491000419 10
5 25 100 900 7200 43200 345600 1382400 9676800 58060800 
658309701 15
2 2 16 48 288 2016 10080 10080 80640 241920 1935360 9676800 77414400 541900800 541900800 
635698019 12
2 18 36 288 288 1728 5184 46656 233280 2099520 18895680 151165440 
159959723 14
1 6 48 384 2304 6912 41472 82944 580608 3483648 3483648 3483648 20901888 125411328 
880631852 12
2 12 108 108 756 7560 75600 529200 3175200 9525600 66679200 666792000 
149094543 9
5 50 450 1350 6750 40500 405000 4050000 40500000 
177606008 12
4 32 96 384 3072 24576 221184 1769472 1769472 12386304 74317824 74317824 
826806083 14
3 9 81 243 1215 6075 24300 170100 340200 1701000 8505000 34020000 340200000 680400000 
454454802 14
4 8 16 64 64 384 3072 3072 15360 122880 983040 4915200 19660800 98304000 
986742604 15
1 2 20 120 720 4320 12960 25920 51840 311040 1866240 14929920 14929920 104509440 940584960 
603587185 17
1 2 16 16 48 144 1152 5760 40320 241920 967680 3870720 3870720 30965760 30965760 278691840 557383680 
820586936 11
4 36 252 2016 20160 201600 604800 4838400 33868800 101606400 406425600 
507565774 14
5 5 45 315 630 1890 3780 3780 26460 211680 1270080 12700800 12700800 88905600 
757355333 12
3 21 210 1260 12600 12600 25200 252000 2520000 7560000 15120000 136080000 
48441172 12
2 6 36 216 1080 4320 17280 103680 622080 3110400 21772800 43545600 
429883682 12
4 12 60 120 360 3600 28800 144000 720000 7200000 36000000 324000000 
912322016 13
4 4 40 120 1200 7200 50400 252000 756000 756000 7560000 52920000 476280000 
745090884 15
1 5 40 200 1600 3200 6400 12800 51200 51200 460800 3686400 25804800 206438400 412876800 
405317587 12
3 24 144 1152 2304 16128 80640 645120 1935360 15482880 154828800 309657600 
537992186 15
3 24 144 288 1440 4320 8640 69120 276480 1382400 1382400 8294400 24883200 223948800 447897600 
444880008 11
5 35 350 2450 9800 88200 705600 7056000 28224000 197568000 395136000 
652642202 13
2 10 80 320 640 3200 25600 204800 1433600 1433600 7168000 71680000 358400000 
681306366 15
5 45 225 1575 1575 7875 39375 118125 354375 2835000 2835000 8505000 76545000 459270000 459270000 
852306186 12
3 27 108 756 3780 26460 52920 105840 423360 3386880 13547520 108380160 
560425300 14
5 10 60 480 4320 17280 17280 51840 414720 1244160 8709120 60963840 304819200 304819200 
688915298 12
1 4 16 128 256 2304 16128 96768 483840 3870720 34836480 348364800 
224318171 17
2 14 84 84 84 336 336 3024 21168 21168 63504 444528 1333584 1333584 4000752 36006768 144027072 
626692145 11
4 28 84 756 6048 24192 120960 725760 7257600 29030400 116121600 
855492575 11
5 30 240 1920 15360 122880 122880 983040 5898240 53084160 530841600 
282685789 16
5 20 20 160 480 1920 13440 13440 26880 26880 241920 241920 967680 4838400 29030400 174182400 
844402468 11
5 25 250 1750 3500 24500 147000 1470000 13230000 79380000 555660000 
598226502 15
5 45 90 810 810 810 810 4860 34020 102060 714420 6429780 25719120 180033840 540101520 
865306930 13
5 40 320 1920 7680 53760 215040 1075200 5376000 5376000 32256000 96768000 580608000 
907627619 14
4 4 20 40 40 200 400 1200 12000 120000 600000 4800000 43200000 432000000 
403950387 12
3 30 300 600 4200 29400 147000 735000 7350000 7350000 66150000 66150000 
712899209 15
1 8 40 40 400 3600 10800 108000 540000 2160000 8640000 34560000 207360000 207360000 622080000 
667058265 11
5 40 320 2880 28800 28800 144000 1152000 8064000 72576000 580608000 
579389599 10
4 40 280 2520 22680 68040 680400 6123600 18370800 73483200 
93141480 12
2 14 56 112 448 2688 10752 96768 483840 1935360 11612160 46448640 
619276241 17
3 30 60 240 240 240 720 6480 64800 64800 648000 648000 2592000 2592000 2592000 15552000 62208000 
889808786 11
3 30 150 600 2400 24000 240000 960000 6720000 20160000 201600000 
83205690 16
2 14 14 112 336 336 3024 15120 30240 302400 1512000 1512000 3024000 24192000 24192000 48384000 
138141816 10
4 8 80 400 3200 16000 160000 1600000 6400000 25600000 
500836064 12
3 15 105 630 1890 13230 79380 396900 3969000 23814000 214326000 214326000 
652707249 16
1 3 27 135 405 4050 40500 324000 972000 972000 3888000 3888000 23328000 139968000 279936000 279936000 
523391582 15
2 18 90 450 1800 12600 37800 37800 151200 302400 1814400 7257600 29030400 29030400 261273600 
201301601 11
4 16 160 1600 8000 72000 216000 1296000 3888000 19440000 58320000 
771018938 14
1 3 24 96 96 192 1536 10752 107520 1075200 7526400 22579200 90316800 270950400 
414827156 12
2 10 50 250 1250 12500 50000 200000 1400000 4200000 33600000 134400000 
565054375 13
2 12 72 504 5040 15120 151200 151200 604800 5443200 48988800 244944000 244944000 
820264586 14
3 18 18 72 144 720 7200 57600 57600 115200 460800 3225600 32256000 258048000 
436527633 13
3 12 96 960 8640 34560 311040 311040 1866240 1866240 11197440 67184640 67184640 
642295018 12
3 24 216 648 5184 20736 145152 725760 2903040 11612160 81285120 568995840 
228589475 11
3 18 72 648 5184 46656 279936 2519424 17635968 17635968 123451776 
350146267 12
3 30 180 720 7200 57600 57600 518400 3110400 12441600 87091200 174182400 
83979640 11
3 15 75 675 2025 4050 16200 129600 907200 3628800 25401600 
841103328 15
1 5 20 20 60 300 2700 5400 54000 216000 864000 7776000 31104000 62208000 435456000 
426414533 16
5 40 400 800 3200 16000 48000 288000 2304000 18432000 92160000 368640000 368640000 368640000 368640000 368640000 
687281819 11
5 15 135 1215 3645 10935 109350 656100 3936600 35429400 354294000 
428962084 12
2 20 180 720 7200 14400 129600 777600 4665600 27993600 83980800 251942400 
26166536 11
1 5 50 350 2450 19600 58800 588000 3528000 3528000 7056000 
401743299 14
2 20 100 200 200 1200 9600 96000 384000 1152000 10368000 72576000 72576000 290304000 
327547531 12
3 24 168 1176 4704 9408 75264 150528 1204224 6021120 24084480 216760320 
935802497 17
1 3 6 42 84 756 756 1512 6048 48384 48384 435456 1306368 2612736 13063680 65318400 457228800 
701045762 12
3 15 90 90 900 6300 56700 170100 1020600 5103000 30618000 153090000 
940080427 19
3 27 27 27 270 2430 2430 2430 4860 4860 4860 48600 145800 583200 3499200 24494400 24494400 171460800 171460800 
576346464 13
2 4 24 240 480 4800 33600 201600 1008000 3024000 15120000 136080000 136080000 
200470083 13
1 10 50 100 1000 6000 12000 36000 252000 1512000 9072000 36288000 145152000 
39341409 13
5 25 150 150 900 2700 5400 37800 75600 680400 1360800 10886400 10886400 
257834602 17
1 2 8 56 56 448 4480 13440 67200 201600 1008000 1008000 8064000 16128000 112896000 112896000 225792000 
437643273 13
5 35 315 630 6300 63000 504000 1512000 15120000 30240000 30240000 30240000 272160000 
56802930 11
4 20 80 320 640 3200 25600 230400 1612800 3225600 29030400 
415538222 14
1 5 45 315 945 4725 23625 23625 165375 992250 1984500 7938000 71442000 142884000 
345195972 12
4 8 64 384 1920 3840 7680 76800 384000 3072000 24576000 73728000 
583870897 14
1 4 8 48 480 4800 19200 38400 192000 1728000 3456000 10368000 62208000 248832000 
396909612 13
4 20 100 400 3200 6400 12800 25600 128000 384000 1152000 10368000 103680000 
623234723 13
4 24 24 168 1680 13440 80640 725760 1451520 14515200 72576000 145152000 435456000 
377084674 15
2 12 84 252 504 504 3024 3024 12096 84672 338688 2709504 2709504 18966528 151732224 
646956035 11
3 3 30 240 2160 19440 155520 777600 6220800 55987200 335923200 
826013815 14
2 16 48 480 2880 2880 5760 40320 120960 967680 9676800 58060800 232243200 696729600 
2489540 8
5 5 20 180 1620 8100 64800 518400 
674094463 14
2 10 10 60 300 1800 1800 10800 43200 216000 1296000 11664000 58320000 408240000 
248089602 11
2 12 72 288 2880 25920 207360 1244160 11197440 44789760 179159040 
858986869 14
3 3 21 42 378 378 1134 4536 27216 272160 1360800 4082400 12247200 110224800 
748350909 13
1 4 36 288 576 2304 11520 69120 207360 622080 3110400 31104000 124416000 
963633104 14
5 10 70 420 4200 4200 16800 16800 84000 840000 6720000 26880000 107520000 215040000 
410526570 13
4 8 72 504 1008 8064 8064 40320 120960 967680 9676800 48384000 96768000 
976164586 15
5 10 40 160 1600 1600 4800 9600 57600 288000 1728000 8640000 34560000 69120000 691200000 
806218298 13
5 20 180 1440 2880 5760 34560 69120 414720 3317760 29859840 149299200 597196800 
291391399 16
1 6 36 36 36 180 180 540 3780 30240 302400 1209600 3628800 10886400 76204800 152409600 
892165388 12
1 7 70 420 3780 3780 11340 113400 1020600 10206000 91854000 275562000 
15215429 10
3 30 60 480 4800 9600 19200 38400 268800 2688000 
36859438 13
1 6 12 120 480 2400 4800 48000 192000 576000 4032000 8064000 32256000 
364424539 12
3 6 60 60 360 2160 10800 64800 518400 1036800 7257600 65318400 
186608861 12
4 20 140 1120 2240 4480 4480 17920 143360 1003520 5017600 35123200 
681329523 16
2 6 18 36 108 648 3240 6480 51840 51840 362880 1088640 8709120 34836480 139345920 557383680 
973260997 15
4 16 16 96 96 288 2592 7776 62208 373248 3732480 7464960 29859840 29859840 298598400 
126773938 12
4 8 80 80 480 1440 11520 92160 184320 1843200 12902400 64512000 
153896601 16
3 3 12 72 144 144 1296 7776 15552 15552 46656 419904 839808 5038848 15116544 75582720 
474803856 11
2 20 160 640 6400 38400 230400 1612800 4838400 33868800 304819200 
688181642 14
4 8 32 192 1344 1344 12096 120960 1088640 4354560 4354560 8709120 69672960 627056640 
231917508 10
3 9 81 810 5670 56700 396900 3969000 35721000 71442000 
290555837 12
3 21 126 756 7560 7560 68040 204120 1224720 6123600 18370800 91854000 
476616205 14
4 40 240 1200 9600 67200 67200 134400 1209600 2419200 2419200 12096000 12096000 96768000 
991520291 13
5 5 25 225 2025 4050 16200 129600 259200 518400 5184000 46656000 373248000 
666969619 11
5 20 200 1000 9000 54000 216000 1080000 6480000 32400000 194400000 
148297941 13
1 2 16 80 640 5760 28800 115200 1036800 4147200 20736000 41472000 124416000 
133805685 12
5 15 90 180 1620 1620 8100 64800 324000 1296000 6480000 51840000 
413744092 10
5 20 100 900 8100 56700 340200 1701000 10206000 61236000 
603593320 16
4 16 80 240 1680 11760 117600 117600 117600 588000 1176000 1176000 5880000 52920000 529200000 529200000 
793923576 13
4 40 120 480 1920 15360 30720 122880 737280 6635520 59719680 59719680 358318080 
657884241 13
1 1 6 30 210 840 3360 30240 151200 1512000 3024000 21168000 148176000 
798703490 12
2 18 54 540 4860 38880 194400 777600 5443200 32659200 228614400 457228800 
66410113 13
2 8 24 192 768 2304 6912 55296 55296 387072 1161216 10450944 31352832 
653582790 13
1 9 90 180 900 8100 40500 283500 2551500 10206000 10206000 20412000 204120000 
198203825 11
5 15 90 810 6480 58320 349920 1049760 3149280 28343520 56687040 
902538745 13
2 8 16 144 1296 5184 36288 326592 1959552 7838208 70543872 141087744 282175488 
839866527 13
5 10 20 120 240 720 7200 57600 57600 403200 2419200 16934400 152409600 
976469879 14
2 20 60 180 900 6300 6300 18900 189000 1701000 5103000 35721000 142884000 428652000 
13833218 10
5 15 60 540 2160 2160 21600 151200 1512000 13608000 
686519099 15
1 4 20 120 480 480 2400 19200 57600 57600 230400 1152000 4608000 27648000 110592000 
891410043 14
2 18 18 36 144 720 5040 20160 181440 1451520 4354560 30481920 213373440 426746880 
226921876 13
5 35 350 3500 7000 14000 70000 140000 700000 3500000 17500000 17500000 175000000 
464039210 12
1 8 48 240 2400 16800 168000 672000 3360000 10080000 40320000 80640000 
126060897 12
5 5 50 250 1250 8750 52500 210000 2100000 14700000 117600000 117600000 
857662225 12
5 40 160 960 960 8640 43200 259200 1296000 7776000 31104000 124416000 
994644202 15
4 24 120 240 720 5040 10080 40320 40320 241920 483840 3870720 38707200 77414400 464486400 
336262577 15
4 36 108 324 1296 1296 5184 20736 103680 933120 8398080 8398080 41990400 83980800 167961600 
288313902 15
5 30 120 480 960 5760 40320 161280 161280 1451520 4354560 8709120 17418240 156764160 156764160 
110295088 12
2 10 100 200 1000 5000 25000 50000 250000 1250000 2500000 22500000 
780392036 13
5 15 120 240 1680 1680 6720 26880 241920 2177280 13063680 91445760 182891520 
509428978 12
5 50 500 3500 28000 168000 1344000 1344000 4032000 16128000 112896000 451584000 
309449780 13
2 14 126 1260 1260 1260 8820 17640 158760 1428840 10001880 40007520 280052640 
667528467 10
5 30 270 2430 17010 170100 1701000 8505000 76545000 382725000 
703494665 11
4 28 196 980 1960 13720 82320 658560 3292800 23049600 184396800 
207701677 14
3 30 240 720 5760 5760 57600 172800 345600 2419200 7257600 14515200 43545600 87091200 
749790508 12
3 30 240 240 2400 14400 115200 576000 4608000 27648000 55296000 276480000 
59096799 10
4 20 160 480 2880 14400 86400 259200 2073600 14515200 
346086505 13
4 12 24 72 504 2016 10080 40320 201600 403200 2016000 10080000 100800000 
836555676 13
1 9 81 162 810 8100 16200 145800 1312200 6561000 39366000 157464000 314928000 
835083652 13
3 24 192 192 1920 17280 51840 311040 1244160 12441600 24883200 223948800 671846400 
216369746 14
3 6 6 30 300 300 1800 12600 25200 201600 1008000 10080000 40320000 120960000 
399743313 15
5 5 35 70 700 5600 16800 134400 268800 2688000 5376000 5376000 16128000 32256000 129024000 
3609289 9
1 7 14 140 1260 5040 35280 176400 882000 
304324752 12
1 5 45 135 1215 6075 30375 182250 1458000 5832000 29160000 291600000 
166407194 14
3 6 42 42 168 1680 6720 40320 201600 403200 2822400 11289600 112896000 112896000 
165201238 13
1 7 56 392 1176 7056 7056 14112 42336 338688 3048192 30481920 91445760 
250793426 15
2 12 48 144 576 2304 18432 55296 497664 1492992 10450944 10450944 20901888 41803776 83607552 
778777077 13
4 32 64 64 384 1920 15360 122880 983040 1966080 9830400 58982400 117964800 
697036172 17
2 6 18 90 630 5670 5670 34020 34020 306180 306180 3061800 3061800 6123600 6123600 30618000 214326000 
193371919 10
4 32 256 2304 4608 36864 221184 1990656 17915904 53747712 
860036826 12
5 50 450 1800 7200 43200 86400 172800 1036800 8294400 24883200 149299200 
98246547 12
4 36 36 216 648 5832 11664 69984 419904 419904 2519424 25194240 
970763617 13
3 24 216 1080 6480 64800 259200 1036800 4147200 33177600 33177600 165888000 165888000 
104160032 14
2 6 24 24 192 384 384 1536 9216 82944 580608 1741824 12192768 85349376 
930448218 11
1 7 70 350 1750 12250 24500 147000 1470000 11760000 105840000 
294613090 11
3 18 180 720 6480 25920 233280 2332800 4665600 46656000 93312000 
362616545 13
2 6 6 54 486 4374 34992 209952 1049760 9447840 18895680 18895680 94478400 
120287010 16
2 14 14 98 490 3920 7840 31360 94080 282240 2822400 2822400 5644800 5644800 11289600 56448000 
480618199 11
5 35 315 2520 17640 123480 617400 2469600 9878400 59270400 355622400 
165632135 13
5 45 180 1080 1080 1080 3240 25920 103680 829440 2488320 14929920 104509440 
915050844 13
4 36 252 1008 5040 30240 60480 302400 1814400 1814400 7257600 72576000 290304000 
504674790 10
5 45 180 1260 11340 90720 362880 3265920 32659200 195955200 
958960705 17
5 20 180 180 360 1080 1080 1080 1080 6480 45360 317520 3175200 6350400 12700800 127008000 889056000 
245611045 13
3 15 150 600 4800 28800 57600 403200 403200 403200 3225600 22579200 203212800 
898825512 17
2 18 90 270 270 1350 6750 13500 13500 27000 270000 2700000 13500000 40500000 40500000 40500000 202500000 
211556666 10
5 30 240 960 2880 28800 86400 345600 3456000 34560000 
478198836 13
5 20 60 480 3840 19200 153600 460800 4608000 4608000 23040000 69120000 138240000 
173996314 10
2 8 48 432 3888 38880 194400 777600 7776000 77760000 
89027800 12
4 8 16 160 640 640 5760 40320 201600 1209600 8467200 76204800 
924845197 12
4 40 320 1600 3200 28800 57600 576000 1728000 15552000 155520000 466560000 
967717816 11
4 32 288 1728 10368 72576 653184 4572288 36578304 73156608 658409472 
644993532 14
1 3 9 63 252 2016 14112 42336 296352 296352 2074464 10372320 20744640 124467840 
811876145 13
5 30 90 810 810 810 6480 38880 311040 1866240 9331200 65318400 261273600 
376078509 12
5 5 50 500 2000 16000 48000 144000 576000 4032000 36288000 217728000 
806932008 11
5 45 45 270 2700 21600 172800 172800 1382400 13824000 138240000 
302228403 15
5 25 50 300 3000 3000 6000 18000 18000 18000 108000 864000 4320000 43200000 86400000 
451623714 13
5 45 360 2160 17280 138240 138240 967680 4838400 4838400 33868800 169344000 338688000 
796759148 17
5 5 15 15 90 180 180 1440 8640 25920 259200 777600 777600 5443200 10886400 43545600 435456000 
507376381 14
4 28 252 252 1764 1764 17640 17640 52920 317520 1587600 7938000 31752000 190512000 
386241496 14
1 8 8 72 72 720 5040 15120 136080 1224720 6123600 30618000 30618000 306180000 
799429066 14
5 20 100 500 2000 2000 16000 48000 144000 1440000 1440000 14400000 57600000 345600000 
500481916 12
4 12 60 60 180 900 9000 81000 729000 7290000 58320000 233280000 
404129266 11
5 15 60 240 1920 15360 138240 552960 5529600 44236800 265420800 
49245437 12
2 16 64 192 576 5760 5760 40320 161280 483840 4838400 48384000 
811984838 13
3 27 81 405 1620 1620 6480 38880 194400 1944000 11664000 23328000 233280000 
516937061 12
4 28 168 1008 3024 12096 12096 60480 483840 4838400 33868800 169344000 
463545715 12
1 4 28 112 336 1680 15120 120960 967680 8709120 26127360 156764160 
303757267 12
4 4 36 108 108 216 1944 11664 104976 419904 3779136 34012224 
70300965 11
4 40 360 1800 12600 12600 100800 403200 2016000 4032000 40320000 
300531477 14
1 8 40 160 800 8000 72000 504000 4032000 8064000 56448000 56448000 112896000 225792000 
392185063 12
2 6 42 378 1134 6804 47628 333396 1000188 7001316 42007896 336063168 
231525775 12
2 14 126 1008 6048 24192 72576 725760 3628800 3628800 29030400 116121600 
353536742 14
1 4 32 320 640 2560 10240 102400 204800 1228800 8601600 86016000 172032000 172032000 
389665713 15
2 16 16 80 400 4000 8000 16000 48000 288000 1152000 10368000 93312000 93312000 186624000 
97328878 11
4 28 28 224 2240 11200 11200 100800 806400 4838400 33868800 
854220617 12
4 32 128 896 6272 37632 37632 112896 564480 2822400 14112000 127008000 
430454424 10
3 21 210 2100 21000 84000 672000 5376000 21504000 150528000 
513112600 12
5 35 245 1960 7840 31360 156800 627200 627200 6272000 62720000 439040000 
651863074 14
1 2 20 100 600 6000 36000 108000 756000 4536000 18144000 145152000 145152000 290304000 
638383395 13
1 8 32 192 1344 1344 6720 13440 53760 483840 2903040 17418240 174182400 
576230430 12
4 16 80 400 2000 18000 180000 900000 6300000 25200000 75600000 302400000 
46243122 15
2 8 8 56 56 448 448 3584 21504 64512 129024 1032192 6193152 12386304 37158912 
764681369 15
1 7 42 294 1176 3528 3528 14112 56448 395136 3951360 31610880 31610880 94832640 663828480 
143258891 14
3 21 21 189 1134 3402 20412 40824 204120 2041200 18370800 36741600 36741600 110224800 
491166077 17
4 4 8 80 320 1280 2560 20480 143360 143360 1290240 5160960 5160960 20643840 41287680 123863040 123863040 
8024376 10
1 1 4 32 224 1568 7840 47040 329280 1975680 
354208257 13
4 40 40 360 1080 10800 54000 324000 1296000 5184000 10368000 41472000 82944000 
747101800 11
4 20 180 1620 12960 116640 466560 3732480 14929920 44789760 268738560 
