50
770663532 996878292 931443807 324486786 190700057 145446132 871394957 118932726 840255144 789589839 881873668 465863117 460744973 172918840 859429596 981301312 961180999 379984812 593765200 698352043 224614049 971657418 660912227 3542844 214934041 602464206 507211016 608057423 628293393 931671030 562567057 864210385 263041835 63864613 89210170 862418229 322733742 296568470 783910497 642579344 322175384 780466976 734815598 337824298 165930621 277718404 594104343 137178825 559373599 435515775 
100
35 41
14 38
25 38
32 37
35 46
28 50
14 36
13 43
21 43
2 37
14 40
3 27
43 44
12 42
2 49
1 13
48 49
16 42
9 38
4 46
5 21
41 49
26 30
29 50
28 32
4 15
1 13
14 21
16 23
36 49
22 48
3 33
23 28
12 32
32 39
39 40
16 38
17 45
21 44
3 11
25 48
47 48
13 25
8 19
42 50
37 39
13 47
23 30
36 42
8 37
2 23
28 30
44 45
10 33
2 14
16 26
23 28
11 19
30 32
19 21
13 42
26 37
23 48
4 5
21 41
24 49
25 29
15 21
15 25
32 36
17 21
28 40
11 40
20 20
3 32
12 26
9 10
21 41
15 22
13 23
20 26
4 13
25 29
7 8
4 19
15 16
14 33
35 44
34 46
8 29
6 33
23 36
17 39
33 44
18 47
34 36
30 42
10 25
23 34
30 50
