0
0
134221824
0
0
0
0
0
0
0
0
0
0
0
0
0
0
0
0
0
0
0
0
0
0
0
0
0
0
0
0
0
131074
0
0
0
0
0
0
0
0
0
0
0
0
0
4325376
0
0
0
0
0
0
0
0
0
0
0
0
0
0
0
0
0
0
0
0
0
0
0
0
0
0
8663312
278399717
0
0
0
0
0
0
0
0
0
0
0
0
0
0
2097160
268456000
0
0
0
0
0
603979776
0
0
0
0
0
0
0
0
0
7352952
0
0
0
268435600
0
0
0
0
0
0
0
35651584
0
0
0
0
0
0
0
0
143655938
0
0
0
8
0
0
0
536879105
0
0
0
0
0
0
0
0
0
537081921
0
0
0
0
0
0
0
0
0
0
0
0
0
0
0
0
0
36864
0
0
0
0
0
0
0
0
0
0
0
0
0
0
0
0
0
0
0
33630336
0
0
0
0
0
0
0
0
256
0
0
0
0
0
0
0
