100
318266934 774496067 380962960 795140096 886190310 567880439 42283442 483146580 963581411 496012243 732811836 779891014 787411722 853137713 841457166 41391424 155709573 320431582 199086603 885309085 252107087 776836987 420501648 728638721 773931864 285983682 474441346 678631731 787921416 189163622 789743617 7352952 277152114 530659990 122777064 851684571 98455567 776364180 631833821 655909931 390937894 778021700 534927313 6301441 262972763 76098107 241556285 791203358 833032184 639787644 128744856 497722779 205398797 168386832 205391442 103942569 59234242 925799123 483614910 416820981 851102439 731096862 417072187 182449798 768073950 453072127 986570607 852523221 282775882 640629495 675493961 848093985 748492382 486334907 801133672 843629947 149534248 52798852 498153836 437753819 196653760 231421572 622434193 511203352 307263205 511058007 359191315 419300377 562775563 313873669 710788060 339201739 630064247 869988358 893667124 663264248 534198102 673903175 672106722 656546355 
200
15 39
31 99
79 82
52 61
19 52
13 30
28 74
58 89
58 63
73 88
76 90
53 83
8 71
4 40
46 55
33 73
16 46
15 96
45 62
60 80
29 62
32 50
24 79
73 89
29 53
20 60
1 79
9 29
56 80
21 26
27 38
26 68
97 100
33 38
38 60
21 100
6 66
3 14
26 36
6 46
59 81
3 72
33 75
20 40
11 74
30 45
36 38
33 61
53 73
55 79
34 92
2 82
54 60
3 32
34 43
19 57
7 20
21 55
8 47
34 48
63 81
6 12
30 93
21 71
35 41
35 50
18 28
76 88
60 67
34 46
13 30
23 89
60 93
7 8
60 61
64 77
46 82
71 94
66 83
55 70
4 58
35 60
13 75
2 65
64 100
37 54
36 95
33 54
13 63
49 53
66 69
56 68
42 53
7 44
9 89
71 81
38 40
35 58
35 94
53 67
27 77
39 72
9 63
20 36
46 57
9 41
32 32
10 27
77 95
48 79
58 60
51 66
25 55
12 50
17 70
2 62
48 70
21 83
1 4
35 94
51 57
21 81
9 49
24 33
57 88
26 79
43 88
62 64
51 72
53 91
8 87
18 21
68 92
32 39
43 66
71 72
6 70
15 22
75 85
35 76
57 92
22 80
15 63
3 25
12 28
70 71
18 82
73 96
39 51
39 66
17 52
57 73
43 85
64 98
49 60
23 39
74 95
19 93
75 85
14 29
47 83
4 69
30 92
13 17
43 79
71 89
14 98
12 87
17 20
3 77
21 91
68 98
31 88
14 87
5 25
33 47
21 61
27 85
2 96
58 68
26 81
8 42
19 83
34 36
3 46
32 42
3 38
27 50
78 90
24 90
13 63
66 77
24 26
30 52
27 70
29 84
50 69
19 34
37 97
61 80
