-1
-1
-1
-1
-1
-1
-1
-1
-1
-1
-1
-1
-1
-1
-1
-1
-1
-1
-1
-1
-1
-1
-1
-1
-1
-1
-1
-1
-1
-1
-1
-1
-1
-1
-1
-1
-1
-1
-1
-1
-1
-1
-1
-1
-1
-1
-1
-1
-1
-1
-1
-1
-1
-1
-1
-1
-1
-1
-1
-1
-1
-1
-1
-1
-1
-1
-1
-1
-1
-1
-1
-1
-1
-1
-1
-1
-1
-1
-1
-1
-1
-1
-1
-1
-1
-1
-1
-1
-1
-1
-1
-1
-1
-1
-1
-1
-1
-1
-1
-1
-1
-1
-1
-1
-1
-1
-1
-1
-1
-1
-1
-1
-1
-1
-1
-1
-1
-1
-1
-1
-1
-1
-1
-1
-1
-1
-1
-1
-1
-1
-1
-1
-1
-1
-1
-1
-1
-1
-1
-1
-1
-1
-1
-1
-1
-1
-1
-1
-1
-1
-1
-1
-1
-1
-1
-1
-1
-1
-1
-1
-1
-1
-1
-1
-1
-1
-1
-1
-1
-1
-1
-1
-1
-1
-1
-1
-1
-1
-1
-1
-1
-1
-1
-1
2030
-1
49732
-1
-1
4409
-1
-1
-1
-1
-1
-1
-1
-1
-1
-1
-1
-1
-1
-1
-1
-1
-1
-1
-1
-1
-1
56264
-1
-1
-1
-1
-1
-1
-1
-1
-1
-1
77486
-1
-1
-1
-1
-1
-1
-1
-1
-1
-1
-1
-1
-1
-1
-1
-1
-1
-1
-1
-1
-1
-1
-1
-1
-1
-1
-1
-1
-1
-1
-1
23602
-1
-1
-1
-1
-1
-1
-1
-1
-1
66229
-1
-1
-1
-1
-1
-1
-1
-1
-1
-1
-1
-1
-1
-1
-1
-1
-1
-1
-1
-1
-1
-1
88189
-1
-1
-1
-1
-1
-1
-1
-1
-1
-1
-1
-1
-1
-1
-1
-1
15422
-1
-1
-1
-1
-1
-1
-1
-1
-1
-1
-1
-1
-1
-1
-1
-1
-1
-1
-1
-1
-1
-1
-1
-1
-1
-1
-1
-1
-1
-1
-1
-1
-1
-1
-1
-1
-1
-1
-1
-1
-1
-1
-1
-1
-1
-1
-1
-1
-1
-1
-1
-1
-1
-1
-1
60598
-1
-1
-1
79633
-1
-1
25745
-1
-1
-1
-1
-1
-1
-1
-1
-1
-1
-1
-1
-1
-1
-1
-1
-1
-1
-1
-1
-1
-1
-1
-1
-1
-1
-1
-1
-1
-1
-1
-1
-1
-1
-1
-1
-1
-1
89083
-1
-1
-1
-1
-1
-1
-1
-1
-1
29767
-1
-1
-1
-1
-1
-1
-1
-1
-1
-1
-1
-1
-1
-1
-1
-1
-1
10034
76538
-1
84579
-1
-1
-1
-1
-1
-1
-1
-1
-1
-1
-1
-1
-1
-1
-1
-1
-1
-1
-1
-1
-1
32311
-1
-1
14085
-1
-1
-1
-1
-1
-1
-1
-1
-1
-1
-1
53066
84446
-1
80015
-1
-1
-1
-1
-1
-1
-1
-1
18793
-1
-1
45448
-1
-1
12499
-1
-1
-1
71493
-1
-1
-1
-1
-1
-1
77486
-1
-1
-1
-1
-1
-1
-1
-1
-1
-1
-1
-1
-1
23579
-1
-1
-1
-1
-1
-1
-1
-1
-1
-1
-1
-1
-1
45990
-1
-1
-1
-1
-1
59461
-1
-1
-1
46000
-1
-1
-1
38490
-1
-1
-1
-1
-1
-1
-1
-1
-1
-1
-1
-1
-1
-1
-1
-1
-1
-1
-1
86746
-1
-1
-1
-1
45285
-1
84915
-1
-1
-1
40991
-1
-1
-1
-1
-1
-1
-1
-1
-1
5427
-1
-1
-1
-1
-1
-1
-1
-1
-1
-1
-1
-1
-1
-1
-1
-1
30524
22375
-1
-1
-1
-1
33764
-1
80328
72945
-1
-1
-1
-1
-1
-1
-1
-1
-1
-1
-1
90626
-1
-1
-1
-1
97959
-1
72526
-1
-1
-1
-1
37786
-1
-1
-1
-1
-1
-1
-1
12253
-1
-1
-1
-1
-1
-1
-1
-1
-1
-1
-1
-1
-1
-1
-1
-1
-1
-1
-1
-1
-1
-1
-1
-1
-1
-1
-1
-1
32502
-1
-1
76927
-1
-1
-1
-1
-1
-1
-1
-1
-1
-1
8765
-1
-1
-1
-1
-1
-1
-1
-1
-1
90885
-1
-1
-1
-1
56179
-1
-1
-1
-1
55578
-1
-1
-1
-1
-1
-1
-1
-1
-1
-1
-1
-1
-1
-1
-1
-1
-1
-1
-1
-1
-1
73903
-1
-1
-1
-1
-1
-1
71595
-1
-1
-1
-1
-1
-1
-1
-1
-1
-1
-1
90814
-1
61073
-1
-1
-1
-1
-1
-1
-1
-1
-1
-1
-1
28913
-1
-1
-1
-1
-1
-1
-1
-1
-1
44024
32748
-1
-1
-1
-1
-1
-1
48516
-1
-1
-1
86398
-1
-1
-1
-1
-1
-1
19435
89951
-1
-1
18618
11056
-1
-1
43031
-1
-1
-1
-1
-1
-1
-1
-1
-1
-1
-1
-1
-1
-1
-1
-1
-1
-1
186
3744
-1
86893
-1
-1
9623
-1
-1
-1
-1
-1
-1
-1
-1
-1
-1
-1
-1
-1
-1
-1
-1
-1
-1
-1
-1
-1
-1
-1
-1
33259
-1
63523
98108
-1
-1
-1
-1
95242
-1
-1
81566
-1
37038
-1
-1
-1
-1
-1
-1
4745
-1
-1
-1
-1
-1
-1
-1
-1
-1
-1
-1
-1
-1
7205
10177
-1
-1
-1
-1
-1
85061
-1
83393
-1
-1
-1
-1
-1
-1
-1
-1
-1
-1
-1
-1
-1
-1
-1
-1
-1
34583
-1
-1
10591
-1
-1
-1
-1
-1
-1
99388
-1
-1
-1
-1
-1
-1
42830
-1
-1
-1
-1
-1
-1
-1
-1
-1
-1
-1
-1
-1
40252
-1
-1
-1
-1
-1
-1
-1
-1
-1
-1
-1
-1
-1
-1
66288
-1
-1
-1
-1
-1
4986
72605
-1
75826
-1
-1
-1
-1
-1
-1
-1
25901
99182
12030
-1
-1
66374
32377
-1
-1
53457
-1
-1
-1
95440
-1
61479
-1
-1
18866
-1
-1
56631
-1
-1
-1
-1
35047
-1
-1
-1
-1
-1
-1
-1
-1
-1
-1
-1
-1
-1
-1
-1
-1
-1
-1
-1
-1
-1
-1
-1
-1
-1
-1
-1
-1
-1
57051
-1
98101
-1
-1
-1
-1
-1
-1
-1
-1
-1
-1
-1
-1
-1
9212
-1
-1
26512
-1
81663
-1
-1
-1
-1
-1
-1
65392
37417
-1
-1
-1
-1
-1
-1
44458
-1
86361
-1
-1
-1
-1
-1
-1
-1
-1
-1
-1
-1
-1
-1
-1
-1
31466
-1
89310
-1
-1
-1
-1
-1
-1
-1
-1
85737
-1
-1
2532
-1
63548
-1
-1
-1
93494
37148
-1
-1
67056
-1
-1
-1
-1
-1
21046
-1
-1
52891
5582
-1
53696
57726
-1
-1
-1
-1
-1
-1
-1
-1
71456
-1
-1
-1
-1
-1
-1
-1
-1
-1
49494
-1
43783
31380
-1
-1
-1
-1
-1
-1
-1
-1
-1
-1
-1
-1
-1
-1
61780
-1
-1
-1
82810
-1
40809
-1
-1
-1
-1
-1
84197
83130
6295
-1
61468
-1
-1
-1
-1
-1
98859
-1
-1
-1
54242
-1
-1
-1
-1
-1
96697
56967
-1
-1
-1
-1
-1
-1
-1
-1
-1
-1
92955
-1
6487
65592
66893
-1
-1
-1
-1
-1
-1
-1
-1
67570
-1
-1
71528
91607
-1
717
98145
-1
39965
-1
-1
-1
-1
-1
41635
-1
-1
20354
-1
-1
31274
-1
-1
-1
-1
-1
-1
-1
-1
-1
-1
-1
-1
-1
-1
-1
55260
-1
43414
3710
94155
-1
-1
-1
60100
-1
-1
-1
-1
-1
-1
-1
-1
-1
-1
76226
-1
92884
-1
-1
-1
-1
99532
-1
-1
82731
-1
-1
-1
-1
-1
-1
-1
-1
38382
-1
-1
-1
-1
77365
-1
-1
-1
-1
-1
-1
-1
-1
-1
-1
-1
-1
-1
-1
-1
53735
34658
-1
-1
-1
-1
-1
-1
-1
-1
-1
-1
-1
-1
-1
-1
-1
-1
-1
18786
-1
50129
-1
48799
-1
-1
-1
-1
-1
-1
-1
16084
-1
-1
-1
-1
-1
92847
27849
-1
23478
-1
-1
-1
-1
50630
-1
-1
-1
55620
36320
-1
40261
-1
30653
-1
-1
-1
-1
-1
-1
-1
-1
-1
-1
-1
-1
-1
19139
-1
-1
-1
19533
-1
90797
-1
-1
-1
-1
42798
-1
-1
-1
-1
-1
-1
-1
-1
-1
77493
-1
98035
-1
-1
-1
-1
29035
-1
14534
-1
-1
-1
-1
-1
9171
-1
-1
-1
61251
-1
-1
-1
-1
-1
19257
12788
-1
13677
-1
-1
-1
95447
-1
-1
-1
-1
-1
-1
-1
-1
-1
40751
-1
-1
-1
-1
-1
42260
-1
-1
84900
-1
-1
50927
-1
-1
-1
-1
64019
-1
-1
-1
-1
-1
50586
21338
-1
-1
-1
-1
38050
-1
-1
-1
41086
-1
29449
-1
-1
-1
44975
-1
26380
29692
-1
-1
82119
-1
-1
-1
-1
32225
-1
-1
-1
-1
-1
-1
-1
-1
32068
-1
-1
-1
-1
-1
-1
-1
55657
-1
-1
56008
-1
-1
-1
-1
-1
-1
-1
-1
-1
-1
-1
43898
-1
-1
68425
-1
-1
-1
-1
-1
23862
25832
-1
-1
-1
-1
35792
-1
-1
45742
-1
-1
-1
-1
-1
-1
15552
-1
-1
-1
-1
-1
89559
-1
-1
-1
-1
-1
-1
-1
66576
92265
74285
-1
-1
-1
-1
-1
-1
51319
42426
-1
-1
-1
-1
-1
-1
74489
-1
-1
-1
-1
-1
-1
-1
17623
-1
-1
-1
-1
-1
-1
-1
-1
-1
-1
-1
78592
-1
61754
17999
-1
-1
-1
12440
-1
-1
-1
-1
-1
48744
-1
-1
-1
-1
55123
58886
-1
489
19834
-1
-1
-1
72881
-1
21634
-1
-1
-1
-1
16492
-1
-1
-1
89251
3866
69280
-1
65946
-1
-1
10583
-1
-1
58413
-1
-1
-1
-1
-1
-1
83972
36109
69020
-1
-1
-1
-1
53668
35409
-1
-1
96209
-1
-1
87115
-1
-1
-1
-1
-1
-1
-1
-1
17123
-1
87427
-1
-1
80139
-1
-1
-1
-1
-1
-1
-1
-1
45633
81012
21819
79511
-1
-1
-1
95257
-1
-1
70
-1
96703
-1
-1
-1
73901
-1
-1
-1
-1
29369
64700
-1
-1
-1
-1
-1
-1
35566
-1
65363
-1
-1
58275
-1
-1
67060
-1
-1
10093
-1
-1
-1
-1
-1
28112
-1
92251
84783
-1
-1
65244
-1
-1
-1
-1
-1
-1
-1
-1
-1
-1
-1
-1
-1
-1
-1
96271
-1
-1
-1
751
-1
-1
-1
7483
-1
-1
69933
-1
-1
33674
47302
-1
-1
-1
71183
79802
-1
-1
79368
-1
-1
-1
-1
-1
-1
-1
-1
14338
-1
1033
50741
94352
2632
-1
55006
441
-1
-1
-1
-1
-1
-1
-1
-1
92942
-1
80427
-1
-1
-1
-1
-1
82117
90135
-1
-1
-1
-1
52053
-1
-1
-1
-1
-1
20679
-1
-1
-1
-1
31769
-1
-1
-1
-1
-1
-1
-1
-1
99439
-1
46512
-1
89378
-1
61411
-1
98648
54390
-1
-1
-1
-1
-1
-1
52474
-1
-1
-1
-1
-1
79719
57173
-1
-1
60272
96316
45411
40111
19300
-1
25246
-1
-1
-1
52317
-1
15487
-1
15014
-1
-1
-1
-1
90799
-1
-1
-1
-1
-1
29869
-1
-1
-1
-1
-1
-1
-1
42314
84398
-1
-1
3337
-1
-1
-1
-1
55827
5789
-1
-1
-1
25712
-1
-1
-1
-1
-1
-1
-1
-1
-1
-1
81005
-1
21895
-1
76485
49815
65849
-1
66419
97007
-1
45804
-1
42015
7370
-1
-1
86094
-1
58386
-1
-1
-1
-1
-1
-1
-1
-1
66343
-1
