1000
2 980
1 679
1 176
2 721
1 825
1 767
1 672
2 324
2 660
2 338
1 136
1 667
2 419
1 689
1 176
1 211
1 114
2 908
1 93
2 680
2 495
1 509
2 836
2 169
2 363
2 67
1 280
2 364
2 309
2 971
1 424
1 344
1 70
2 177
1 582
1 783
1 358
2 241
1 122
1 392
1 267
2 687
2 896
1 947
1 806
1 40
1 98
1 470
1 689
2 34
2 558
2 345
1 107
2 813
1 698
1 416
1 366
1 861
1 856
2 817
2 76
1 593
1 295
1 692
2 412
1 253
1 245
1 588
1 238
1 282
1 308
1 251
2 503
1 286
2 622
1 722
1 661
1 222
2 728
2 290
2 342
1 812
1 194
1 288
2 151
2 719
2 970
2 482
1 784
2 534
1 572
1 806
1 922
2 891
2 292
1 492
2 777
2 570
2 53
2 754
2 129
1 12
1 144
1 275
1 612
1 37
2 415
1 120
1 221
1 337
2 894
1 848
2 482
1 992
1 977
1 737
1 568
1 555
2 593
2 991
2 989
2 740
2 572
2 91
2 572
1 655
1 606
1 487
2 270
3 620
1 575
2 703
2 808
2 205
2 86
2 956
1 925
1 828
3 257
1 640
1 696
2 293
2 500
2 739
2 609
1 719
2 418
3 676
2 30
2 977
1 427
1 540
2 331
1 848
2 989
2 767
2 485
1 689
2 542
1 458
1 841
2 684
1 949
1 187
1 240
2 796
1 799
1 369
2 405
2 419
2 407
2 781
1 949
1 579
1 599
2 344
2 916
1 402
1 738
1 545
2 103
1 347
2 378
1 733
2 635
1 527
2 688
2 635
1 479
2 830
1 953
1 868
2 903
2 787
1 209
1 673
1 374
1 915
2 86
1 885
2 149
2 112
2 421
2 824
1 663
2 327
2 529
1 187
2 167
1 776
2 8
1 389
1 819
2 836
2 301
2 327
1 186
2 638
2 535
2 208
2 818
2 165
2 785
1 129
1 380
2 678
1 704
1 473
1 721
1 777
2 84
1 822
1 892
2 227
2 272
2 327
2 672
2 786
1 546
1 759
1 522
1 664
1 853
2 98
1 148
1 650
2 680
2 851
3 282
2 701
2 215
2 993
2 870
1 694
2 396
2 43
1 239
2 494
2 546
2 720
1 169
1 627
1 191
2 123
2 258
1 376
1 202
2 710
2 202
1 189
2 206
1 218
2 289
1 238
2 7
2 231
1 325
1 727
1 687
2 339
1 24
1 416
1 786
2 999
2 879
2 288
1 770
2 231
1 568
2 596
1 425
1 101
1 36
2 968
1 380
1 17
2 725
2 332
2 260
1 201
2 869
2 925
2 992
2 400
3 975
2 485
1 525
2 851
1 116
2 633
2 829
2 602
1 433
2 414
1 968
1 182
1 453
1 178
2 965
2 356
1 275
2 689
1 777
1 711
1 710
2 442
2 345
2 442
1 681
2 821
1 173
2 835
2 165
2 421
1 940
1 68
2 320
1 718
2 647
1 691
2 123
1 597
2 527
1 596
2 597
2 206
1 474
2 745
1 52
1 119
2 645
1 910
1 645
2 411
2 406
1 703
2 937
1 699
2 41
2 374
2 414
1 757
1 971
1 229
1 371
2 70
2 236
2 683
1 309
2 875
2 898
1 594
1 229
2 352
2 290
1 258
2 8
1 294
2 867
1 704
1 572
1 308
1 103
1 390
2 434
1 477
1 194
1 220
2 714
2 690
2 648
2 58
2 313
1 985
2 576
2 120
1 461
2 657
1 768
1 974
1 663
2 236
2 871
1 277
1 378
1 292
1 617
2 32
2 404
2 811
2 56
2 830
2 60
2 430
1 884
1 380
1 556
2 753
1 773
1 67
1 51
1 232
2 410
2 947
2 983
1 848
2 39
1 257
1 514
1 277
1 145
2 295
2 974
2 830
2 132
2 952
1 309
1 848
1 798
2 235
2 903
1 169
1 110
2 390
1 462
1 373
1 673
1 658
2 770
2 96
2 439
1 435
2 230
2 817
1 780
1 158
2 485
2 326
1 750
1 922
2 733
2 169
1 16
2 755
2 16
1 39
2 249
2 553
2 459
2 856
2 772
1 624
2 338
1 555
1 17
2 1
1 473
2 506
2 50
1 625
1 462
2 871
1 840
1 187
1 144
1 888
2 406
2 523
1 461
1 885
2 256
2 577
1 758
2 568
2 695
2 225
2 559
2 218
2 222
2 47
2 798
2 631
2 798
2 2
2 934
2 438
2 123
2 269
2 800
2 392
2 732
1 354
2 414
2 39
3 974
2 703
2 723
2 30
2 191
2 833
2 268
2 665
1 988
2 975
2 473
1 633
2 333
2 845
2 908
1 733
3 672
2 356
2 120
2 970
1 119
2 786
2 424
2 128
1 87
2 549
2 819
1 763
1 870
1 249
2 842
2 10
1 119
1 611
1 805
1 900
1 733
2 660
1 839
1 918
1 593
2 836
2 351
2 914
1 558
1 701
1 846
1 616
1 778
1 907
1 157
2 856
1 195
2 397
2 655
2 661
1 836
2 362
1 447
1 111
2 789
2 458
2 873
2 303
2 2
2 584
2 366
2 399
2 306
2 296
2 164
2 911
2 805
1 538
2 899
2 310
1 810
1 26
1 192
1 36
1 888
1 703
3 761
1 165
1 599
1 730
1 768
2 113
1 616
1 174
2 649
2 257
2 602
1 844
2 313
2 337
1 201
1 805
1 843
2 380
1 132
1 907
1 805
1 471
1 21
2 637
1 831
1 831
1 879
1 576
2 257
2 743
1 655
1 419
1 219
1 642
2 962
1 602
2 919
2 889
1 420
1 311
2 123
2 34
2 520
2 544
1 874
1 585
1 185
1 25
2 504
2 458
2 566
2 583
1 834
2 126
2 701
2 208
2 634
1 175
1 850
1 280
1 357
2 603
2 571
2 1000
1 997
2 892
1 219
2 750
2 1
2 658
1 368
1 875
2 457
1 505
1 120
1 381
2 352
2 720
1 314
2 349
1 528
2 576
1 769
1 799
1 905
2 470
2 24
2 624
2 98
2 786
1 615
2 44
1 205
1 593
2 482
1 532
1 884
1 756
1 136
1 773
1 713
2 663
1 291
2 215
2 117
1 956
1 223
2 402
1 113
2 297
2 286
2 308
1 638
2 524
1 320
1 165
2 891
1 471
2 817
2 272
1 741
1 369
1 577
1 390
2 115
1 987
2 217
2 272
1 60
2 627
1 91
2 466
1 323
2 865
2 325
1 128
2 714
1 28
1 617
1 683
1 806
2 482
1 667
2 875
2 548
1 161
1 349
2 323
2 266
1 513
1 27
2 654
2 488
2 382
2 153
2 187
1 436
1 331
2 125
1 884
2 411
1 14
1 373
2 133
2 226
1 227
2 989
1 344
1 617
2 933
2 492
2 727
2 843
1 85
2 967
2 991
2 715
2 839
1 43
1 725
1 967
2 872
2 535
2 784
1 291
2 921
1 538
2 765
1 408
1 700
1 168
1 102
2 398
2 968
1 910
1 60
2 995
2 184
2 498
2 32
1 34
2 274
2 951
2 655
2 238
1 732
1 748
2 638
2 125
1 936
1 649
2 262
3 279
2 876
1 411
1 916
1 859
2 719
2 227
1 870
2 79
2 221
1 138
2 322
1 816
1 647
1 604
2 459
1 705
1 658
2 592
1 911
2 114
1 962
2 354
2 509
2 136
2 609
2 939
2 534
1 538
2 570
2 441
2 375
2 65
2 612
1 309
1 458
2 855
2 114
2 954
1 991
2 55
1 362
1 232
1 99
2 780
1 263
2 399
3 68
1 725
2 822
1 258
1 806
2 754
1 24
1 245
1 148
1 317
1 644
1 109
2 669
2 113
2 163
1 624
2 677
1 613
1 732
1 481
1 686
2 808
2 292
2 426
2 703
1 301
1 642
1 87
1 352
2 945
2 61
1 95
1 915
2 939
1 281
1 182
2 356
2 26
1 394
1 438
1 545
1 794
1 850
2 848
2 783
2 418
1 359
1 284
2 924
2 622
1 344
2 522
1 496
3 697
1 702
1 689
1 576
1 432
2 713
1 330
2 422
1 690
1 612
1 756
2 898
1 90
2 532
1 643
2 862
1 268
1 825
2 809
1 789
2 178
2 223
1 348
1 606
1 776
2 361
1 103
2 908
1 202
2 155
1 818
1 886
1 931
1 392
1 463
1 683
2 32
2 202
2 902
1 415
1 728
2 560
1 736
1 727
2 610
1 484
1 601
1 215
1 432
1 621
2 137
1 589
2 561
1 899
1 949
2 490
1 144
1 211
1 221
2 520
1 169
2 609
2 725
1 299
2 133
2 753
1 575
2 141
1 482
1 948
2 409
1 811
2 838
2 783
1 957
2 240
2 658
1 894
2 374
1 889
2 815
1 479
1 685
1 875
2 10
2 300
1 611
1 322
3 482
2 858
1 758
3 449
