200
3
3
1 P
3
1 A
3
3
1 S
3
2
2
2
3
1 C
3
3
1 D
1 D
3
2
3
3
2
1 J
3
1 C
3
1 Y
3
1 Q
3
3
3
2
2
1 O
2
2
2
3
3
3
3
2
1 I
1 G
3
1 Q
2
3
1 R
1 S
3
1 K
2
1 U
1 B
1 Q
3
3
1 I
3
2
2
1 T
1 P
1 I
3
1 H
2
1 Z
2
1 L
3
2
1 F
1 P
1 Q
1 X
1 I
3
1 Y
2
1 T
2
2
1 C
2
2
2
3
2
1 D
3
3
1 Y
1 V
3
3
2
1 K
3
3
3
2
3
3
1 O
3
3
3
1 S
1 S
2
1 R
3
1 Z
2
1 X
3
1 K
3
3
1 U
3
1 N
2
2
3
3
2
3
2
2
1 A
3
2
1 X
3
1 U
1 T
1 I
3
2
2
2
3
1 H
2
2
2
1 G
2
1 A
2
3
1 T
3
3
1 V
3
1 X
3
2
3
1 T
3
3
1 F
3
2
1 S
1 I
3
1 K
1 H
1 V
1 A
1 F
1 F
3
2
2
1 W
1 N
3
1 O
3
3
3
2
1 M
3
1 Q
3
3
2
3
1 W
1 M
