100 50
36756 24821 34727 91297 12477 624 90567 108 74688 14419 66809 71226 95533 13387 14819 41370 16810 67960 18465 29021 89135 72325 8088 42803 11432 55317 87757 24622 60603 96661 64486 51430 89176 85547 84246 42732 64292 39719 69007 13943 43843 37000 68992 24552 18174 65044 90899 62955 20132 23448 62072 52214 18502 33834 13982 65994 93172 20483 8442 37795 47422 87833 75456 43436 35669 50928 28762 4082 13376 23314 4042 24196 80131 720 44681 29525 79791 42250 32044 90184 41105 21412 66936 60739 16597 36447 56355 89456 49468 90415 25812 69273 17030 3186 42300 40769 72255 12824 96995 30235
67 794
19 888
68 380
94 203
92 1000
52 970
35 893
74 77
76 858
40 409
15 288
68 606
12 621
87 210
96 724
18 379
21 365
33 884
95 451
40 877
22 556
39 976
21 339
97 56
9 580
47 863
82 830
55 235
55 59
15 310
53 995
13 384
32 408
82 965
18 97
16 155
76 75
60 133
24 133
66 487
86 149
72 676
2 27
82 550
67 907
80 815
28 276
44 485
35 584
71 430
