1000 5000
80024 97680 81971 55077 3267 11110 34538 1454 69515 97521 71710 40986 40653 67996 46513 68296 94209 31781 72464 57650 41405 20638 52491 19698 61997 63655 32902 84269 89390 57487 87712 30001 30672 59260 95906 82656 90052 50911 97209 51295 61546 60787 40771 62610 62759 66525 63192 25163 84780 56172 21376 79372 49153 80111 61744 71912 81418 17701 65254 4485 71556 8802 39764 34324 32039 19569 8769 24170 74646 46042 53381 58792 3682 98558 25751 31892 63985 24522 67376 21689 66442 17397 71309 78425 41618 56200 86057 25108 57616 41275 49010 85631 78234 99060 92919 88791 97803 18431 84073 1888 67810 31145 92210 86903 75185 61406 89199 10210 55488 93679 60298 73732 85872 88395 94911 36614 40471 40850 97860 57937 9497 67248 63962 32527 8646 22248 63772 59768 30999 51939 73847 72154 10556 7892 23980 21881 37280 98675 2365 43991 70085 56405 69378 83874 90155 50192 43361 25438 69423 64613 90622 74125 35410 97365 41443 62333 91156 40804 33494 86917 42731 65624 93675 60172 55707 60268 4410 48652 69064 38882 91110 27271 36574 28861 48004 50375 51471 33364 43503 12086 17395 55022 20390 41146 71793 65074 1482 69115 44544 25692 77742 10426 67019 81826 74168 56810 22193 64311 1522 62624 25121 27506 10477 7238 96679 9286 85998 84336 42173 53596 96355 53734 63102 27516 89300 50930 96225 18799 60163 11495 10429 17759 75841 84477 75886 77516 30764 47820 46137 598 51795 82246 98447 74568 79321 50465 92104 81133 21152 13080 75860 32748 23932 21857 86231 35093 3083 99575 78336 83916 9046 78443 88088 38445 88329 85907 38053 22442 38089 11895 17434 81522 54137 29919 29660 42001 83563 87544 83737 56999 5236 75628 86921 90800 79750 47332 44275 59930 27158 97880 40781 58175 61597 58432 2125 94093 17611 21992 89868 89924 91271 90212 66502 62306 25213 18999 15170 72005 44053 39171 75609 96568 88688 14078 14562 50974 42137 17785 17407 46353 2834 77646 50939 88161 29933 83478 33201 6198 25931 35261 85290 37410 52773 82660 10784 9268 93571 490 23142 77961 73432 74019 57239 3008 91642 50926 33092 54461 15086 29601 46978 23454 52765 37316 95999 34188 60142 79323 80134 93465 88220 19868 34335 57092 31232 79351 87712 42463 31813 61833 2677 19746 91779 85321 63157 19006 46882 38720 36586 30495 13286 55914 73520 44729 64122 29729 92478 26005 68684 21113 14090 45400 72543 42610 92378 27921 74371 36098 55712 4346 49519 85150 76348 13989 74691 56554 28834 82973 98774 10706 54197 55054 11164 41204 25520 66371 44486 17938 20379 18860 86367 30063 89055 81389 13945 26612 59922 62540 65756 49470 78330 89759 89805 75120 37977 31393 18061 56489 87678 71037 52420 13800 58923 92079 22102 3434 71133 58826 25884 80328 47307 47473 72500 21922 79821 45236 34118 56223 40104 8828 123 80559 6051 71609 72405 36333 52180 77692 50717 28942 40045 55105 2293 10984 94318 81240 69395 88775 41599 37094 14054 79004 3953 7810 37589 25695 79331 13512 4390 30789 94628 13986 53824 54634 71121 36525 65423 46446 34599 78276 48940 13906 5134 4700 72822 53019 98539 72211 49362 96607 10497 82053 11291 5020 91908 84583 92432 35318 41780 80077 61941 31542 33811 66477 38937 12963 32968 18905 98923 35047 77200 3176 66009 35555 63899 89962 39955 57735 60297 33448 45450 8240 46980 88285 80818 42499 99960 64137 22703 55259 97468 1129 98365 63245 8872 60887 88900 39672 6854 51458 42907 19946 26896 99265 70317 57919 1479 51361 45915 78750 93667 28017 3911 47126 85947 50617 83923 62811 16866 12050 13213 43428 70439 62081 47656 69568 48039 11256 86043 5986 42411 17692 46974 79099 15847 71088 26411 80968 17646 49952 71129 58915 39084 43962 7029 53080 98138 63747 16986 98324 69886 52512 4966 39720 2979 25934 35480 63171 6400 15588 69982 89934 51278 13263 24312 45461 81894 91393 47798 45682 48606 76029 96462 61555 18643 14128 48073 86558 89374 81297 480 19895 9134 91920 27178 11544 39887 6011 38793 43342 24275 28101 95736 78312 25962 15097 24115 57916 21373 37976 823 23683 82956 86076 75157 57153 69625 27071 28963 20356 65301 36938 82102 63029 79129 36841 47547 96759 44536 50213 74317 6906 24283 697 15111 77521 50326 7942 42150 61131 98071 34811 77418 5184 3165 64871 38220 93718 16002 78490 34939 59496 64902 56670 56251 62542 30171 95609 41402 69128 27527 16536 2572 43242 1682 33759 79262 24641 52707 16134 99031 48571 2293 24108 22594 99769 30800 29630 34108 91736 92020 76781 36130 25149 11738 34398 8671 94534 57224 57199 16299 57434 48529 68081 23351 46564 80143 98621 70606 75335 49954 52028 61503 90078 83494 63746 51424 4956 15556 3266 19862 63567 8314 38171 75159 8625 6987 53017 60357 7703 85905 61134 66111 3512 21324 34358 51828 49481 80110 90401 20799 66604 8460 53999 93569 24710 36440 6135 78571 62126 72300 79115 16545 89308 68806 16774 50596 21478 9831 99864 33846 28151 39111 71176 7363 24833 6788 70603 20504 84423 25203 68052 75647 15017 43100 78052 9173 90717 87921 96326 30831 58360 17853 12617 75207 90487 76196 15277 16122 52741 16029 882 5690 2250 62870 62241 22270 22149 71895 73192 44195 83284 65050 78105 71903 97326 24915 73327 13444 14876 68433 1613 1113 89554 21459 17539 75934 92519 49769 87943 38547 88437 49341 76874 45061 32954 72346 3478 69141 40326 33485 59204 21004 16823 81321 21725 16581 37954 54346 19024 63375 15542 80796 37322 33865 93433 40159 92748 80387 92432 38339 68866 15976 31244 41536 56262 85732 30173 65343 68722 65071 2368 40146 95856 58655 38998 87122 17466 39825 1886 46288 81429 9190 67611 95100 36395 16448 63532 18379 67539 18818 94017 77896 9157 51155 35630 99000 30833 29945 19711 62461 30702 38092 17656 85435 29850 84371 40644 47372 1830 93539 11775 16916 89093 36073 59295 90567 48886 45442 13348 14139 21423 59710 6045 44361 82771 81334 85985 15677 95090 16664 92801 28738 50685 41640 51840 17139 29934 30874 79587 87801 47885 58767 18353 53876 87879 92083 65145 32196 70657 60722 64319 71432 58152 50520 77306 15607 63325 3507 49955 6044 12791 23479 26775 22990 14487 44350 10429 28724 76823 18505 20121 8340 79002 95844 17045 80431 30004 14334 75627
369 558
528 910
197 871
856 293
24 714
741 85
184 119
253 749
651 526
422 761
465 126
530 760
507 481
632 78
642 999
453 405
208 585
966 385
135 662
272 674
106 414
367 54
728 362
334 593
577 752
85 135
227 288
923 714
564 921
755 238
443 310
765 466
529 784
318 965
10 787
723 355
803 414
25 364
941 233
975 785
202 897
274 711
804 470
942 599
662 982
34 142
410 156
140 872
325 25
478 544
575 364
86 457
742 923
937 905
521 157
215 711
348 75
133 485
142 343
585 773
863 684
369 521
695 289
785 977
341 57
208 921
63 556
907 294
868 537
901 226
379 329
354 459
70 105
789 359
240 712
316 91
408 157
965 932
12 238
921 860
145 56
819 586
782 378
456 689
734 960
307 164
722 687
716 213
55 548
252 553
457 828
910 915
830 351
269 300
410 363
536 932
266 65
510 99
378 874
391 768
211 272
679 161
188 252
792 534
997 752
326 83
420 789
341 271
740 479
329 664
288 566
652 639
525 37
301 628
232 590
493 947
999 474
288 38
608 835
45 28
717 356
797 125
359 383
743 825
325 85
89 116
88 991
781 714
204 498
851 696
597 979
183 110
595 51
325 603
920 612
156 602
635 597
509 639
551 932
229 521
332 845
486 377
475 763
332 625
804 566
212 231
774 902
697 904
274 345
491 367
492 447
983 899
273 458
150 782
603 443
766 862
176 593
239 965
882 884
212 959
560 286
911 545
520 192
838 108
637 757
598 134
990 807
147 753
900 365
143 52
619 108
587 750
421 78
193 612
378 633
9 541
468 90
174 716
803 18
205 807
336 850
905 602
887 866
617 448
446 764
88 852
788 549
588 175
404 733
97 882
774 445
828 474
799 702
821 557
976 378
720 725
238 267
579 367
857 151
994 305
393 423
680 90
623 510
596 260
938 117
638 626
58 404
602 361
255 28
516 35
700 489
84 22
761 847
303 770
512 823
895 698
345 699
568 767
466 914
615 404
251 447
895 27
348 843
153 220
108 241
981 546
309 263
378 841
897 588
541 223
655 370
499 849
947 727
545 958
498 989
272 672
138 698
453 806
261 673
72 42
563 765
443 409
179 61
23 476
124 529
432 473
267 817
118 241
469 439
187 595
370 218
583 89
708 980
446 552
213 208
81 192
593 667
685 352
702 231
375 577
34 225
438 577
431 784
293 364
962 323
931 701
70 380
897 454
670 606
699 751
860 365
754 910
341 821
525 517
511 423
478 292
343 469
233 256
853 898
591 961
330 15
78 668
438 242
136 616
315 907
1 535
503 692
805 552
232 43
948 34
761 735
151 687
611 465
956 213
59 666
860 284
875 919
355 790
795 352
868 11
518 381
521 586
31 169
817 159
296 727
44 291
459 893
477 389
540 572
880 139
872 132
645 134
437 536
840 90
555 1
957 825
733 797
315 991
438 525
744 761
402 946
261 922
303 585
816 386
990 846
454 193
919 665
163 526
597 993
529 510
54 652
482 15
620 87
400 461
345 393
600 50
169 985
170 75
534 917
414 782
517 174
322 379
788 78
960 133
419 414
652 559
716 891
590 973
277 430
860 519
975 377
126 331
919 427
613 193
775 268
392 852
202 90
980 31
545 622
834 35
233 14
864 206
812 317
593 752
416 184
596 479
9 795
902 899
823 391
742 351
878 450
783 164
360 694
416 979
355 924
417 621
539 57
101 54
502 722
655 698
68 787
564 256
525 72
542 413
16 469
137 305
872 480
849 934
862 411
37 982
561 911
240 392
212 380
433 950
249 813
414 912
150 120
687 845
861 984
847 511
625 429
426 684
675 466
437 944
404 61
56 991
557 830
791 611
487 649
871 45
769 543
357 35
549 11
992 706
17 163
17 446
169 125
967 242
462 157
968 545
557 740
746 495
879 46
815 166
573 862
304 942
30 6
638 903
577 947
870 168
987 669
435 710
782 458
160 311
708 208
584 503
433 437
851 731
657 460
509 304
316 291
526 951
425 428
343 825
592 246
681 142
783 896
218 800
667 964
294 651
856 442
916 780
113 219
70 573
462 209
174 398
899 819
888 491
183 81
514 9
785 965
887 922
136 219
814 177
351 367
825 467
633 641
970 349
325 998
559 318
718 20
57 160
921 172
478 46
952 657
620 510
219 797
977 932
981 124
447 726
131 467
945 43
768 605
482 790
584 877
464 783
485 928
570 561
971 189
836 758
523 166
197 108
438 63
501 885
488 420
272 583
564 740
826 147
844 591
118 174
216 896
810 131
807 529
832 216
880 425
89 43
57 56
100 58
302 75
230 398
571 398
816 598
937 564
555 196
328 822
326 559
750 560
181 92
594 220
935 481
382 254
595 517
365 42
986 702
727 873
373 450
161 297
714 694
754 281
630 379
22 242
815 276
510 963
907 35
320 993
505 547
510 119
428 944
175 474
728 470
186 548
577 929
996 875
693 899
985 291
496 846
772 658
445 91
446 922
75 779
534 742
889 884
225 534
723 706
933 942
868 273
611 119
551 40
80 925
356 158
414 191
57 225
720 924
210 81
390 611
218 635
273 133
642 723
920 87
829 354
488 438
172 79
54 898
886 206
4 139
967 941
63 123
261 458
354 416
88 83
316 306
364 732
315 804
744 155
726 230
706 974
687 122
119 992
601 542
215 92
389 201
7 835
406 241
65 376
406 221
588 557
597 606
341 352
777 202
457 558
948 468
778 475
347 546
641 434
296 822
688 997
113 306
417 634
823 440
341 795
356 640
612 60
605 780
388 758
371 668
582 991
389 794
723 714
44 610
645 375
484 119
507 384
561 644
305 166
575 841
390 223
985 286
655 236
268 314
674 113
732 678
82 860
304 931
83 987
947 27
20 612
456 553
810 499
88 720
706 82
310 481
462 883
308 913
322 817
181 420
864 188
653 311
627 683
740 99
173 10
351 417
198 87
647 446
132 704
357 665
322 840
207 158
497 676
842 700
657 151
880 160
251 531
13 357
585 832
394 517
369 765
791 225
127 5
554 569
945 937
409 38
485 752
903 55
220 42
382 914
520 52
204 896
850 197
946 778
266 650
884 371
688 369
764 984
291 278
865 707
214 844
153 137
466 988
230 460
409 540
115 776
642 439
681 389
538 251
500 662
109 978
120 213
875 729
122 962
157 795
26 109
407 433
780 288
18 590
744 135
539 5
651 135
157 630
223 538
193 563
136 230
227 216
765 331
615 345
32 252
269 536
596 308
737 611
474 227
488 205
384 987
572 452
618 781
419 481
584 365
837 265
247 285
929 876
699 766
708 685
288 695
969 19
784 470
117 602
504 216
239 354
263 582
490 461
504 983
189 555
164 972
798 418
952 236
55 439
192 414
552 42
125 86
564 364
928 142
134 731
536 764
353 494
810 306
921 323
847 166
848 932
30 877
204 776
702 827
466 756
232 824
955 216
416 795
912 389
22 655
387 646
102 365
457 273
407 788
88 263
204 571
205 348
542 648
473 998
491 837
278 353
231 132
204 408
332 747
294 588
663 86
713 319
334 576
289 626
813 281
851 41
254 532
822 977
376 711
167 333
535 901
636 452
684 480
755 200
236 22
563 247
210 150
149 952
76 369
146 906
400 460
672 37
188 321
482 979
798 333
897 162
441 84
947 444
45 596
812 163
23 81
654 580
915 687
702 94
866 171
222 800
645 26
719 500
374 612
1000 813
183 568
336 512
737 235
589 300
186 641
612 13
937 138
881 278
596 313
589 620
741 601
710 180
320 871
292 733
82 627
440 374
104 487
870 516
834 68
557 613
20 79
873 295
136 438
110 17
559 981
154 155
551 655
835 841
326 937
146 543
146 768
775 272
791 775
189 939
775 277
440 999
399 234
495 20
604 388
192 190
189 873
377 972
955 988
827 948
922 200
585 855
510 724
563 486
450 670
851 130
472 944
616 386
87 929
495 469
151 247
484 586
440 119
451 745
793 600
654 408
38 141
10 34
256 733
85 476
201 119
9 898
18 759
746 729
193 131
44 935
861 441
221 220
324 333
28 70
752 116
479 510
198 550
437 583
920 973
721 437
102 824
186 378
398 543
332 769
130 480
978 310
883 306
260 515
844 851
787 701
577 659
783 93
741 420
45 857
379 258
713 108
246 129
593 585
760 595
946 171
646 587
212 580
330 354
688 450
933 616
58 175
596 412
552 319
465 333
496 130
929 428
121 974
357 264
126 518
125 380
582 659
258 656
685 481
161 983
424 399
667 704
933 352
256 205
608 498
598 614
54 486
853 599
244 651
997 451
700 506
561 649
170 911
627 877
941 658
456 954
545 793
96 326
197 931
687 104
315 720
549 832
943 342
996 898
285 300
349 150
811 552
216 707
96 658
346 87
792 559
940 454
946 84
781 811
923 187
744 635
12 836
439 779
223 81
431 694
986 571
918 329
960 865
505 911
624 918
396 927
544 967
949 262
548 897
554 304
989 150
700 454
722 42
972 219
828 170
445 206
516 261
578 112
558 469
654 166
95 742
912 955
387 349
937 907
305 983
174 591
319 251
908 852
189 805
761 419
548 505
793 55
576 330
200 257
930 367
430 778
643 675
963 654
979 333
343 563
646 799
946 36
253 69
599 243
830 467
698 924
753 617
563 578
323 764
551 269
493 229
46 447
667 827
504 930
82 233
772 428
381 523
940 868
596 448
57 421
439 196
883 811
848 905
495 396
242 355
24 294
142 211
437 688
702 50
448 236
560 580
101 498
969 186
902 304
680 412
264 449
370 495
526 520
944 928
766 772
82 721
923 618
566 915
950 360
476 387
302 545
599 732
128 523
171 312
364 274
805 611
321 321
493 510
728 705
921 406
16 472
249 974
803 517
751 326
838 395
566 648
473 317
843 518
300 106
192 770
29 956
38 267
803 416
932 400
281 613
449 453
165 312
882 943
483 811
615 369
932 129
613 692
418 510
209 816
467 505
824 440
167 879
230 519
587 62
199 505
698 539
364 759
605 32
104 359
297 403
882 230
986 104
61 770
401 226
213 64
13 959
891 350
762 632
986 163
474 335
343 692
188 3
939 920
874 947
215 62
584 681
282 769
263 676
496 983
100 781
306 798
546 602
366 653
247 546
2 79
25 556
15 152
590 611
299 612
522 552
241 840
443 51
577 909
933 54
981 421
251 430
594 506
741 321
291 363
867 234
393 154
396 268
895 218
626 883
62 742
441 12
756 296
176 388
389 794
928 540
703 916
579 437
123 269
556 629
208 670
710 669
944 879
593 869
100 71
571 969
320 652
702 884
917 405
391 942
325 913
125 64
432 746
588 562
968 478
539 264
327 839
549 143
87 613
660 114
489 123
47 389
915 152
220 632
628 543
932 668
586 170
42 649
368 602
13 527
787 105
657 963
655 835
724 534
291 223
558 138
121 86
888 870
743 34
81 438
615 846
453 591
747 641
627 226
803 664
820 660
750 829
782 540
331 825
15 553
472 893
869 407
253 916
132 852
896 890
462 47
368 757
475 296
397 856
919 345
125 748
435 244
581 390
245 807
594 616
183 336
215 5
285 647
784 397
785 366
689 990
566 791
660 870
264 537
730 517
964 812
312 721
376 157
950 950
137 900
97 42
125 412
208 222
912 946
138 490
921 632
795 667
890 966
973 448
759 321
868 42
153 452
794 497
58 40
193 40
71 55
8 308
291 541
517 945
561 36
687 880
369 791
716 697
993 119
740 53
812 342
892 962
740 953
99 282
660 537
641 715
234 350
558 853
251 183
450 451
409 147
325 5
383 109
539 28
351 606
32 499
922 223
538 375
760 546
119 967
530 14
89 791
749 677
240 631
967 327
933 316
887 396
366 389
201 171
334 269
31 470
516 999
568 416
245 129
392 89
770 276
750 278
543 871
327 732
904 886
733 685
217 287
624 465
674 510
80 635
759 498
621 374
364 973
729 998
811 195
879 665
899 292
611 841
256 301
251 500
942 498
578 374
713 83
531 851
527 482
380 949
6 210
264 849
965 919
297 687
86 375
809 19
475 514
488 364
899 312
149 655
216 302
221 643
857 485
872 60
448 845
987 140
418 71
452 936
484 586
459 646
410 346
558 116
373 844
879 204
375 20
760 373
72 983
881 489
238 160
767 25
496 103
926 590
414 186
568 78
210 480
59 960
275 395
901 251
234 959
185 948
918 637
175 555
583 681
327 388
414 600
783 506
335 514
737 113
149 251
576 860
259 190
894 138
548 224
933 702
555 325
377 986
891 824
255 710
912 289
948 128
929 414
292 391
931 369
894 216
637 827
966 190
439 561
420 426
684 37
442 202
777 138
206 260
123 141
727 864
244 938
228 156
615 994
251 637
279 274
91 40
703 569
683 805
355 927
263 803
394 386
772 647
184 319
706 860
707 680
659 730
693 623
190 867
297 516
482 456
562 663
58 907
957 391
875 332
100 303
945 895
993 804
845 396
167 377
273 683
548 956
401 595
203 969
373 526
345 486
472 826
616 568
456 47
123 530
699 175
607 145
111 856
189 56
894 747
213 418
195 947
560 325
153 215
872 167
946 773
329 885
425 886
840 246
227 988
820 952
115 317
139 724
249 412
676 778
15 264
137 485
211 276
910 151
599 366
189 266
718 273
682 306
456 600
490 352
924 121
234 257
474 705
632 412
46 552
602 677
851 906
254 124
872 826
432 536
695 209
925 685
687 787
957 569
281 638
588 583
196 126
379 718
556 899
82 48
566 784
790 196
695 912
475 206
246 81
895 570
245 886
319 973
22 488
372 610
251 606
379 595
127 411
596 121
23 509
914 124
211 716
247 38
572 547
286 945
87 460
501 700
926 903
74 129
20 206
599 391
622 66
29 459
502 961
873 425
540 157
382 206
628 749
503 65
315 890
161 726
817 222
3 11
462 322
311 190
896 620
872 480
275 482
318 705
347 363
520 298
265 666
542 738
254 304
4 849
953 48
609 434
389 187
831 705
545 654
184 588
840 452
702 588
890 783
128 971
195 69
783 337
775 475
891 755
532 770
91 358
716 366
560 623
258 721
95 865
913 188
902 739
811 819
148 359
139 873
973 922
572 895
464 857
599 465
171 869
501 324
547 72
211 969
806 647
904 701
834 836
694 718
149 946
543 206
991 860
207 80
523 525
840 105
796 701
701 78
250 407
312 617
615 143
623 307
81 773
959 770
139 792
968 166
768 506
452 945
928 713
686 705
990 572
712 317
210 402
510 812
834 638
856 676
7 40
420 926
25 267
561 313
728 569
685 307
423 275
536 321
824 13
579 163
297 80
10 431
325 106
121 997
487 43
124 157
729 761
864 863
846 625
845 770
798 366
450 968
251 166
94 988
483 104
454 191
904 190
395 774
833 468
844 914
292 740
184 462
303 1
965 256
570 117
229 243
591 145
603 607
2 144
554 743
128 381
329 775
6 770
65 950
42 376
392 725
953 716
360 33
589 134
504 744
338 735
159 753
926 540
787 672
203 809
855 462
408 259
224 897
148 721
96 488
300 773
266 236
304 28
301 819
779 291
692 411
342 109
717 253
665 620
394 179
546 557
760 885
108 568
161 951
827 909
870 178
952 861
947 878
960 964
735 279
80 604
259 209
947 887
707 483
671 623
584 386
856 426
425 390
496 90
510 663
379 507
800 507
78 814
2 99
578 506
478 640
283 833
423 154
546 853
30 387
595 47
755 889
893 11
905 820
26 666
796 16
751 569
909 138
642 80
855 366
711 869
130 813
35 855
58 75
574 554
73 391
81 558
37 158
685 769
919 205
768 52
347 458
483 664
923 865
838 727
11 527
10 377
27 112
592 438
352 457
474 10
635 799
142 257
230 725
972 217
808 468
202 84
447 176
360 340
244 438
567 32
866 509
843 439
331 659
250 887
621 887
427 96
833 397
517 292
770 585
485 505
857 258
615 789
156 914
710 910
592 951
599 461
576 169
764 312
12 507
256 503
283 684
795 183
312 702
805 373
343 406
220 371
682 617
556 366
21 912
487 714
473 130
745 962
322 527
686 428
764 166
379 785
464 579
965 691
163 89
899 778
517 481
11 49
73 703
892 96
502 963
185 791
829 252
885 503
141 626
730 376
313 651
318 827
555 554
863 589
644 92
9 274
937 652
537 540
379 467
660 999
850 940
236 794
216 747
452 372
839 184
953 639
519 751
418 463
63 623
35 893
303 789
851 441
912 635
685 48
924 198
35 735
602 747
880 288
413 232
12 388
922 39
956 994
546 822
438 673
452 416
107 555
686 941
961 886
724 355
673 662
229 258
361 262
712 917
668 840
398 561
777 594
334 739
535 590
686 551
689 592
774 428
48 135
808 230
166 314
937 309
492 186
640 472
131 503
340 375
726 225
249 806
51 248
420 364
331 745
205 225
349 736
484 905
557 110
615 408
482 752
883 659
828 845
317 482
115 954
960 353
860 387
869 59
170 638
486 603
123 954
130 177
877 40
622 22
404 5
989 956
992 636
854 561
717 885
193 230
825 468
235 756
414 290
71 72
981 869
242 671
133 252
526 902
615 406
275 218
948 88
606 799
562 813
127 388
592 787
970 105
185 557
437 634
511 278
214 425
742 700
939 131
378 130
230 955
950 127
566 952
165 327
885 78
412 699
321 952
326 654
237 379
22 800
587 948
619 780
655 943
793 512
309 510
553 977
561 523
171 862
977 43
871 967
469 404
524 615
163 677
460 998
829 915
916 320
883 765
772 566
648 415
216 806
226 400
640 454
596 233
675 248
660 189
473 280
843 201
884 169
817 449
563 648
943 768
752 690
645 538
693 562
454 549
853 578
357 726
938 226
444 162
89 173
963 791
918 52
574 363
668 415
672 836
805 28
126 350
941 434
117 927
599 125
747 188
813 372
320 182
482 255
637 570
199 912
975 299
66 121
616 473
961 408
56 15
995 358
262 580
721 279
283 157
496 444
735 709
165 606
40 294
158 306
835 78
557 741
618 187
492 799
417 180
923 68
721 350
140 361
585 643
326 905
509 908
856 325
111 686
936 621
771 324
78 925
645 24
567 562
12 963
267 858
979 375
205 132
200 114
618 567
687 35
321 23
567 992
224 931
82 916
245 520
421 697
728 622
636 566
471 364
465 25
870 66
27 686
748 285
499 665
941 477
520 559
866 400
241 488
373 148
183 715
289 236
768 895
603 879
107 838
893 827
329 201
590 911
913 109
353 123
224 497
296 501
971 407
381 416
347 941
191 588
643 576
418 647
482 11
685 455
518 946
703 371
737 627
812 808
482 727
112 665
300 165
543 139
251 421
223 289
927 164
741 262
533 627
108 830
496 401
992 133
203 116
282 387
300 885
168 159
354 275
882 670
257 77
378 959
73 837
790 375
220 155
383 91
845 571
992 81
483 631
498 496
531 515
25 682
293 93
851 679
3 605
158 359
36 506
766 549
272 269
207 306
767 892
635 570
426 902
281 439
638 228
881 412
523 658
557 175
931 932
217 904
849 506
121 69
349 727
741 846
207 834
864 580
986 262
459 782
620 349
508 361
751 810
132 524
84 757
44 492
488 338
617 50
624 845
953 744
244 248
197 61
507 178
792 40
221 332
166 459
903 442
593 602
99 215
148 484
788 340
55 282
897 59
261 17
236 357
175 730
281 111
827 246
59 631
342 279
812 965
603 82
319 326
827 616
771 10
132 280
286 294
259 143
144 252
273 404
70 355
814 104
218 814
424 857
386 372
115 176
994 621
271 440
496 860
958 974
597 87
554 578
766 517
1 58
718 405
433 255
401 587
323 638
421 882
619 324
159 98
995 727
455 575
868 291
758 902
285 182
846 393
218 439
227 61
219 277
282 380
250 48
184 765
605 699
822 625
132 471
606 137
376 683
436 934
804 335
298 737
192 434
149 478
564 764
261 179
161 151
367 526
596 517
125 544
627 71
488 243
732 205
208 743
786 227
874 735
595 848
813 989
901 392
956 346
651 873
733 616
646 938
364 562
726 188
539 744
359 851
365 892
272 917
583 707
118 282
196 303
809 288
473 171
585 220
174 628
899 818
649 541
170 229
765 556
237 488
741 839
611 140
117 240
433 125
863 628
471 928
598 209
975 850
288 662
206 91
710 758
373 566
950 536
347 137
676 956
857 984
499 345
239 176
860 850
596 152
316 644
287 185
688 95
112 819
929 162
11 368
213 958
755 817
581 360
767 99
169 625
671 334
985 198
637 830
210 102
449 879
466 822
959 359
442 541
365 127
118 473
467 75
641 919
69 199
313 139
720 714
244 157
611 505
733 897
953 92
472 818
620 269
327 24
518 686
372 12
73 882
33 954
475 326
266 298
389 768
760 496
230 58
532 995
662 19
45 500
646 871
289 821
289 143
278 204
563 66
450 181
792 224
443 714
677 522
895 920
820 1
992 850
689 769
689 201
674 608
588 522
531 349
337 329
861 462
285 727
597 602
176 653
769 798
152 194
93 905
33 88
276 254
403 986
414 666
970 910
117 234
3 798
490 115
877 186
210 367
394 940
932 146
31 358
671 661
56 681
708 201
149 753
112 29
924 479
520 361
577 794
399 751
500 337
314 899
277 52
637 400
641 401
555 367
324 323
187 609
63 186
337 702
744 478
122 138
577 346
603 401
719 657
638 575
43 562
74 180
228 940
720 896
286 98
389 132
846 759
347 730
809 760
833 814
655 580
719 682
220 760
111 915
650 233
202 290
935 835
681 707
783 538
854 213
392 613
609 923
925 853
796 400
364 555
193 192
688 127
849 391
591 792
421 398
42 896
10 279
195 288
830 199
191 127
645 798
705 268
74 262
756 822
203 336
893 692
991 599
776 619
15 893
81 291
927 375
519 698
863 191
299 203
357 913
312 88
889 292
9 422
356 253
440 577
257 969
265 803
402 771
747 373
801 134
594 771
410 403
417 307
118 393
621 31
904 88
254 122
785 646
834 500
717 913
264 561
348 890
680 281
814 999
158 8
585 957
444 857
407 523
123 470
196 28
552 479
103 379
966 132
784 470
39 761
389 349
997 949
709 654
60 102
884 406
204 316
379 747
777 990
360 913
141 946
556 408
796 245
624 773
601 294
6 503
824 791
876 105
602 617
242 764
346 801
80 555
948 680
225 854
883 861
50 39
846 109
467 551
649 456
311 263
395 244
721 985
205 347
88 402
640 91
645 618
910 603
751 635
180 515
810 600
642 362
753 625
503 113
790 127
134 110
42 68
580 696
732 253
244 646
898 167
739 507
437 768
216 335
266 665
979 289
382 653
138 721
911 622
581 367
41 912
671 855
805 835
329 806
653 753
654 626
939 381
317 489
780 174
27 138
524 567
298 892
515 687
660 99
621 736
955 152
705 948
665 790
61 977
316 476
859 519
966 243
330 343
813 116
633 956
150 39
162 385
164 549
214 445
698 910
353 490
30 835
180 804
156 42
513 517
743 884
221 198
548 235
295 617
885 794
235 524
583 727
74 509
456 273
942 512
890 479
136 155
235 554
673 583
371 156
864 557
221 386
467 300
519 5
267 480
335 658
627 940
168 980
501 662
738 445
858 670
745 855
202 220
504 382
590 337
947 322
208 345
96 885
955 148
558 267
77 608
498 14
284 189
135 539
895 208
599 791
897 978
566 222
472 957
304 251
60 770
958 390
245 441
523 815
288 6
619 737
761 685
786 560
343 590
265 880
208 189
534 988
981 387
909 992
225 199
778 306
631 501
325 216
745 517
791 338
532 667
852 939
779 531
2 432
335 271
961 577
6 291
250 128
783 195
618 316
985 932
478 802
848 939
828 157
859 632
136 850
220 264
865 721
593 71
55 570
848 519
835 984
430 406
766 963
829 983
992 439
558 484
844 45
76 659
423 992
730 673
962 455
583 191
366 184
923 403
786 401
372 441
809 503
815 533
714 844
264 780
361 443
160 191
718 220
486 801
766 401
934 775
690 343
944 904
585 708
542 537
902 815
473 945
241 596
134 206
410 240
222 825
625 223
392 483
521 671
177 847
377 512
157 915
243 659
167 7
758 291
387 988
513 661
528 187
856 167
442 922
852 194
960 100
872 360
420 588
450 194
696 572
835 814
54 699
739 840
960 321
917 186
9 97
803 137
475 355
352 591
504 494
412 46
857 993
551 878
949 829
93 907
735 28
57 399
610 539
165 307
175 241
136 506
34 860
603 190
378 464
594 93
59 847
840 184
334 968
498 858
725 854
852 743
505 322
841 885
442 371
972 951
580 587
393 246
828 344
793 689
251 639
321 466
537 811
424 512
862 621
67 810
101 607
865 449
844 935
746 448
510 713
237 621
930 762
80 883
615 476
189 861
966 153
997 686
956 323
96 697
228 457
431 216
589 7
911 400
470 767
407 724
825 411
6 84
608 972
967 281
30 144
51 627
876 695
70 226
894 578
78 387
853 32
436 29
697 1000
587 293
717 687
180 610
930 512
663 272
153 281
896 593
307 794
17 989
106 251
103 65
828 116
274 154
274 310
184 599
569 269
203 603
17 377
681 216
454 42
345 84
158 657
763 361
942 69
603 37
520 12
488 560
460 510
410 182
263 236
969 382
871 416
37 483
320 444
935 285
844 339
299 711
635 505
504 321
282 978
54 516
953 698
412 302
833 970
11 507
45 117
422 714
171 55
177 859
366 525
48 985
400 354
98 162
468 516
900 594
991 631
137 209
428 459
650 220
366 921
901 319
475 728
319 231
741 355
309 182
416 69
431 117
343 982
510 489
704 847
568 48
194 747
647 189
474 365
186 642
355 387
998 529
309 547
332 530
96 634
504 700
488 772
136 815
323 117
906 330
181 818
43 202
177 775
414 435
842 252
801 19
67 68
76 45
134 602
405 29
187 12
977 97
609 494
8 617
640 268
515 377
864 41
514 641
896 671
557 621
332 452
509 774
877 631
684 303
80 24
70 533
953 68
454 370
544 176
811 705
577 361
174 501
327 720
805 423
699 495
847 860
761 422
219 782
415 457
911 299
107 656
125 508
430 254
208 501
211 924
262 710
582 365
979 475
261 949
561 535
289 217
520 193
516 707
735 571
143 578
363 496
517 911
936 270
574 342
333 173
380 874
975 978
755 413
982 861
894 690
588 413
712 714
38 944
107 55
496 73
367 820
927 4
751 426
942 201
746 511
499 451
957 498
28 750
595 227
986 973
386 823
582 812
707 664
649 477
498 956
596 295
411 760
689 701
676 512
51 831
466 983
900 884
300 319
594 274
562 717
463 486
911 946
685 788
182 723
838 941
682 224
922 897
299 494
725 810
144 837
342 961
266 697
988 84
25 837
523 357
194 234
291 590
405 808
744 157
573 796
351 62
367 139
704 755
800 822
274 760
584 275
811 422
615 716
152 691
764 21
323 577
748 612
478 358
993 992
664 216
696 167
306 495
838 423
611 795
957 817
315 334
823 778
795 735
445 479
199 662
320 59
602 859
478 324
832 873
249 57
897 179
178 107
824 869
969 438
768 808
565 301
63 945
928 50
729 326
357 827
360 651
882 644
961 572
949 513
904 43
534 525
597 793
542 412
114 832
645 455
64 22
561 753
959 435
932 708
976 227
477 711
610 991
647 597
510 824
471 491
780 5
823 292
805 459
740 922
656 270
554 445
72 365
281 542
9 826
710 826
191 999
618 241
909 269
180 533
373 411
454 758
235 405
759 113
419 291
518 281
756 187
540 421
322 195
373 773
796 274
996 911
474 333
946 181
704 367
339 25
2 247
915 837
496 470
250 278
323 292
662 885
171 686
196 999
548 745
686 511
485 138
348 479
829 347
146 968
496 537
18 897
565 996
913 568
497 751
415 130
276 638
179 311
8 775
2 960
377 10
386 994
197 433
744 209
149 495
657 622
322 602
467 488
519 132
847 59
375 994
765 193
230 825
91 135
38 453
990 997
696 335
525 255
361 370
810 961
936 490
32 431
61 789
686 788
256 930
975 60
626 405
241 297
720 49
511 753
735 221
484 154
514 334
16 508
577 151
519 97
806 470
558 760
613 619
432 954
103 554
739 518
242 709
117 469
359 495
523 755
480 809
787 685
906 130
204 913
1 545
47 217
943 903
238 862
410 355
961 300
511 859
77 295
517 358
29 689
801 904
660 698
855 57
12 377
696 763
751 525
198 388
338 113
178 939
200 414
594 417
736 510
999 125
51 597
848 670
943 221
825 61
211 38
480 127
437 293
899 141
443 433
179 510
542 460
535 378
194 774
421 770
554 750
815 29
429 9
444 72
824 545
790 423
626 577
979 635
636 390
166 211
579 782
464 667
655 727
338 961
324 742
600 38
148 678
828 270
489 165
548 114
143 942
220 774
327 514
538 216
922 834
351 379
221 854
668 51
672 262
143 751
806 107
843 351
205 844
298 429
909 104
743 360
440 313
380 716
192 984
69 322
445 18
782 939
891 510
622 608
76 522
958 103
248 263
320 931
14 314
603 594
92 652
988 704
315 148
301 203
548 16
786 441
426 333
726 939
378 914
25 526
746 988
407 564
3 823
568 558
727 731
587 634
208 975
692 99
829 679
906 121
877 521
193 167
898 926
235 233
459 219
711 294
490 107
599 772
103 381
940 622
26 693
108 987
721 93
984 703
591 192
561 836
303 646
213 677
438 138
152 459
249 933
739 906
281 318
926 427
29 687
792 565
530 882
766 166
258 828
434 578
94 461
363 988
693 763
588 845
504 229
359 534
413 938
385 166
314 193
572 854
356 433
673 37
15 888
375 114
683 811
514 829
898 536
65 562
172 851
108 276
380 431
731 468
546 845
466 481
730 101
366 796
734 917
891 412
963 278
99 19
926 48
566 429
779 481
594 636
953 996
539 490
719 390
238 160
53 586
384 370
925 235
258 26
308 293
593 210
612 612
67 415
627 248
735 83
247 491
987 892
881 130
988 600
552 450
739 42
809 787
918 597
823 552
66 821
615 325
218 755
742 913
604 605
620 223
24 154
422 11
535 577
857 486
382 750
423 995
95 723
691 927
259 462
281 606
415 277
787 146
432 439
643 252
221 318
853 800
911 755
469 920
246 484
40 434
635 311
936 163
502 647
517 204
247 876
750 961
386 148
361 623
608 324
102 265
654 825
294 443
34 989
626 516
650 700
293 753
953 796
56 150
914 93
153 617
478 960
181 873
410 191
345 337
105 414
996 264
687 311
254 423
913 601
196 53
811 890
327 124
953 706
929 821
1 525
93 695
778 771
665 340
974 514
877 305
441 680
362 226
146 305
701 623
900 469
19 774
271 713
308 250
58 354
776 169
419 748
412 386
378 373
807 178
819 435
653 556
7 595
964 20
956 764
322 477
666 823
246 824
458 986
645 81
968 553
260 878
487 878
184 419
341 399
697 8
276 496
524 845
182 530
307 173
527 646
366 85
503 13
751 414
734 93
419 729
448 172
588 520
280 651
719 743
488 36
387 651
100 521
324 328
282 786
438 117
708 982
244 974
76 371
958 604
647 136
695 752
354 27
782 979
686 577
486 615
587 313
916 770
917 370
213 177
730 932
83 596
347 560
25 900
223 337
532 591
288 694
313 144
433 510
145 560
907 484
299 541
834 425
70 749
116 275
560 288
470 189
449 663
680 364
638 807
262 588
549 10
386 804
860 277
925 351
166 65
62 656
692 656
226 779
76 50
200 391
346 678
3 857
583 530
189 209
86 599
569 40
922 876
249 256
229 300
662 423
477 952
935 642
809 228
44 443
482 835
219 38
686 648
911 154
739 395
512 235
74 490
481 350
755 10
800 760
448 206
67 736
820 20
734 752
463 942
302 333
636 369
985 654
663 314
449 526
749 420
603 225
554 844
967 359
948 252
464 121
103 28
492 954
213 714
980 267
915 121
906 597
624 525
341 860
931 686
726 188
344 803
628 944
888 696
588 770
419 614
749 150
518 918
881 364
752 60
109 441
867 323
606 346
784 317
71 878
944 809
175 164
344 369
221 363
246 609
252 604
91 98
231 355
647 261
551 25
103 616
170 293
651 301
463 260
205 654
850 944
562 783
43 976
903 840
840 591
967 260
710 706
839 23
852 641
351 938
22 757
499 578
293 70
995 522
531 646
285 783
799 755
424 109
36 40
228 453
879 508
79 622
598 575
647 424
39 983
561 297
135 876
278 389
601 789
15 132
796 169
427 435
955 58
383 653
925 546
284 681
857 336
706 699
324 908
316 948
291 940
10 844
196 413
132 868
179 252
983 12
568 997
432 909
464 372
907 503
255 918
905 213
758 21
88 536
263 547
915 515
310 472
309 871
924 368
286 510
237 17
293 626
307 959
740 981
630 186
705 949
604 960
29 644
474 701
652 430
55 164
983 852
998 615
743 326
344 964
279 882
952 452
580 691
546 472
923 717
911 669
547 89
88 344
448 458
296 429
589 716
844 169
322 947
529 345
587 591
897 415
894 968
973 223
142 40
84 466
665 258
416 53
238 473
423 565
942 758
469 267
430 370
241 522
330 981
538 419
324 5
834 233
688 512
680 804
4 106
769 769
868 71
76 783
52 886
38 887
628 247
586 9
219 695
242 408
831 144
812 687
866 785
442 382
200 584
893 50
537 68
884 694
4 18
818 544
572 22
970 707
700 607
497 687
540 92
136 660
769 570
827 788
281 945
424 241
396 940
551 843
506 484
568 929
323 364
546 257
238 505
423 377
213 2
287 624
196 286
713 524
395 648
946 908
981 925
711 846
113 662
164 476
132 28
637 154
195 358
272 58
5 634
412 145
533 634
45 323
223 228
999 152
680 864
754 879
451 8
332 174
871 910
776 747
810 322
63 812
161 7
400 374
608 407
167 527
744 965
568 332
153 675
871 964
899 905
236 908
867 644
980 802
287 140
608 506
181 412
428 392
164 358
806 222
175 94
298 182
467 7
941 69
36 790
955 921
722 651
609 488
236 674
240 28
131 76
485 317
541 356
188 263
216 915
594 504
366 238
487 529
41 814
498 216
499 41
514 363
475 176
220 93
356 436
859 471
535 196
560 744
146 583
719 543
709 961
600 390
652 615
817 581
81 899
588 653
952 22
759 457
423 493
427 318
907 464
675 369
913 262
779 879
392 794
753 673
827 934
251 975
441 562
331 265
660 109
140 667
979 920
629 487
421 121
569 577
940 730
267 656
128 240
759 960
591 760
838 127
402 288
621 371
444 687
499 259
170 985
630 408
127 377
466 121
363 946
343 500
831 429
100 986
111 562
811 831
344 879
684 16
310 728
49 644
44 276
410 887
350 243
324 980
563 898
598 643
666 946
273 184
432 56
938 982
134 455
383 478
229 153
372 694
248 407
230 851
111 618
870 688
740 14
233 314
342 749
941 370
630 388
940 844
88 518
230 671
317 163
73 284
304 77
114 415
88 869
752 461
254 996
526 609
985 751
92 736
421 919
393 984
62 726
386 721
436 229
604 877
780 136
836 442
151 269
567 460
975 667
161 58
114 870
972 429
26 611
688 514
132 899
511 305
54 605
901 559
910 669
801 887
931 206
147 44
123 287
478 214
348 41
794 633
917 719
195 153
724 701
738 595
446 379
508 148
782 158
135 25
177 112
700 244
756 779
516 877
946 215
255 695
696 522
348 341
891 301
165 872
96 844
328 541
534 531
833 385
696 238
328 373
486 904
620 177
787 878
756 558
363 924
913 101
964 53
462 171
885 162
996 665
927 204
6 60
96 959
654 828
469 810
214 396
924 585
95 91
473 968
587 896
974 586
845 313
811 308
663 146
333 578
908 641
42 44
909 465
18 577
700 693
379 442
688 269
403 411
153 824
347 332
375 316
726 685
254 50
205 125
395 857
363 914
991 886
536 49
265 849
876 148
13 107
805 975
115 567
211 856
924 258
797 96
713 272
411 511
453 588
257 282
406 536
710 769
297 983
85 817
461 77
303 36
603 222
953 526
358 817
266 216
466 749
226 504
654 837
818 599
348 751
53 564
99 936
355 294
780 407
996 534
817 698
489 788
419 3
452 755
914 947
4 630
802 187
912 410
533 316
747 166
321 758
223 692
64 592
612 352
233 868
314 957
177 69
140 405
803 29
315 127
914 299
884 857
363 679
301 28
799 777
426 253
932 879
550 905
72 212
375 874
794 400
668 242
625 179
283 380
515 433
439 564
347 708
671 686
335 175
54 113
271 564
21 40
675 561
88 954
138 795
851 782
351 593
895 822
147 383
81 122
354 908
858 795
520 33
762 447
994 979
37 807
932 673
217 92
315 323
704 108
945 133
855 185
621 822
202 803
605 175
602 444
526 637
707 866
735 352
422 706
845 721
734 385
915 946
452 556
240 201
183 979
639 801
447 117
220 561
515 396
354 422
962 706
959 53
324 262
559 38
17 737
752 318
972 752
12 239
398 740
170 985
183 922
617 644
831 875
57 303
363 517
145 338
69 943
18 810
226 63
748 908
644 873
102 811
313 123
535 563
423 670
161 796
32 154
252 640
467 846
650 426
742 747
745 449
245 481
198 516
912 766
729 628
588 766
130 826
975 903
853 134
475 428
928 874
409 364
448 974
471 240
781 912
442 295
833 103
621 367
435 312
131 337
319 62
453 224
220 860
338 277
604 842
604 429
336 299
22 150
463 741
879 945
407 664
519 893
931 846
156 521
295 159
206 880
123 488
611 323
400 841
332 598
815 331
16 833
371 733
20 885
825 187
886 496
71 210
939 313
31 2
394 261
986 767
834 903
486 852
985 164
972 699
324 853
412 405
605 495
136 163
190 206
133 320
40 145
625 346
214 401
543 260
683 120
938 204
884 585
198 461
927 808
981 345
409 141
439 147
958 723
512 378
862 496
238 237
537 73
306 387
259 619
374 754
318 556
261 569
536 584
479 498
393 449
360 1
270 643
72 601
174 350
275 230
932 170
442 551
860 581
971 562
777 240
594 875
234 468
640 320
570 844
581 710
541 904
863 519
597 396
363 539
609 703
425 566
423 281
786 213
462 70
253 307
324 789
855 530
127 636
863 907
271 102
813 340
129 505
6 700
301 537
463 989
93 162
1000 233
230 136
769 398
529 587
118 427
799 266
830 10
258 924
298 3
222 177
733 156
251 161
734 868
401 575
2 198
387 892
630 991
891 511
564 333
128 47
895 936
528 113
20 335
853 997
139 165
968 590
838 368
976 263
968 210
720 464
295 908
190 282
875 651
963 350
785 253
768 354
861 372
997 423
442 727
53 250
366 565
371 211
127 855
431 340
659 234
245 800
262 652
671 973
813 158
256 977
300 511
324 576
929 220
764 660
741 949
883 496
440 144
104 111
656 748
180 267
232 43
569 212
32 421
898 75
595 988
352 202
272 837
201 319
742 791
691 247
350 790
471 151
449 289
203 335
33 903
737 3
324 642
353 363
189 700
119 725
646 564
244 619
847 385
890 513
337 668
183 945
964 119
720 100
152 69
139 412
627 60
418 18
674 832
544 997
262 1000
641 554
202 840
640 356
696 84
809 826
161 795
871 372
187 532
847 865
489 12
1000 685
953 245
640 900
978 558
431 646
487 234
227 631
82 945
552 227
10 647
506 708
100 855
469 110
12 767
499 162
668 30
698 831
767 988
614 49
625 826
130 199
735 713
970 48
348 114
245 10
950 859
535 337
324 287
820 526
846 786
936 525
95 175
418 439
136 84
282 811
922 418
556 734
310 916
627 280
134 788
819 857
36 595
743 142
530 112
451 538
528 601
136 50
657 410
6 886
324 619
364 134
932 311
319 803
694 97
644 159
330 789
65 946
438 646
903 36
214 692
823 758
952 833
638 963
465 711
195 443
80 542
995 846
672 292
932 294
66 825
676 345
465 263
705 735
68 345
150 309
414 61
714 842
49 409
707 101
393 243
188 120
36 327
870 570
394 803
356 912
104 770
406 599
77 820
207 148
413 8
449 385
458 535
222 931
231 53
533 434
947 896
402 945
798 285
182 292
358 286
434 35
395 945
425 472
182 754
755 160
990 71
832 639
189 601
415 197
368 860
677 125
631 279
573 49
989 663
410 581
840 444
74 44
150 173
889 178
219 2
475 939
954 724
219 245
135 258
880 990
857 195
569 89
92 513
607 699
768 487
907 672
487 321
982 599
932 613
601 551
324 602
233 841
839 318
420 759
599 807
207 388
906 439
618 410
666 949
909 678
56 68
527 750
34 414
509 448
955 94
208 239
19 92
133 432
883 422
96 845
754 280
276 648
431 215
357 984
525 504
615 854
296 766
676 539
964 921
685 391
254 547
543 670
200 759
137 375
223 354
250 369
656 806
668 320
986 678
170 545
781 561
103 543
268 20
495 848
103 462
145 939
53 439
122 833
504 962
365 354
874 240
698 684
822 738
525 206
92 985
746 940
267 982
483 340
361 891
494 635
969 987
162 317
76 539
83 928
633 191
627 611
974 298
191 128
818 156
2 303
251 566
478 130
790 259
227 656
210 669
566 257
576 291
397 945
892 554
643 134
760 41
355 831
37 34
358 374
427 778
209 973
857 909
151 774
184 224
846 633
211 526
888 793
103 476
279 610
679 202
765 943
908 144
562 101
441 698
20 678
78 211
913 417
359 584
284 488
866 322
803 361
843 90
605 311
168 294
563 886
624 124
574 968
516 937
140 227
333 220
619 693
445 349
687 534
507 624
399 542
711 181
445 55
1 986
193 153
87 10
649 965
768 304
492 212
922 39
33 326
122 310
657 669
463 184
717 905
941 789
596 381
841 91
665 73
263 956
82 191
827 448
546 732
575 427
774 825
198 923
906 236
757 888
90 40
221 820
607 255
39 969
124 604
293 439
839 242
221 403
522 813
185 720
921 874
386 968
544 857
732 772
345 550
411 109
967 777
202 957
579 343
887 611
704 341
717 568
392 53
986 609
645 58
762 955
239 133
436 638
218 43
821 848
104 277
892 54
246 164
79 988
49 50
854 39
704 217
592 802
65 326
906 1000
737 138
890 381
258 403
342 109
801 877
418 70
311 218
31 532
690 618
16 987
981 876
402 636
429 494
219 806
557 328
487 866
56 890
57 552
688 903
922 695
647 707
30 668
960 641
930 673
731 775
948 391
984 616
523 696
331 315
530 484
925 331
808 395
7 311
226 494
656 854
866 676
63 576
37 258
272 696
543 162
991 987
618 234
588 711
38 954
255 989
960 586
426 852
405 954
88 104
137 236
87 652
925 413
443 515
349 508
350 672
567 872
480 373
55 975
791 817
638 284
728 511
690 926
307 796
810 160
394 326
361 617
628 33
733 91
797 568
269 412
375 991
198 206
13 242
333 611
411 166
41 641
220 279
732 883
310 975
531 848
916 355
933 69
764 959
215 884
153 392
677 829
459 362
293 368
22 503
145 597
374 292
907 463
901 262
507 954
157 290
843 59
258 461
271 803
904 462
101 279
804 672
368 402
364 585
994 297
210 8
989 572
576 575
323 693
673 497
196 555
258 905
90 81
725 563
887 834
657 404
215 719
992 937
141 84
240 557
833 773
747 44
143 488
306 133
577 310
9 768
743 744
436 228
979 152
891 244
533 551
983 578
794 817
940 435
138 564
124 51
331 620
789 487
383 206
229 644
387 134
328 838
374 923
443 24
859 710
472 359
383 368
98 632
480 432
308 136
906 908
157 181
478 517
576 289
992 249
632 752
528 353
837 681
615 546
365 264
167 680
617 830
440 644
284 793
606 758
103 750
676 310
275 922
878 121
116 554
857 229
6 538
427 941
781 247
98 276
430 613
813 757
917 729
859 376
172 781
62 397
596 486
29 64
460 914
327 823
291 444
810 832
900 24
182 346
321 663
580 822
429 435
288 583
620 942
647 972
465 941
277 693
569 686
903 120
984 253
549 767
894 771
510 746
685 915
906 443
706 109
521 347
265 482
457 122
11 297
907 215
357 652
766 585
213 811
575 519
338 822
638 403
406 945
265 939
352 51
749 380
633 945
840 499
164 867
379 857
589 474
148 671
411 173
685 620
206 466
792 431
986 146
593 223
961 777
524 487
550 772
15 890
575 664
411 184
641 615
662 175
83 911
957 893
1 290
734 400
51 442
685 172
839 276
131 498
600 531
6 570
7 614
727 166
404 639
623 294
557 80
722 842
841 297
987 184
583 656
23 546
401 22
304 462
572 761
296 731
165 826
431 282
984 726
899 81
469 11
459 312
933 499
289 470
906 258
737 931
433 954
9 864
950 979
906 532
726 724
893 237
240 468
301 255
551 449
974 800
870 600
942 520
473 604
637 291
139 27
715 936
523 461
575 531
587 861
504 517
388 562
609 92
698 867
357 896
753 217
712 888
597 29
179 568
15 342
956 795
945 998
580 930
123 658
146 544
601 592
277 865
18 273
44 695
371 608
746 884
846 111
899 890
514 718
701 576
144 854
93 215
850 399
14 659
576 249
352 343
909 94
968 166
54 375
663 976
177 141
366 75
80 306
812 94
951 863
430 643
714 804
754 402
69 370
914 119
470 387
441 722
621 246
846 79
250 717
415 477
44 456
638 712
826 602
