67378500000
91183050000
10724900000
79721500000
51236000000
49578300000
51761850000
41000350000
84658600000
26243850000
72198500000
88842050000
34913250000
81253600000
60699600000
58698300000
51331650000
31584950000
13189400000
24343150000
99670250000
36931100000
99533650000
24414000000
48187050000
41397350000
48649800000
46367650000
48870150000
97609850000
68708150000
1226150000
97120600000
20210450000
76393500000
42536350000
86596300000
20703450000
84571400000
53656550000
32528800000
59191200000
44566350000
31575350000
35580800000
7016700000
98010800000
19276350000
26323200000
5139650000
5191100000
32689200000
8567450000
33073650000
1427600000
69970750000
90078250000
84358000000
61910950000
71833050000
47675300000
11743250000
61583400000
2456650000
39378750000
99802750000
68900350000
33669100000
62017250000
16829950000
86512500000
57115400000
65236000000
58320700000
83285800000
97738500000
44520650000
6525900000
95417000000
16472450000
84165550000
85140000000
80448150000
91158750000
2314800000
78841200000
79384550000
61352950000
17991500000
44602200000
21533450000
30083950000
48845100000
91300250000
16938350000
1978650000
57213400000
39695300000
71806300000
99626000000
