100
1 50000
1347570 
1 50000
1823661 
1 50000
214498 
1 50000
1594430 
1 50000
1024720 
1 50000
991566 
1 50000
1035237 
1 50000
820007 
1 50000
1693172 
1 50000
524877 
1 50000
1443970 
1 50000
1776841 
1 50000
698265 
1 50000
1625072 
1 50000
1213992 
1 50000
1173966 
1 50000
1026633 
1 50000
631699 
1 50000
263788 
1 50000
486863 
1 50000
1993405 
1 50000
738622 
1 50000
1990673 
1 50000
488280 
1 50000
963741 
1 50000
827947 
1 50000
972996 
1 50000
927353 
1 50000
977403 
1 50000
1952197 
1 50000
1374163 
1 50000
24523 
1 50000
1942412 
1 50000
404209 
1 50000
1527870 
1 50000
850727 
1 50000
1731926 
1 50000
414069 
1 50000
1691428 
1 50000
1073131 
1 50000
650576 
1 50000
1183824 
1 50000
891327 
1 50000
631507 
1 50000
711616 
1 50000
140334 
1 50000
1960216 
1 50000
385527 
1 50000
526464 
1 50000
102793 
1 50000
103822 
1 50000
653784 
1 50000
171349 
1 50000
661473 
1 50000
28552 
1 50000
1399415 
1 50000
1801565 
1 50000
1687160 
1 50000
1238219 
1 50000
1436661 
1 50000
953506 
1 50000
234865 
1 50000
1231668 
1 50000
49133 
1 50000
787575 
1 50000
1996055 
1 50000
1378007 
1 50000
673382 
1 50000
1240345 
1 50000
336599 
1 50000
1730250 
1 50000
1142308 
1 50000
1304720 
1 50000
1166414 
1 50000
1665716 
1 50000
1954770 
1 50000
890413 
1 50000
130518 
1 50000
1908340 
1 50000
329449 
1 50000
1683311 
1 50000
1702800 
1 50000
1608963 
1 50000
1823175 
1 50000
46296 
1 50000
1576824 
1 50000
1587691 
1 50000
1227059 
1 50000
359830 
1 50000
892044 
1 50000
430669 
1 50000
601679 
1 50000
976902 
1 50000
1826005 
1 50000
338767 
1 50000
39573 
1 50000
1144268 
1 50000
793906 
1 50000
1436126 
1 50000
1992520 
