5
25 25
618087 1722935 1853400 1151291 1950277 399785 1820109 1441670 1972960 137588 631101 1947859 1317169 427870 1389329 994796 1344123 1704949 1708178 1398048 802673 1258852 440885 615227 529056 
25 25
1683764 293595 1825879 1612287 1400577 905590 1312993 580151 503903 535307 463645 88658 1542519 832524 1638434 343442 470066 1241489 395104 1469969 1838767 828254 685260 1674522 506479 
25 25
1027614 1595216 1617480 1983227 1119319 1782263 621401 574703 1139590 362593 787107 1829321 672988 100233 643002 1567874 1086482 799660 169128 352654 1259988 1379860 521691 955899 948447 
25 25
929470 1161925 1623827 555974 1517905 1861602 1633826 1543640 1318631 655448 1290120 815827 866568 856392 365095 196956 1741012 1237285 1661811 313244 956450 633366 145861 662473 1947618 
25 25
1744333 1489586 1546735 607635 282011 1128449 1353731 1326943 285063 334663 21394 397007 1546135 1821838 1708732 1357781 569045 286757 533435 1381005 971571 17828 1089177 946744 721127 
