10
50 50
1705893 530288 1127393 116750 1638764 1768088 1497844 1565728 303531 1017206 1251141 1480572 491727 358394 958955 969578 269666 560032 1843822 1600855 433457 1290038 1730414 1344340 818581 966616 1274431 1491840 641167 256321 90776 1083462 1168025 61025 1357662 225203 1513365 1590289 286095 187357 1676816 1691364 625309 1946564 361572 1001228 584337 1692997 1137114 358206 
50 50
1486450 896266 1793703 1009649 333534 1360881 833452 1748789 8457 430914 1992627 46088 1668344 221153 534712 749205 1097579 745680 448617 842485 1145406 1217135 1195842 350862 1750996 526715 475574 1956230 1059207 339041 264627 379323 1231166 727240 681314 7897 539896 1117012 1893293 702611 806738 179715 1470505 1114016 417264 1795027 1191948 1809658 996131 1170422 
50 50
853473 1076374 1585081 611653 640586 881355 308584 1217210 995443 1634624 1843206 1174326 1222633 1756399 1557081 806093 1878183 98292 965279 902506 676326 136525 60415 802887 785381 486728 1965633 581969 195172 1375813 1039497 942924 1170383 287197 1421999 963818 370202 1674318 230774 1220473 1340359 1093503 1499602 1444251 749618 1310209 1481816 143629 1891796 103437 
50 50
398738 748277 358044 1738692 803056 1996637 913459 1102157 931600 1029557 1159626 544492 1013887 1833439 1321415 742999 1874644 1537459 1003359 1522311 1162307 1260250 1471952 1697641 1982510 1361461 1619621 1937795 211024 519201 698987 209959 568158 1921272 84701 1768129 368126 1494867 1385809 1310413 169344 1755325 729902 362964 273368 1237722 840515 877197 1431074 566756 
50 50
809538 869889 1390816 1117359 525953 1985124 1128650 321208 1754956 1962072 1397677 1137018 1583421 1495083 1356775 1284834 1069218 1177099 1161208 1538847 668788 1549889 1606722 822676 723506 824088 84117 1683803 1754841 1613395 1908012 1992399 1160203 206323 956532 1159768 1925090 1913620 711174 1233396 737089 1072619 543071 70308 684637 618686 1408817 308821 991763 1918259 
50 50
1079032 1089831 728515 298470 1630304 496220 1685908 1503002 1837114 116952 320450 1018498 1121903 1825845 929376 817598 1810566 5076 1101825 1458100 257450 600313 155630 372759 721433 1974787 1358883 1913359 1821372 619217 1113583 583623 1775053 1086944 930672 992619 643811 1051817 1531208 1739685 212231 1287596 1984583 1026726 1697071 364911 629065 1473748 736679 1794742 
50 50
588737 752522 1681390 975511 185820 692981 1283897 475876 460848 1796055 1462101 754568 901703 1854130 1820940 809326 1216161 1795658 1569878 1063719 1677794 1009694 350550 1643355 508011 100312 342075 605516 647503 1227819 1466768 992521 781076 399383 1896886 645071 976326 314730 1094766 1308577 1617892 1083857 554479 1406273 704736 581591 1580478 1832213 1817815 1787878 
50 50
14035 1296028 578596 1186876 557611 478449 668504 1852866 1526251 1282853 1225284 1782964 1277156 996800 1921768 1476663 264372 832390 592608 910506 413502 431897 48342 437548 1679943 1995489 1488876 513877 1345325 1113275 1569681 839189 728205 85906 442932 1785426 285117 124679 1637071 1129301 1435370 1808184 1100002 706019 1188670 1522085 1252806 677035 1958796 1614426 
50 50
300556 73518 1623522 40885 1583506 1791230 1133149 1410357 1726482 1370242 931850 319110 1126745 847998 1906573 1659845 324571 1012501 1524551 1684035 877511 1235016 1646591 512505 1523099 623226 321842 793906 732989 1982277 1749829 127648 972454 146528 1378311 85662 179410 1206426 484359 916567 249616 886829 1572604 1897682 156745 1619080 3180 1638093 1250272 1698196 
50 50
1635623 1524674 1110031 553342 872952 904664 819026 1275674 1811398 519186 181986 1449170 1749926 769065 1716343 86326 1702188 937873 1522147 1088528 1244866 1327042 1440993 1182944 149060 250119 309137 1984490 724823 1713092 155402 403766 1616803 462749 110893 837235 883132 461795 1541280 369687 864489 1356628 441531 1568242 443409 1424549 1628295 248611 517196 417771 
