20
50 50
1876581 1828722 1457814 1601177 1453162 735692 1819080 174238 1570989 1814855 1751986 919330 1265843 1137991 1506874 1103850 1632520 277714 554677 1407884 271996 416443 117790 1097569 1465544 1726099 958778 1931513 1806450 1558373 1713070 1990566 1564426 1714432 1418882 739013 1409287 1559456 1071669 222328 1461831 1797111 291600 438053 1515482 833842 140905 1594622 1593172 1838763 
50 50
247567 1145387 1311873 629005 1557273 915475 888929 757725 125910 131314 1230075 1867600 122033 1928771 1434484 1042187 597044 1902705 1528112 1619264 1741075 1743518 118556 597663 482384 1281346 875806 731504 1097746 44986 1932421 1450611 1075737 595098 558266 499619 250195 811362 62592 1532064 1310066 1925138 1130732 1503414 1231859 179410 1860223 1837537 1958669 304738 
50 50
1700099 204419 1688360 1235615 138246 155319 1332212 1086014 164019 586526 1289293 837879 351800 583383 574564 124096 757283 252479 1160494 1227307 1908530 1036738 199737 693587 798362 259750 1764730 753645 1185278 538265 329280 1131994 24243 1838661 1234496 432995 1280783 854007 1117286 826887 733314 1213570 1793793 996235 292418 683858 328558 159007 684907 1779353 
50 50
1528495 34069 1714798 602304 795013 782575 244979 1835208 1205421 1182501 670999 765002 1506614 663414 816894 596073 570523 597264 1829333 137621 325123 159818 522643 735465 1935169 125536 1187004 359863 139528 85205 1954486 1930888 140408 1859178 993046 966734 1009541 889251 522225 1981978 1128323 765341 711203 155345 865834 1772365 674551 288767 933494 783009 
50 50
1072204 182460 1147097 1819060 1273945 1238136 291243 210313 1424891 260621 1892062 1971890 1882259 1062247 1618658 960767 1592972 1959209 177454 1001064 1764763 440724 1749934 1593126 906722 1806477 92522 890355 488383 238040 345777 1856643 717224 411124 553601 1653922 340363 1481087 1814214 102757 124702 1787508 941779 263234 467599 888792 60123 89970 1391633 1040604 
50 50
116568 1163071 22239 1512473 347081 489547 463575 460488 501968 117845 1286350 662997 612701 1250127 1397824 14682 1680868 231122 349038 656880 276437 399285 378053 856557 1230695 1952428 306774 298861 1093116 172293 249853 296651 1656885 485207 513305 1627638 444837 1289749 1696098 1375484 1189815 305583 1590672 209717 902850 1667494 920370 1679596 402739 586903 
50 50
1349998 447968 1955217 1604312 7911 1716610 715934 1975462 1283541 1286272 1975182 266239 216201 957497 1161073 640275 1777936 877891 1409722 1306848 1629705 1532503 587504 925908 1622066 762319 731364 1683934 437457 1286556 41538 1718343 1267674 1254563 1741815 440545 375750 466073 1128837 373973 305919 1157464 332763 1862254 1772685 3097 725458 201001 992971 281093 
50 50
197749 1501969 1229668 1283657 842288 655626 1511801 134084 1730629 1394192 1847600 1546133 643691 242736 706849 841024 660548 1853897 799879 202507 545486 1023944 1449761 1746089 1868429 1466713 482207 523510 261635 311676 758745 1521861 976473 626440 1801911 1623692 1277785 1151084 1181215 1799744 1050500 322472 203422 401542 1959160 384077 1894666 802845 1757954 368039 
50 50
1404478 360118 1840331 1576273 1634181 281537 375186 747553 1693451 1294483 1363165 1492479 886409 1538334 1480396 1665289 1310314 1356223 1521329 348292 139687 79998 1189927 1974212 216707 127274 673104 1963896 1088953 1763356 837920 1733740 39911 226073 176405 8538 495772 334319 954915 1445667 6006 1310374 1524509 899582 1650273 950288 1031023 1785249 1200606 1365521 
50 50
1975904 110026 289736 1893302 1435254 1147138 552699 618566 1104805 37298 1262436 1274333 2319 1336469 1298848 1413431 1678372 388628 1993068 703436 205947 779239 474283 1326261 581516 963112 1601100 908513 1344661 670450 386483 1771049 1985443 1573191 1255074 1816733 249558 1662013 431777 1754521 330848 1155000 1341329 693249 1997233 305853 1817220 220365 1711810 211537 
50 50
547373 1178348 1210288 455272 1336229 828821 1470481 1552676 1748035 1289980 774189 1416291 1159516 1477772 359210 165504 1108574 1846646 896067 472833 312952 270951 1156080 35120 855212 1602504 1295981 57258 964833 1899568 1103810 705181 95067 1611228 1128008 853594 98883 903358 1586014 1669453 1672832 1291734 1986877 146584 1747960 1292050 1299783 1030389 999464 2316 
50 50
778085 442789 1474470 1009777 157708 1246210 328274 1626992 1389093 775086 698982 1087368 1310598 1564811 222382 1164991 1064892 297566 809450 1253783 1208593 56604 104556 1729067 103102 258629 1794883 829824 1462598 376738 63946 482022 269682 1432600 924318 967658 1358868 980039 1873938 294401 1247316 415442 700518 1968447 814588 1895768 1168488 1905892 847153 679988 
50 50
1172548 1356567 109157 353136 1511938 1471504 1885628 1582394 299768 1211113 437215 1498137 857804 372560 246193 1270519 8199 756895 261602 1724485 525133 802345 1629541 1944765 1778182 1142560 393750 374531 596329 1018148 1487569 163723 1353254 1429867 1989840 974090 972203 892663 1203721 1339709 605300 57641 15761 862567 1797922 690148 1248652 352887 354913 199083 
50 50
219963 1174293 194046 1017532 975091 524671 1683918 176935 1735907 1004451 1684076 6193 212110 8581 1152999 225428 480423 1582073 569209 675126 1961629 626448 275574 1366052 1001703 1773527 899032 1937963 1604249 240884 1522201 790241 1590262 439657 347458 1664026 1182961 1216829 213713 770361 1564689 774584 23943 170629 1181223 1568022 1091572 1387293 946748 1051897 
50 50
1223365 1949544 184784 1571796 295350 1041488 1523223 337868 719573 1136135 47739 356316 1739801 1870976 568350 486476 1898025 1926688 433893 703839 799327 1824708 603668 1969678 1988152 247887 1041781 673514 1770211 742758 705595 1990439 1967119 38070 257915 1103726 593597 941058 1332671 441192 1170873 1061256 1721248 411741 564732 689441 1015705 882996 1024567 1450261 
50 50
1790354 942257 601379 1414847 1406915 1783896 1579744 1543768 633488 1611240 227910 239949 758816 1935356 205719 170782 1406991 1632771 400578 1868331 353561 1619605 4302 445406 1990522 1191096 1982631 1009902 1762351 1543098 1074988 1998265 908130 1778827 1146189 585722 734661 605430 172382 460805 560249 962149 1331904 773315 1703750 263324 1191236 842127 830690 1052321 
50 50
558146 665868 1839127 205949 1343539 815297 3410 107359 491938 346160 1106440 1389937 734354 561349 260764 1700197 385439 883387 550959 1750755 885157 1377054 108938 1644485 353941 114043 1645890 136979 950047 422879 999523 403805 159356 297739 1977262 1991069 237244 1759646 1390558 832741 703819 227156 42874 1731099 573211 889794 1542449 1585418 28943 530503 
50 50
1219996 1795575 1264594 1071684 322457 305410 301550 1621257 1853167 342538 768221 1100030 1836908 949272 1717186 1994873 1105098 469212 1890705 1390631 1105151 572791 1273197 1811033 201542 1050697 1783980 1648130 1435708 1822661 1669146 268662 922335 934439 1082943 739754 1534351 1001880 488612 347044 1311478 1492561 690292 1287796 1684743 1346162 1579472 914180 877549 181776 
50 50
149235 666154 688233 818826 316260 616196 1181217 54149 1934962 362563 406455 1048658 1519202 189073 184010 638489 1952113 1223076 738228 1154960 42670 181161 1829710 735508 1393474 215074 217678 1266530 715066 1941395 1113068 1394531 1581335 1566682 1367575 1260504 1191663 809156 615477 1156869 791221 1070459 1646579 548746 1566201 1237409 1935464 453974 85343 1550333 
50 50
1953362 1654114 244827 810283 780058 383249 649047 23103 1390562 734014 52834 372740 618103 1950543 762669 1079380 1677519 1456991 1416370 1418047 354323 749966 890454 891575 1685776 564207 1987523 1828707 666633 963179 1601217 649092 647470 1246625 791167 1054603 1467930 895022 1274249 1775921 1882679 1106801 656633 1948962 739976 1527507 1719620 636321 960128 512738 
