50
75 75
1978206 1323390 571593 233250 64640 1235777 214126 799548 1263968 1327410 1275124 1831944 882754 1801102 1797648 1047921 482788 1716834 85752 1712515 960584 1804056 1844264 40687 890489 1756801 1200075 270000 292986 129399 1930803 1112352 1624168 442832 1261344 262597 1366143 476304 1835439 1980560 1414059 1637902 344534 1264799 496644 904521 1903967 1976971 1031957 1737692 1029116 745438 1744660 800585 680742 1201513 1564418 40046 279816 1843488 762424 701464 75128 1223669 730303 667671 1777417 617022 357414 1848184 1073802 356030 821526 485600 1031507 
75 75
1479795 1778037 1240926 1018712 122888 1049693 1409325 167456 246208 993832 1797419 263645 551922 1003764 459200 614826 359545 1841848 1236553 874847 1250161 1358663 663804 1772163 634577 175711 1694378 1461448 1185778 238721 1445995 1153971 556690 1947114 982291 1679104 790740 1588501 1010286 303542 300170 1214789 1453477 1889559 1495040 1010443 709458 1547401 1133861 1685035 502369 1013123 1675553 1304257 1422382 1241887 1819894 541493 27960 899050 1521665 291453 1221182 1994020 156234 140875 1957964 970616 1766827 1017452 1314047 1877410 659943 888726 476905 
75 75
1086121 448409 1873173 1033259 138914 1851209 659325 1807253 24228 276161 1428736 423466 803453 104863 642501 1826534 1002383 105647 1242951 111471 1422928 1649991 253465 1071903 44140 930202 1268028 1057314 1043345 1236643 1727184 1314236 343946 1156443 728079 479435 247742 316147 1532969 1085001 846214 935824 516309 1383510 14075 1246236 236464 1676657 693823 27409 1758256 894486 1909710 785297 291089 1918044 71431 71910 286524 1994720 1366818 1049263 1836612 1402857 1367335 939652 1628612 82946 333176 1961964 1743688 1237394 831587 1421461 585640 
75 75
59531 25859 1048467 1517178 1131255 514173 1409894 1058261 785322 1626709 266981 993195 521618 729488 763154 1983513 620421 1636830 1443098 1636043 1978157 1591438 338084 1341995 1349529 493869 11838 1623360 458989 1135470 1221929 420596 271354 1313206 627502 1112316 1730550 1908874 1157106 249383 468977 1830034 1953335 1419222 263361 1702069 1261267 1816982 1445639 1487163 46913 1659124 1565012 1650730 1540943 1971571 1836363 1467477 1856689 1673435 767509 1888078 1341278 1145040 350644 699563 1057600 1934202 1672851 895938 279113 1390150 117624 228601 433519 
75 75
768419 1202923 565740 1663457 1226629 1459495 1247840 842246 303825 1031027 1400797 1008364 1672012 1010514 111815 328147 1489255 1220596 1592156 129976 247878 1330560 369597 50208 502454 1071792 1285394 1894262 738584 937936 351453 1983637 449784 911182 922815 688656 1242277 3751 1989075 183209 756962 935991 1603754 1538461 261646 49922 522254 1658466 252748 1534743 1875949 1177833 371594 1709573 1812200 1549968 1973031 412192 1584784 73101 1402195 882813 539457 972376 1348594 171973 1085368 877293 1456723 864201 244280 278594 1984748 1066171 1935504 
75 75
553264 1216303 1179951 1599394 1038296 543962 465412 436729 1324793 271677 945338 578920 1876265 883888 1869577 519976 1257399 1853005 887448 896277 1292670 1011490 1290554 1985060 1575798 1750337 90813 422344 638852 361148 384824 672087 1945541 969589 1500042 1349095 316746 1887981 1626944 1439718 1884166 492406 750819 590255 1025322 850980 879067 1824856 457782 65924 1205866 1277804 344465 1011724 1310341 971325 73338 182390 1529211 1399198 539652 1207937 1532139 1261997 683159 900197 436811 223869 1879572 54261 1249405 987636 454935 1764715 1929997 
75 75
1485457 136746 630229 808008 1848032 378800 76821 1801031 1919888 1838199 1013287 804575 433525 1919902 1151556 229433 102353 528901 1749163 1372334 488938 281054 1572942 1852181 1291738 4411 1234118 184032 1918546 823135 655369 1421490 1519581 464587 606762 997100 1169233 1966590 1718710 244864 160803 1854446 781107 1130907 8292 400306 1452498 944770 454412 695425 1756549 1806292 173852 715508 162330 654431 1606830 1411138 888557 1242926 699186 1407271 1206283 275685 145627 1495905 1271163 1692516 243926 1011932 859139 1611983 1639346 1957244 1856637 
75 75
1006730 1235845 619597 1096456 1604629 189750 619486 469658 1713302 928793 290009 1976898 1370500 1599873 170156 765946 857162 92230 271777 608904 487930 255043 1282007 1976843 707763 1412182 1062798 562831 1569277 1065441 1861568 1147890 1652080 399950 1210806 955933 1366108 240351 1602626 219129 51778 1591134 669298 373270 136412 1551979 1278924 118111 709619 1088320 1707706 289945 1005426 346435 843586 1220155 952128 767172 596793 291499 258200 726465 668921 488711 275833 1673066 1963517 731185 1525806 924101 391208 1042339 1555495 1342524 526157 
75 75
102910 280748 1832840 1395807 430000 1778810 739160 1106256 1466152 810506 807248 1844230 610534 1631883 526156 1918794 1754293 1061651 1087227 971477 727036 217825 1364038 462800 916462 341295 1524921 1156830 784049 582243 71629 757984 673650 1777181 260669 611402 14994 129070 1173066 1299571 1895262 1095351 658326 1321459 339868 386515 1282309 1170172 124825 386902 488308 1997043 556760 1901959 1135123 151475 339451 407808 342938 1651834 1066152 1818288 718061 1802510 1402019 229180 267501 1780728 497782 730683 1227136 965811 1216451 1906666 1508621 
75 75
776574 1453093 1028543 1333477 1003914 1455653 141859 1332491 1879250 1963086 281056 232935 1723042 298603 421398 1707817 1513810 1849653 1493247 1501424 1553146 939139 547998 1427664 1990937 1535927 76588 637831 519986 1661947 461906 204240 452620 288215 1736390 1548295 1531493 1128194 1154895 869855 362649 1654882 1424889 295729 1101800 160089 1022504 734669 1737492 1801018 397945 1146593 1487223 1944714 289951 930122 481125 117638 209287 1624699 142456 967625 1055694 115709 125450 25526 271041 865331 1022435 1383060 752076 1133473 469619 943462 1608446 
75 75
608859 1988121 1284027 299657 1372954 372096 1818118 1819567 1406640 127110 29676 1944780 909924 703798 1788260 85358 649515 513264 1206695 1494731 1070838 1354245 562901 1534760 1479006 1581394 348235 1804372 1166914 1509758 1819659 278612 1907564 1754230 1565016 1700731 1690300 1473570 591663 1626852 1246620 259147 682197 1406135 1809132 1691884 1252029 906562 865546 1652220 520147 1346098 1111175 1424656 354174 1463673 899638 1501768 45188 1990976 814531 1079554 1101510 1854354 83387 1048962 1071820 842439 1366288 377584 537727 448781 1630946 1351434 1655737 
75 75
964931 395178 744353 1121058 754931 889724 1872975 817446 128596 1192662 206700 605060 292552 1161836 1352897 858225 518976 512178 1474695 822018 46011 198152 653453 98468 641781 649683 447012 327320 1115910 916958 1040404 115257 629521 1813813 165228 240754 1008722 1582941 300417 459510 1626574 1243404 1121386 1248099 1956387 919551 1041969 171543 1258043 1617682 1170982 265393 909583 43280 1762854 30933 188741 1158402 1923030 1362816 1320636 945501 805449 1158651 186979 1520391 764614 130031 1931944 131574 1870287 312608 990717 373945 230720 
75 75
90303 1049696 951429 522847 1522381 1173789 1873847 1808215 640994 618248 1493035 930897 1023757 931430 1290929 12598 1814946 1063973 1402647 173377 1490063 1857882 398458 429324 1402445 453489 1514735 460208 389473 1189341 1880442 51866 710915 57476 1092077 691239 474917 1285351 227344 354066 1633184 1610460 1758361 419942 1278129 655264 1508027 105505 1542267 557657 187398 1909081 1612932 935839 255402 518337 1274826 1607309 1567575 757737 1081779 1189938 1964362 1476778 1436049 1261087 1320514 1880568 1657890 1326548 967331 1666004 679018 1068180 1885657 
75 75
637645 1072351 1296695 1491409 16339 1169031 58564 750267 1757882 629143 1650799 1747572 1378285 1626404 1376877 115925 130330 500508 1646546 1364488 1863336 1148391 260171 1932068 1901052 1650001 358309 389075 1411905 1669854 1662949 866620 265644 616128 170289 1718300 148129 1976777 609639 1847071 1529278 343979 1226834 1382134 639527 900100 1945923 1875457 1972962 705136 5988 1678779 1618978 366425 1792293 791731 93709 1228811 1241094 914758 190009 322397 891756 1342137 1681287 407951 1868503 1102133 1989603 1693875 401977 594132 1332041 169266 1854162 
75 75
1251840 1197552 1149009 445227 812866 659552 854371 1262452 1035282 1725050 977837 1206932 415711 1011094 569508 777031 290063 1317575 7144 1468800 624390 1163025 1628734 28870 379757 1358595 37635 1480804 1362679 1846126 1593721 1358567 1981110 1604020 1103962 1935918 393800 190211 386541 920107 1895571 785039 1991138 1362566 1118886 1093602 696482 1863556 279530 302976 1682378 146874 1671184 1877722 1190399 1645468 466293 966268 1521381 1305957 1720642 986473 242959 1091380 1397327 1285234 960721 41495 761412 601189 1780028 272365 1276718 1579051 1509864 
75 75
1235023 1606675 889661 211925 1740867 513005 20491 1745383 192719 964206 340250 1652065 1964756 168905 1133485 161092 1074152 896972 220350 1317566 740660 127171 1112987 965296 1073858 1584394 29936 1825311 307084 28986 781049 1358718 728027 84569 962729 585533 1884813 1503178 1227798 383359 959688 820202 1835841 632891 1731331 564880 1134126 1997105 1879023 1347266 290071 907906 1219924 648697 351160 1130802 618125 117180 680791 625818 32420 1981381 1677725 1908095 810695 695205 1731887 552731 1642431 1584247 110021 233119 1433519 1971213 1437946 
75 75
49127 770434 1881744 1344363 1052719 32630 550854 1741599 1941234 125018 1168689 406263 1992718 27205 1721830 1365366 1867144 913416 1457068 315466 1543277 1863097 1622254 1314684 1413412 837190 1601273 639124 1861536 358609 978048 592396 651321 779403 1954597 1579015 645058 997114 1381808 1176225 595001 753288 1377105 668192 1800061 373177 611063 1694737 509547 1034780 1789310 1746594 728638 1375422 1357341 255272 1276197 642763 430191 798915 1892781 1599301 1978066 1011360 313403 1375505 45583 696662 469696 92214 1022840 1086312 166509 468516 508070 
75 75
1137924 196269 812145 1491511 661431 9015 695353 342881 758862 1909294 1468804 1577751 531564 1849159 1813273 956053 878233 1135440 697244 1312202 1191922 946520 1895527 1013918 748052 829634 373351 1270138 1568924 1834167 978425 1108476 1484431 1322522 1702441 907921 448806 662167 452384 1197705 357050 570570 49380 1187020 1365826 1287022 130199 134730 1077240 18633 1190355 1793987 1459410 330903 293587 1537553 441432 1238914 1724430 1717363 944095 262610 1032119 11994 1287149 263241 1830616 313048 863094 879250 1742565 106627 1193409 1178848 748130 
75 75
1477039 1184212 237244 1896289 1975076 48350 734618 93236 468185 1711223 1649727 877249 795774 56495 1059785 1601807 1591786 1408565 242660 1775220 1050331 1871990 106880 951149 680744 1918143 412397 910803 607798 1617265 891124 1111908 1065220 186631 1852750 1487889 1042483 1231355 1790936 1553874 1025460 1202906 759119 1593924 1673748 1101017 1289274 232821 231753 647608 457266 673241 526656 135510 1447848 1791273 1287555 1923322 802500 604499 1342476 1799874 1896150 1883324 508221 1843537 433044 1597 639016 819593 1988832 39577 1409918 308706 655171 
75 75
128065 591572 299532 29959 157036 1921240 55194 1565105 1396423 719886 405116 540837 1248790 138319 809240 211801 1076866 696060 859752 174875 918313 963564 556152 1048534 869087 1666734 1324497 528287 420421 831003 20151 1353483 715964 1956022 1286370 730546 1937609 29139 581108 1807953 636205 1369751 1752176 730295 1633550 853320 1213089 667822 1956039 76711 299411 827702 1898979 901535 698737 938540 788699 1823043 1682292 299486 1840111 278918 1789805 1520040 1415978 222352 149123 698268 1382732 1511666 1391183 1287422 745575 1044471 1841593 
75 75
1296471 1622111 1874528 872271 1746716 1778592 1946034 1261936 912137 25942 1787850 210768 415031 1093045 1204836 1906616 1696189 1503882 1121258 1912860 1121890 1572993 1121962 1200770 1189290 1513021 19188 1394182 37318 952169 202054 417009 193705 1267317 332523 822932 1982400 593998 1644410 1659463 636653 1171573 1471116 71251 1535939 72814 172905 455377 177129 1954214 616837 1564603 482105 557832 1096156 408305 468376 1255425 702958 1347400 1062164 1075896 802199 1218470 1913863 1115007 1223530 288153 1679523 890103 1188939 1139808 464313 164258 285114 
75 75
338154 1467844 683350 184198 846952 1253888 487641 653379 59615 1899518 1940033 733499 1782435 131548 1527197 1825434 1931055 1222711 1961961 1766777 1867654 576484 1158359 456335 1670884 1245998 843749 1617688 899150 1804574 1534010 831005 859538 975021 1984751 854497 1699866 1675988 1262156 1293693 278915 1906693 145499 554169 1723594 655573 904954 1793891 301313 1217431 165218 953768 62061 1808270 1688490 334076 598975 1190213 7801 1573278 1970041 167652 233233 957368 623544 1760360 1028273 1550219 1033169 1445589 1208165 43549 1300217 445937 1057178 
75 75
1002461 1218171 1862099 1695945 1772400 1431999 573748 685118 564409 354172 1570397 1663441 1481367 1142858 68118 1189149 1680416 656634 1452310 92701 480635 1593142 1776042 1853100 921907 1556153 1768655 1690954 1180477 97421 706092 995514 1486860 1638408 1728513 1736241 643960 647204 726269 972763 634953 1795347 652442 1390962 1532125 1170285 1745141 1867 1372080 305462 860477 1923603 651126 579650 1289908 1384691 284156 1692923 13259 955039 1592961 1666554 1204044 1248915 278697 1125652 517003 657313 571949 1710026 1530301 1498037 465577 1555140 1980142 
75 75
83887 1756861 23605 440169 1014067 460054 435964 1163986 1590229 1275874 1946458 1276131 1819319 413703 1207895 509854 1195476 112197 581112 800817 653383 1582718 1211302 970579 1652931 281786 1759498 1505331 1173897 537527 201248 1688425 1296457 442596 1337643 1263049 1084394 457581 1657551 1944012 647108 1732140 1969817 281574 435693 56327 437879 1047886 926156 1735366 281737 804007 1975399 946772 632265 1239368 746010 1965615 426724 1969588 908621 637968 1017719 1161698 1238542 1084219 1061428 969393 609657 166377 1288548 1362163 217319 247203 798104 
75 75
359891 1470733 1510612 155703 1644315 762594 328619 1379408 385851 1201967 618111 1193724 1561303 1316815 1896011 567126 268354 1542308 1660815 266325 1872110 1338422 357149 1410109 1889716 570086 344196 865209 242966 1559874 267999 456814 94204 672334 1782280 1466578 1525551 1733155 832394 1255102 169267 288288 256562 204489 93438 559300 1560126 1495473 1844584 400846 1077545 1398026 1791207 116961 976335 269018 1713294 597362 1796598 1501853 1376196 1518882 367543 893954 858807 1500019 247405 66759 1305185 552265 441443 1497301 40882 243165 1506676 
75 75
1272796 1666692 1617749 1641900 1901850 155379 87374 735991 1631118 1735722 1283110 1840692 1639905 854231 309064 1796135 265784 382679 1823689 823538 1662820 1446206 952059 849162 1608812 127253 819283 682969 528420 730970 1561456 743753 420670 1090810 1468386 1657548 1284439 568990 722554 144857 1007996 866153 1138493 1922066 50249 1588832 978637 644142 262288 419095 1802374 1275186 1266127 1750366 1082838 726903 1460645 653002 1110529 1647194 578404 729897 1553162 833483 1821374 1230870 1153854 1994558 1660364 1199827 192508 292424 952456 1843521 805397 
75 75
406351 383484 350576 769942 1285578 750719 1849077 198621 1482047 873123 79719 237325 1114070 1401954 835574 515025 1382308 1387799 236388 1492717 1158314 1417543 679177 1135036 771073 515440 1284296 1537763 1108492 1850930 507354 1565983 671570 1576501 231093 652075 746943 1805912 406535 1636785 688677 170015 105292 1926568 1352880 1693316 1586797 1344240 54773 1086518 1293239 1500756 129449 15074 631695 10223 671534 915166 235996 711093 448714 152585 396260 1350541 321858 1448024 993726 621334 697250 1265763 1198165 449306 391395 17492 1188767 
75 75
64114 369771 1190275 437342 60136 686724 62967 546123 1986509 1070333 551673 457785 1373798 1912244 72230 475679 484434 1273732 1321286 872352 873853 820984 134086 238199 1334928 1884855 1345215 1199478 190 1049651 518448 1210125 124660 1954308 152050 249791 1750942 1371021 770391 898842 1683801 1136152 1986308 1054109 561169 19355 726048 6105 1402224 76955 1587603 993411 439195 760664 1369260 786611 1645025 704401 958189 1299834 1571062 1904176 1256851 90254 1598327 207009 1996845 1928770 1930689 109905 1600845 1850962 1852845 1045051 255088 
75 75
1656811 1966902 572239 1439970 1070690 309152 171568 1339458 1719861 1851369 1223533 1649062 172749 1227581 92727 123929 527106 1693518 1722557 1893950 399607 147695 1281146 734250 1906813 1352871 44874 1654994 844955 1882235 193313 243073 1404222 548616 1939302 1077209 243411 1629113 1007875 969149 1956234 1490719 982662 711437 414858 1193324 525267 1936921 945021 180432 265118 562838 1464781 1475348 1169256 370378 466488 621896 1080505 1865123 193638 805236 1361664 1180524 1311612 317689 128777 413123 1543443 420276 1663079 698884 203304 1528488 53510 
75 75
552130 728708 849368 872632 356274 1699342 1769139 1365472 551953 1798421 1615470 341495 1265938 1107777 776341 1939048 84712 1117921 1990068 1052401 168049 544576 772825 1848384 1916601 1656316 85585 1232421 1862869 1422726 1690824 516469 1978291 1383059 1524262 1157182 667553 1137146 405294 113863 1782390 466824 1194684 1083530 1506929 1949229 1121114 1217118 15246 528942 1605059 335453 1844850 1728776 645771 1430384 1269630 674981 732280 432292 538379 210917 975557 536574 1010425 1688555 639786 813071 101739 1188074 1508361 762741 1928448 833872 901621 
75 75
1947164 798418 1565226 1252123 1658371 683501 622667 793334 1368948 1279378 519901 1528414 780480 769064 919380 1777717 774790 1713826 171561 1245532 1696150 957634 156485 433296 1013869 757253 1452260 675666 1513166 507344 368194 1187010 1507651 1474731 652056 1955548 1771532 1541872 1307846 1943021 1777616 1287343 734806 438789 966741 750821 1773898 1216236 1275527 872309 65203 858931 489248 254246 1575486 607388 1708314 60169 1172987 1807757 1653375 1691059 1448033 89299 721487 1766697 509208 98428 1353760 914681 1526944 1441315 1508796 862332 1013285 
75 75
300700 1106219 979489 306661 1135274 716750 861925 1284809 505457 998641 1732454 506562 1495512 1682199 630458 1811535 850964 613403 222039 914149 128891 1225538 1039003 986416 1905750 643648 780736 1487528 713508 799694 1816731 1088191 368099 1352420 1900317 961791 765731 1207849 1936955 1444843 1882951 1485025 435080 58035 533636 861494 426198 381417 527753 1012384 60953 680045 345749 1846117 1040472 768844 1870048 937447 536617 1931548 836184 702268 1045632 546853 1856881 809735 23303 974107 1158534 1861325 1540993 1667388 697786 241755 1591356 
75 75
169470 753998 1771946 1406578 197049 1947576 364167 808673 1493501 280166 1815135 313913 766380 827473 1516242 154535 588530 725653 1644321 1643685 952986 398585 1693013 1802870 222504 739595 1298385 470123 1812928 1975496 51954 201569 1679185 475534 358314 1867653 265562 1539459 406852 1991522 1790837 594472 772688 1208512 1107414 406809 1425939 143395 518416 727137 1716910 462972 293307 649951 824929 1286225 919910 136160 1643737 1684718 1477055 385703 637419 707922 1586369 1081622 1384430 127064 1273334 1157290 1538492 325934 125807 1493585 797431 
75 75
1378703 335246 1482916 977032 512289 322191 1224149 238205 1478521 418861 873731 344821 792899 23989 613381 1898731 1205554 1708792 706408 1981652 1318871 1388924 910033 1435426 1425095 389492 1917156 1290401 385671 1915059 1115344 1623093 238664 462025 939877 340965 156558 433420 1056633 222356 445532 135622 283286 797100 1901088 1156966 1829482 1041956 1725765 561743 188422 970367 502471 1127976 1220931 1123467 71043 500153 975123 1293477 1572438 799719 1467388 1462201 433467 1544057 1427485 627944 1916525 353367 1965451 187083 825383 52299 997683 
75 75
125779 1933292 807885 685932 1959489 975859 1155466 11631 1389679 1205722 657280 949450 1112619 1856578 815748 1684202 491500 1554790 1614899 1822310 89975 1841753 270962 1890224 1453298 1245837 871532 1796604 860148 24674 1296233 1329731 1209807 1972367 1448965 1115406 124697 1859144 1013179 970838 110474 1122724 750344 1106857 1768829 1874719 565201 1600289 121511 392495 221268 371377 38731 405898 1047341 992681 1265278 1601086 693690 443981 1590668 388804 1833985 657049 311047 1405092 364933 115487 948705 755912 306722 915040 833443 338272 339097 
75 75
993865 1855725 1218229 54855 23203 1498772 182152 1347857 481315 1164041 210215 1781053 1491150 1028557 1033487 766492 204788 1936589 1683382 737178 1033654 784268 1915826 711251 1896107 1461774 1188510 1176774 326666 1299331 1679940 1070573 199147 73966 1959278 184214 1355236 1591759 1556985 350593 1772237 1606456 1744663 1177681 1735123 1425777 108372 22051 905272 283050 1116466 1216151 960352 1749161 1648261 838595 1834544 645981 104387 1528949 124871 1794700 1514771 914731 1684725 1016665 1139026 691612 1897298 1035621 753940 1332521 1574439 581055 636953 
75 75
500845 1679931 1554079 895604 326815 609347 1490141 1215274 927352 259353 485000 172200 334156 763194 855662 1264688 1609738 1793264 1978880 837645 759169 135017 1854850 1836478 1193470 1555774 724530 1615243 898980 1722491 586266 772192 355533 1148215 1071157 1796985 1901632 1436117 455458 693220 809587 1325453 420080 165343 458930 792512 1836071 1882313 290004 457463 368979 1104024 1135070 1876445 1680060 210024 1781923 1310808 1145422 218403 387078 448734 206695 6119 838692 739410 1066833 21735 287113 1807094 1276604 217015 700174 292816 1210877 
75 75
328978 179391 1807587 1453230 1409661 421959 222993 438263 1551468 569237 819047 1189026 430566 213960 1022525 1056503 1704182 765621 382302 62241 409268 1449006 1063747 1583790 491001 576079 62458 99138 718435 374146 1927212 99476 1881047 132705 1677834 1779561 490417 403003 82982 38563 1046941 1982616 1395814 124834 883868 773663 994929 1158440 548164 865834 1447137 484655 1424426 1201799 1417719 1454120 1774519 1983753 988166 1591733 871887 1501441 1760306 1366063 1853462 1913096 213847 391071 993038 147815 1871330 642940 34657 231990 1874788 
75 75
1240644 1428720 1625762 1794542 1583231 1934128 950982 1288900 1031558 268677 533175 54436 688402 265113 127958 1544607 120267 955795 473752 384517 1811595 69444 992885 146086 774418 611297 645302 1147809 618835 1292270 1192050 1559780 219327 649102 95716 272656 622483 1141388 1691751 1063144 1216386 913692 53049 906739 1318536 1438847 1000755 1932936 314829 719603 1034441 235770 245382 1576816 1379818 275867 109308 525262 1936587 789606 1829567 104466 1464053 406661 514241 1819060 484952 222825 926883 1072971 519113 544345 1070249 938215 209309 
75 75
1597609 403032 1391491 1290580 422042 1481331 462942 822157 483466 713689 1593645 1285653 192439 518447 808559 121274 789300 1152191 1928349 1924611 1558221 1709120 1505776 1891437 1905663 1982070 1856709 313974 553182 530982 435557 1271095 104903 317529 780718 640877 20755 1266986 812157 478493 766300 724586 784169 708662 187610 385809 147122 66607 264480 1297648 1888190 371890 1247151 980100 1001801 592564 1134336 1057761 684774 1732160 1051845 512015 1717073 417215 1233132 372104 1184503 4023 601529 1610669 831429 1294747 1025106 1309865 1229500 
75 75
949370 1364272 1281864 1022374 183581 1416201 938700 386228 554486 105302 94638 621723 324870 1605142 1015305 1200199 1878311 900137 894457 1670069 1724886 1595110 1502320 1101954 1511389 42791 1148834 282357 6397 1822380 858983 268019 723232 612473 564111 988345 713106 1099063 549231 1959216 1655639 881498 1231940 1662441 42846 762731 968044 92685 1592287 1683392 655238 340583 1180074 265616 243119 1346047 1422628 1547413 435433 1719067 1802120 149294 589992 1433130 1356178 469452 1797933 1553992 1087692 1808508 1924587 178076 385703 1939424 1266200 
75 75
604603 1110879 723871 1480399 1120351 1955136 354064 1519210 1863459 806723 1534014 1115329 81068 1734769 153619 774198 1310601 343893 556539 35189 1200732 1284781 505122 3065 1294558 1812775 1060123 1631524 954761 1906136 53091 1030899 157556 573931 525622 1027464 1140640 988614 1925595 1996921 1820396 1917682 1480781 1771607 1933044 819590 147471 1004720 744142 973926 1030018 1349142 1060229 1543213 1593222 1230181 1861003 539869 1988951 857468 596708 248610 1477613 1890461 1939825 844494 374934 806397 1457865 1028076 732224 320950 956786 1077901 134056 
75 75
132634 351142 1322707 806687 1108803 1271187 1041902 161142 1413128 334487 272922 423015 716980 1311163 1320520 1495369 336028 930836 1150006 1456865 869284 1046081 893920 266894 1974276 1018622 892735 1104784 1092426 1348769 1465490 596376 247672 1832510 1007916 688402 334835 1631022 399585 434539 1051397 1191092 635674 931275 1939956 845541 105705 1295369 724428 836849 1415158 1699866 70938 1471469 496659 324882 1883938 997276 1213267 6618 1356979 439822 119759 1612066 1780569 415593 1628276 1638411 1828628 491803 1340164 1659020 30839 1859393 1922088 
75 75
1299640 993166 1505423 509634 1143396 425821 714308 1627752 1010937 1436825 1639685 1420140 457010 1043027 427305 834790 181719 1904117 557999 1564165 1290196 192547 1775946 1636972 789 1536257 1532254 1288694 1016801 234246 1904300 40715 835988 1886747 1934499 880179 64454 1247265 1777182 1764017 1447774 968122 2592 312787 192543 820784 156945 1619944 440820 1803448 419296 752624 1435207 812137 761342 889411 1941807 1885129 1666409 1543937 1326590 1926483 1204014 1278546 440691 885762 544342 1175499 1443760 733412 1644153 1371177 504256 878908 1017347 
75 75
387645 419699 388255 1975421 1595401 470269 783457 1845307 1544864 417390 1753790 369805 1695239 192029 1270236 978085 1375068 1317112 1303562 944581 466620 568581 344723 1772192 1141008 1370118 197680 903191 551604 1301350 968313 1260622 1212498 264177 851981 423145 46423 387032 1783390 476441 500928 1111074 354882 1544671 1354834 984073 1940520 1922703 1076487 1256985 574728 174059 1013769 866493 1997406 1258109 612223 307972 366726 943738 414934 513407 1490233 337256 669720 1703302 1773791 134910 499791 1279443 1126315 377067 1974960 52739 1660407 
75 75
629267 410493 578011 352387 1571703 1596156 1217638 1131255 1728875 1524366 1307096 602167 1666206 922556 847208 701013 222885 78982 1890069 901602 1198427 507037 1487227 525401 1829824 1292771 358599 1071626 889028 353250 1884311 1961034 706643 1507035 832553 1559436 704863 1701601 1809569 1459004 949604 1732010 934582 288869 664588 143078 1743112 577984 398171 1018839 1112844 1668819 704051 636144 816679 26266 867587 213260 354358 1081705 76274 1242371 271320 712456 436161 1312851 1699573 1527998 1096362 856068 1405668 1219163 972437 1583828 1451200 
75 75
793772 990615 1513651 1604850 295892 1738705 1808292 15493 656101 115916 663530 10427 1612674 1679046 1114337 744890 1800267 1553389 1526061 1418592 853845 33516 768031 1182734 1678621 1656772 435487 669396 246196 1986375 390685 879657 1635102 919203 368332 498486 971740 1266693 113546 1655741 1102328 411501 1791753 420889 1887211 649746 1311126 1398457 882601 451276 519266 89252 1505402 620452 1923170 1012659 1139607 1200827 1574299 1755920 1412636 1213224 1920487 908340 1841784 1734842 556176 192648 948356 1107272 73604 73119 1393379 1574711 1422951 
75 75
1817655 333935 30766 755593 28043 1109995 1999431 1434423 1650782 1715111 745780 1152093 1648388 682217 859390 429501 1937689 54914 66904 1688811 1330832 174384 1788333 188211 1292589 1234698 637030 411172 1160468 1027803 169530 1343298 809455 1645912 1962608 1849019 1867328 1035623 1511073 1139261 1288018 1354118 796391 272544 1260501 1454385 1873834 1839734 1391965 723164 1279565 555886 423648 1371591 1830333 1387464 1160359 1351511 1586092 1651423 1526954 1635356 288069 1935918 1608502 304683 635376 736952 1935068 924261 1845151 1025608 95930 1893077 603038 
75 75
661090 1324774 1366915 1533562 1210471 425923 832409 207003 1883918 861452 1307680 1265979 808002 1291815 1271579 654916 379462 1305337 359333 1657974 1769949 1802142 1692446 465227 92257 111272 285147 350107 1549646 819130 647233 1507787 1447694 246246 609722 386585 653973 1664710 1012567 34852 1210098 777702 1035520 758977 1019099 1445055 1675570 1872099 1401661 1040323 911455 436762 620170 1660893 1334651 1886361 983232 791000 1861181 195149 1820996 741181 1107564 1374397 1081419 371254 1049082 606314 57688 1098451 1425461 222122 4731 6454 332040 
75 75
1410089 995919 1788626 928126 1842762 1567985 1419519 736439 1297744 1792529 818161 1177214 250538 213233 1065484 62420 1956797 871253 1039083 1156777 966195 741008 6673 1718565 1897046 901092 1017205 1210611 1185938 1086760 1810766 721516 1405576 3289 1295357 486936 582299 71405 1073669 946947 1775607 1027649 1350270 1212752 1373289 1872387 136100 1899266 387331 639480 1127805 510995 29808 1366368 931704 299834 210796 1626373 1589663 794725 1463061 709447 354634 1975142 268231 246813 1690859 487172 1455359 1973814 1657575 1221428 1370215 558514 157991 
