418158
456624
611065
221732
474804
480600
471048
530176
371572
409394
505248
32340
115130
577595
300390
402675
608596
571320
394634
185325
86254
262037
416910
322240
469400
178804
239666
399815
288345
628845
564995
198961
304223
132064
84376
164736
500280
639254
506721
334678
200064
315640
339228
419416
311595
296422
99540
215241
539154
366906
177153
240398
489492
486272
270710
172272
463378
408231
468480
301750
757882
610350
272780
518126
493044
92092
385542
326690
627625
277466
