262104
123966
256520
319592
92626
294768
153853
278830
210768
70907
340092
270233
330600
240636
231424
187424
351592
328194
283866
212220
362292
303102
72234
259423
328888
58608
239790
118176
325818
318645
321192
294475
283890
333794
236778
395045
46896
299668
246024
281325
185976
331968
324783
320352
289520
284672
125994
241080
260913
170736
319856
241353
273384
170968
119822
254694
322870
134910
275415
188144
259656
356184
284252
223560
370448
369937
222076
196621
17336
235266
89010
44128
270594
322586
333880
307080
165060
286752
112164
236600
143298
213330
360882
364629
233232
194504
363729
283119
281112
283252
112730
258706
231759
120285
347888
208998
162360
53868
335461
149154
