0
2.25148e-05
-5.12229e-05
-3.21876e-05
inf
-2.11552e-05
-4.85008e-05
3.55285e-05
inf
-6.3868e-05
-2.76113e-05
3.69597e-05
inf
-8.9253e-05
2.20457e-05
-3.41986e-05
inf
-4.66686e-05
-2.46901e-05
2.58746e-05
0
0.000148962
0.000455299
7.10707e-05
inf
-5.71092e-05
4.6861e-05
-3.19332e-05
inf
-2.31473e-05
4.86644e-05
-2.02145e-05
inf
-2.50964e-05
-2.52681e-05
-5.41771e-05
inf
-0.000148502
6.52993e-05
-2.05639e-05
0
4.56771e-05
-2.98574e-05
-2.37467e-05
inf
-2.87863e-05
2.37883e-05
-3.5719e-05
inf
0.000215257
-5.1369e-05
4.17966e-05
inf
2.68565e-05
-9.01177e-05
-4.12768e-05
inf
2.50754e-05
-0.00017157
2.97436e-05
0
3.79983e-05
-3.75618e-05
4.42862e-05
inf
-2.84011e-05
9.34309e-05
9.91827e-05
inf
5.66498e-05
-2.1251e-05
2.00182e-05
inf
-2.53668e-05
2.73849e-05
-7.79788e-05
inf
-0.000111788
-2.76427e-05
2.11402e-05
0
4.28949e-05
-7.51004e-05
4.44935e-05
inf
2.57225e-05
-0.000141501
-0.000325986
inf
-8.30613e-05
-0.000103681
-2.02676e-05
inf
4.66329e-05
0.000878673
9.76791e-05
inf
3.45483e-05
-4.64561e-05
-2.99098e-05
