100
inf
44415.3
-19522.5
-31067.9
NaN
-47269.7
-20618.2
28146.4
NaN
-15657.3
-36217
27056.5
NaN
-11204.1
45360.4
-29241
NaN
-21427.7
-40502
38647.9
inf
6713.11
2196.36
14070.5
NaN
-17510.3
21339.7
-31315.4
NaN
-43201.5
20548.9
-49469.4
NaN
-39846.4
-39575.6
-18458
NaN
-6733.93
15314.1
-48628.9
inf
21892.8
-33492.5
-42111.1
NaN
-34738.7
42037.5
-27996.3
NaN
4645.62
-19467
23925.4
NaN
37234.9
-11096.6
-24226.7
NaN
39879.8
-5828.53
33620.7
inf
26317
-26622.8
22580.4
NaN
-35209.9
10703.1
10082.4
NaN
17652.3
-47056.7
49954.5
NaN
-39421.6
36516.5
-12824
NaN
-8945.47
-36175.9
47303.2
inf
23312.8
-13315.5
22475.2
NaN
38876.4
-7067.08
-3067.62
NaN
-12039.3
-9644.99
-49339.8
NaN
21444.1
1138.08
10237.6
NaN
28945
-21525.7
-33433.9
inf
4892.1
-48152.1
27687.2
NaN
42759.8
-25755.7
-49521.2
NaN
-17020.7
10128
-36083.9
NaN
-45786.8
-11280.3
-9230.7
NaN
-39227.7
12836.5
20194.1
inf
18320.5
46302.6
29485.6
NaN
-25615.2
-207.796
-34919.1
NaN
5406.83
39874.1
36558.6
NaN
-6054.55
