0
2.15747e-06
2.58385e-06
-2.08153e-06
inf
-2.83901e-06
4.4177e-06
2.89706e-06
inf
-2.79215e-05
-2.26365e-06
-4.15553e-06
inf
5.00693e-06
1.51202e-05
-3.92611e-06
inf
5.24821e-06
-3.56306e-06
2.01174e-06
0
3.21337e-05
-3.34775e-05
-3.54019e-06
inf
-2.04515e-06
-3.11704e-05
2.15999e-06
inf
-7.1717e-06
6.76911e-06
2.11587e-06
inf
2.5546e-06
6.29236e-06
2.08575e-06
inf
-2.52826e-06
-9.29774e-06
2.97888e-06
0
-4.53178e-06
-4.66919e-06
-1.4527e-05
inf
-4.39816e-06
3.40246e-06
-2.89149e-06
inf
2.83663e-06
-2.69432e-06
8.72182e-06
inf
2.06362e-06
-3.56773e-06
-2.78252e-06
inf
8.9765e-06
3.32326e-06
-2.53024e-06
0
-3.6468e-06
9.87128e-06
-4.14888e-06
inf
-3.81988e-06
-5.76728e-06
4.363e-06
inf
-6.0141e-06
-2.72316e-06
-2.48949e-06
inf
-2.47951e-06
-3.87768e-06
-7.89721e-06
inf
2.49294e-06
-2.1269e-06
3.11766e-06
0
-4.88517e-06
-2.72227e-06
-3.41378e-06
inf
-2.21488e-06
3.22299e-06
-4.64967e-06
inf
2.19911e-06
7.16384e-06
2.72494e-06
inf
-2.56797e-06
0.000180235
-2.14115e-05
inf
-2.77084e-06
-4.64613e-06
-2.49106e-06
0
4.86369e-06
2.06362e-06
-5.97457e-06
inf
-4.19059e-06
5.40751e-06
-2.33329e-06
inf
3.20761e-06
2.32552e-06
3.40892e-06
inf
-2.09956e-06
3.59183e-06
-3.42295e-06
inf
2.3578e-06
-5.66518e-06
-7.01257e-06
0
4.52907e-06
-1.29544e-05
-2.4775e-06
inf
2.27988e-06
2.56564e-06
-2.53548e-06
inf
3.05082e-06
-4.22303e-06
2.68642e-06
inf
-5.4531e-06
-4.92854e-06
-2.97164e-06
inf
2.29309e-06
2.21439e-06
6.57622e-06
0
2.41239e-06
-2.57384e-06
-4.3647e-06
inf
3.27823e-06
-2.41228e-06
-2.38348e-06
inf
6.58983e-06
-4.15989e-06
-4.7114e-06
inf
-4.47143e-06
3.26594e-06
2.96218e-06
inf
1.22163e-05
2.04283e-06
2.57961e-06
0
-4.65575e-06
2.40359e-06
-2.37975e-06
inf
-4.40799e-06
-3.20802e-06
-0.000596555
inf
5.10496e-06
4.19798e-06
9.2854e-06
inf
2.38361e-06
-3.28097e-06
-7.02528e-06
inf
-3.08783e-06
2.10294e-06
-2.99474e-06
0
-3.19137e-06
6.32827e-06
4.62139e-06
inf
4.48694e-06
-9.91169e-06
-6.55862e-06
inf
-5.79626e-06
-3.34397e-06
5.78848e-05
inf
1.38773e-05
-9.80248e-06
2.85909e-06
inf
-2.06763e-06
5.67872e-06
6.68378e-06
0
2.80238e-06
-9.45242e-06
-2.03632e-06
inf
2.39435e-06
3.48239e-06
5.38358e-06
inf
5.21072e-06
2.41041e-05
-2.25166e-06
inf
-2.14932e-06
3.57896e-06
4.63796e-06
inf
2.03096e-06
3.18429e-06
-9.74469e-06
0
-2.35643e-06
3.80225e-06
2.3237e-06
inf
-4.88226e-06
6.24493e-06
2.29127e-06
inf
-2.64535e-06
-3.47051e-06
-2.68221e-06
inf
2.28509e-06
-2.74737e-06
-4.45052e-06
inf
8.0204e-06
-6.08943e-06
6.7395e-06
0
-4.47884e-06
5.837e-05
-1.75551e-05
inf
3.45614e-06
-2.07053e-06
3.27449e-06
inf
0.00013621
-3.37414e-06
3.75204e-06
inf
-8.15129e-06
-4.42619e-05
6.59109e-06
inf
2.98528e-06
-3.65261e-06
-3.3747e-06
0
-5.9631e-06
-2.95497e-06
3.07725e-06
inf
-2.38366e-06
-1.13316e-05
-1.44206e-05
inf
1.24647e-05
3.58356e-06
-2.65408e-06
inf
-4.64227e-06
2.18671e-06
3.50388e-06
inf
-4.036e-06
-2.46062e-06
3.36813e-06
0
2.99712e-06
-3.03357e-06
-7.33826e-06
inf
-1.34344e-05
7.36404e-06
-2.22938e-06
inf
-1.4164e-05
5.53532e-06
3.17355e-06
inf
-8.50912e-06
-1.82962e-05
6.05514e-06
inf
-2.78671e-06
-2.21144e-05
2.31598e-06
0
-4.99933e-06
5.40397e-05
2.10543e-06
inf
2.90359e-06
-2.25597e-06
-2.73774e-06
inf
-6.145e-06
-2.27582e-06
-2.11424e-06
inf
9.24351e-06
-2.25507e-06
-2.34466e-06
inf
-1.14083e-05
1.31762e-05
-2.69239e-06
0
-9.65139e-06
1.96851e-05
-1.07292e-05
inf
-2.10114e-06
2.12247e-06
3.07246e-06
inf
3.03307e-05
2.06311e-05
-2.34145e-06
inf
2.4529e-06
-2.32432e-06
-3.08488e-06
inf
3.64946e-06
-9.2891e-06
-2.39648e-06
0
2.40869e-06
5.94594e-06
3.46761e-06
inf
-4.77646e-06
4.60257e-06
6.9956e-06
inf
2.77368e-06
2.04641e-06
2.75451e-06
inf
-2.80211e-06
9.26587e-06
-5.22941e-06
inf
2.66461e-06
-4.01318e-06
-0.000263335
0
-5.61394e-06
6.42137e-06
2.09631e-06
inf
-5.56957e-06
1.24027e-05
-2.41467e-06
inf
0.000144891
-7.81085e-06
-2.07819e-06
inf
-2.46234e-06
3.31752e-05
-2.01472e-06
inf
2.59171e-06
3.6442e-06
-2.339e-06
0
2.87237e-06
2.69212e-06
-3.49621e-06
inf
3.15624e-06
-4.60662e-05
1.41313e-05
inf
5.35888e-06
2.82826e-06
-3.69227e-06
inf
9.97516e-06
-2.85779e-06
-1.13955e-05
inf
-9.32244e-06
3.02612e-06
2.33923e-06
0
-1.50664e-05
-3.39679e-06
-6.47157e-06
inf
-5.53869e-06
-4.12863e-06
-8.4745e-06
inf
-3.12741e-06
-2.10958e-06
2.20154e-06
inf
3.79082e-06
-4.36521e-06
-2.22128e-06
inf
-3.23919e-06
6.75785e-06
-1.02668e-05
0
3.51131e-06
3.88689e-06
2.4507e-06
inf
4.18051e-06
6.64183e-06
5.77751e-05
inf
6.59313e-06
4.38795e-06
5.06773e-06
inf
-3.93086e-06
-3.46777e-06
2.05035e-06
inf
2.21864e-05
3.28167e-06
-4.05321e-06
0
-4.0339e-06
-2.88961e-06
-3.75111e-06
inf
-4.9977e-06
4.23485e-06
2.71288e-05
inf
-8.58266e-05
2.25228e-06
1.169e-05
inf
2.02934e-06
4.17124e-06
-3.73204e-06
inf
-2.48359e-06
2.66444e-06
-4.76567e-06
0
-2.59116e-06
2.67116e-06
-3.07293e-06
inf
2.78434e-06
6.96684e-06
5.91989e-06
inf
3.6946e-06
2.05579e-06
-5.45105e-06
inf
-9.32627e-06
2.53573e-06
9.98552e-06
inf
2.03493e-06
2.80013e-06
1.85257e-05
0
1.68011e-05
1.17227e-05
3.01655e-05
inf
3.579e-05
2.37974e-06
-2.58144e-06
inf
3.15497e-06
4.92058e-06
-2.0745e-06
inf
-1.72242e-05
-5.59638e-06
4.71983e-06
inf
-9.72933e-06
4.64902e-06
-8.47529e-06
0
1.19665e-05
9.31428e-06
2.65565e-06
inf
4.89024e-06
4.72561e-06
6.62032e-06
inf
-7.86553e-06
7.44452e-06
6.52175e-06
inf
-3.08244e-06
-2.17357e-06
-2.92535e-06
inf
-2.52516e-06
-3.42951e-06
-5.88682e-06
0
-1.54976e-05
-1.79255e-05
-7.5535e-06
inf
2.58646e-06
-7.53739e-06
3.00842e-05
inf
2.84587e-06
-1.66218e-05
-3.52999e-05
inf
-2.26264e-05
-2.38961e-06
-6.38064e-06
inf
2.84382e-06
-1.20934e-05
4.90285e-05
0
-1.45597e-05
7.06509e-06
1.57323e-05
inf
-5.88055e-06
2.96303e-05
2.11279e-06
inf
4.1405e-06
8.88257e-06
6.04482e-06
inf
2.54407e-06
2.33801e-06
4.56219e-06
inf
-2.40534e-06
-2.6609e-06
2.09809e-05
0
-2.1407e-05
2.7852e-06
-2.24216e-06
inf
-9.00495e-06
-2.15986e-06
-2.73392e-06
inf
-2.01435e-06
2.89336e-06
6.71281e-06
inf
-3.21633e-06
1.6822e-05
3.99292e-06
inf
-2.30692e-06
-3.61129e-06
8.69036e-06
0
-2.14529e-06
-1.77568e-05
7.80183e-06
inf
4.98408e-06
-2.89608e-06
-2.22754e-06
inf
5.00671e-06
-9.83845e-05
3.50236e-06
inf
-2.20417e-05
-2.72947e-06
-0.000191378
inf
-4.41798e-06
-8.39018e-06
-8.06127e-06
0
5.1618e-06
-4.91497e-06
-3.39415e-06
inf
1.94223e-05
-2.09628e-06
-7.00614e-06
inf
-4.73256e-06
2.39422e-05
2.01672e-06
inf
-3.60698e-06
-5.63425e-06
2.31893e-06
inf
-2.73155e-06
5.09655e-06
-2.89074e-06
0
-2.47008e-05
-1.04541e-05
1.66744e-05
inf
3.50458e-06
-7.1805e-06
5.09455e-06
inf
-3.96085e-06
2.40619e-06
-2.15992e-06
inf
-2.93942e-06
7.43909e-05
-8.69966e-06
inf
-9.88543e-06
2.01069e-06
2.04029e-06
0
3.9467e-05
2.36034e-06
2.70965e-06
inf
-2.06572e-06
2.23042e-06
-2.60232e-06
inf
2.10781e-06
-3.99875e-06
-2.3835e-06
inf
4.0858e-06
2.19391e-06
3.12034e-06
inf
2.33149e-06
-6.89884e-06
-2.13519e-06
0
2.05792e-06
4.81322e-06
1.22045e-05
inf
3.94599e-06
4.08043e-06
-3.54291e-05
inf
-4.05129e-06
8.77516e-06
-3.97655e-06
inf
-2.49391e-06
-1.13747e-05
3.3132e-05
inf
3.55362e-06
5.7431e-06
-3.38838e-06
0
-5.05242e-06
0.000142969
1.5193e-05
inf
-4.98748e-06
-8.53986e-06
-4.24989e-06
inf
3.5537e-06
6.50089e-06
-4.27674e-06
inf
6.70952e-06
8.90575e-06
-6.80064e-06
inf
-1.10155e-05
-2.32688e-06
3.66428e-06
0
-1.15765e-05
-2.55616e-06
4.04821e-06
inf
4.70847e-06
-2.29319e-06
2.18153e-06
inf
-3.11489e-06
2.13828e-06
1.26028e-05
inf
-7.93462e-06
-3.60636e-06
-5.82866e-06
inf
2.57528e-06
-6.27368e-06
7.43389e-06
0
1.32373e-05
-7.17041e-06
-2.54227e-06
inf
3.24571e-06
-6.74805e-06
-2.87104e-06
inf
3.38957e-06
-2.1223e-06
-1.09041e-05
inf
3.63648e-06
4.79916e-06
2.20511e-06
inf
3.34829e-06
2.07204e-06
4.74473e-06
0
4.22912e-05
5.80474e-06
2.08067e-06
inf
5.20641e-05
-3.5967e-06
4.19731e-06
inf
-2.44936e-06
3.70178e-06
-1.19322e-05
inf
2.23126e-06
1.145e-05
2.20255e-06
inf
-2.2814e-06
-1.58084e-05
-2.09674e-06
0
-2.11296e-06
-2.59904e-06
6.38366e-06
inf
-5.67514e-05
2.26426e-06
-5.85415e-06
inf
-2.02931e-06
1.49383e-05
0.00018661
inf
7.27225e-05
-3.64479e-06
-2.76619e-06
inf
5.52847e-06
2.04872e-06
2.74853e-05
0
-3.06466e-06
2.97308e-06
1.48901e-05
inf
4.48075e-06
2.05582e-06
2.3073e-05
inf
-2.77196e-05
-3.16535e-06
6.50415e-06
inf
-6.16915e-06
1.46153e-05
2.68566e-06
inf
4.22717e-06
2.73326e-06
3.62366e-06
0
-3.13922e-06
0.000114653
2.01058e-06
inf
-3.68695e-06
4.0838e-06
6.45832e-06
inf
2.66629e-06
3.58482e-06
-9.45823e-06
inf
3.54154e-06
1.26577e-05
2.47331e-06
inf
-2.28662e-06
-6.04288e-06
3.15554e-06
0
-4.90547e-06
-6.5653e-05
-2.54546e-06
inf
-1.1965e-05
0.000111898
-2.05022e-06
inf
2.03765e-06
1.11348e-05
2.62932e-06
inf
-8.95552e-06
0.000152103
-3.87436e-05
inf
-2.41344e-06
1.29296e-05
-4.22358e-06
0
-2.28535e-06
5.21744e-06
7.41279e-06
inf
3.69302e-06
-2.86812e-06
-3.39687e-06
inf
-2.06968e-05
8.76286e-06
2.14325e-05
inf
-2.38057e-06
8.02343e-06
2.33067e-06
inf
2.75111e-06
3.5245e-06
-3.20499e-06
0
4.03205e-06
-3.7672e-06
-2.04737e-06
inf
-2.17161e-06
3.37771e-06
3.68403e-06
inf
-3.52334e-06
-7.62294e-06
-3.38596e-06
inf
-3.03342e-06
-5.00563e-05
-4.57687e-06
inf
-2.89753e-06
2.25405e-05
-2.3579e-06
0
2.62052e-06
5.43251e-06
-2.34933e-06
inf
0.00010655
3.83627e-05
2.48874e-06
inf
4.67032e-06
2.26018e-06
2.41083e-06
inf
-2.43793e-06
-3.38585e-06
-2.7785e-06
inf
-5.74706e-06
2.45333e-06
1.81711e-05
0
-4.30509e-06
3.48637e-06
-3.56977e-06
inf
3.08384e-06
-2.35034e-06
9.28514e-06
inf
-2.48109e-06
-3.02003e-06
-3.49831e-06
inf
-1.3247e-05
-8.18538e-06
1.24956e-05
inf
-3.31227e-06
2.10884e-06
-5.08417e-06
0
-5.6485e-06
7.50745e-06
4.83636e-06
inf
-2.25865e-05
-3.06156e-06
-2.41936e-06
inf
1.87926e-05
0.000163514
3.17102e-06
inf
-2.01593e-06
-6.32399e-06
2.1156e-06
inf
-2.05658e-06
-2.19538e-06
-2.65289e-06
0
3.4019e-06
-3.03296e-06
2.23853e-06
inf
-3.92172e-05
1.71725e-05
3.43719e-06
inf
-4.40676e-06
-3.32945e-06
8.35771e-05
inf
3.18738e-06
-6.74682e-06
-3.11335e-05
inf
-1.03349e-05
-3.00115e-06
2.46559e-06
0
-4.46983e-06
-2.26692e-06
2.16136e-06
inf
4.50118e-06
-8.60837e-06
5.6212e-06
inf
-2.63648e-06
-3.44716e-05
-1.63736e-05
inf
2.79359e-06
-6.69254e-06
-5.90842e-06
inf
5.02765e-06
3.66931e-05
4.5515e-06
0
2.60849e-06
-6.03766e-06
-4.96685e-06
inf
-3.03346e-06
-1.87165e-05
4.34747e-06
inf
-4.07707e-06
-2.64084e-06
3.92485e-06
inf
-1.64968e-05
-9.54262e-06
-8.39511e-06
inf
-2.08962e-05
6.46923e-06
-5.40704e-06
