1000
inf
463505
387020
-480417
NaN
-352235
226362
345177
NaN
-35814.7
-441764
-240643
NaN
199723
66136.5
-254705
NaN
190541
-280658
497081
inf
31120
-29870.8
-282471
NaN
-488961
-32081.7
462966
NaN
-139437
147730
472618
NaN
391450
158923
479443
NaN
-395529
-107553
335697
inf
-220664
-214170
-68837.2
NaN
-227368
293905
-345842
NaN
352531
-371151
114655
NaN
484586
-280290
-359386
NaN
111402
300909
-395220
inf
-274213
101304
-241029
NaN
-261788
-173392
229200
NaN
-166276
-367220
-401689
NaN
-403305
-257886
-126627
NaN
401132
-470168
320753
inf
-204701
-367341
-292930
NaN
-451491
310271
-215069
NaN
454730
139590
366981
NaN
-389412
5548.31
-46703.9
NaN
-360901
-215233
-401435
inf
205605
484586
-167376
NaN
-238630
184928
-428579
NaN
311759
430012
293348
NaN
-476291
278410
-292146
NaN
424124
-176517
-142601
inf
220796
-77194.1
-403633
NaN
438619
389767
-394402
NaN
327781
-236797
372243
NaN
-183382
-202900
-336515
NaN
436092
451592
152063
inf
414527
-388524
-229111
NaN
305043
-414545
-419554
NaN
151749
-240391
-212251
NaN
-223642
306191
337589
NaN
81857.8
489516
387656
inf
-214788
416044
-420212
NaN
-226861
-311719
-1676.29
NaN
195888
238210
107696
NaN
419532
-304788
-142343
NaN
-323852
475525
-333919
inf
-313345
158021
216385
NaN
222869
-100891
-152471
NaN
-172525
-299046
17275.7
NaN
72060
-102015
349762
NaN
-483646
176096
149616
inf
356840
-105793
-491082
NaN
417650
287159
185750
NaN
191912
41486.8
-444117
NaN
-465263
279411
215612
NaN
492378
314042
-102620
inf
-424371
263002
430348
NaN
-204823
160130
436440
NaN
-378022
-288142
-372827
NaN
437619
-363985
-224693
NaN
124682
-164219
148379
inf
-223272
17132.1
-56963.5
NaN
289340
-482968
305391
NaN
7341.6
-296372
266522
NaN
-122680
-22592.8
151720
NaN
334977
-273777
-296323
inf
-167698
-338413
324965
NaN
-419523
-88248.7
-69345.4
NaN
80226.3
279052
-376778
NaN
-215412
457307
285398
NaN
-247770
-406401
296901
inf
333654
-329645
-136272
NaN
-74435.9
135795
-448555
NaN
-70601.6
180658
315105
NaN
-117521
-54656.3
165149
NaN
-358846
-45219.5
431783
inf
-200027
18504.9
474963
NaN
344401
-443269
-365265
NaN
-162734
-439403
-472983
NaN
108184
-443446
-426501
NaN
-87655.8
75894.7
-371417
inf
-103612
50799.8
-93203.2
NaN
-475933
471149
325472
NaN
32969.9
48470.6
-427085
NaN
407681
-430233
-324162
NaN
274013
-107653
-417278
inf
415164
168182
288383
NaN
-209360
217270
142947
NaN
360532
488661
363041
NaN
-356874
107923
-191226
NaN
375290
-249179
-3797.45
inf
-178128
155730
477028
NaN
-179547
80627.5
-414136
NaN
6901.76
-128027
-481188
NaN
-406118
30143
-496347
NaN
385845
274409
-427534
inf
348144
371455
-286024
NaN
316833
-21707.9
70765.1
NaN
186606
353574
-270836
NaN
100249
-349921
-87753.9
NaN
-107268
330456
427492
inf
-66373
-294396
-154522
NaN
-180548
-242211
-118001
NaN
-319753
-474027
454227
NaN
263795
-229084
-450191
NaN
-308719
147976
-97401.7
inf
284794
257275
408047
NaN
239205
150561
17308.5
NaN
151673
227897
197327
NaN
-254397
-288370
487722
NaN
45072.6
304723
-246718
inf
-247899
-346067
-266588
NaN
-200092
236136
36861.2
NaN
-11651.4
443995
85542.9
NaN
492771
239737
-267950
NaN
-402643
375313
-209834
inf
-385927
374369
-325422
NaN
359152
143537
168922
NaN
270665
486432
-183451
NaN
-107224
394364
100145
NaN
491417
357126
53979
inf
59519.9
85304.3
33150.4
NaN
27940.8
420214
-387380
NaN
316960
203228
-482043
NaN
-58057.8
-178687
211872
NaN
-102782
215099
-117990
inf
83566.3
107362
376556
NaN
204489
211613
151050
NaN
-127137
134327
153333
NaN
-324418
-460073
-341840
NaN
-396014
-291587
-169871
inf
-64526
-55786.4
-132389
NaN
386629
-132672
33240
NaN
351386
-60162.1
-28328.7
NaN
-44196.2
-418478
-156724
NaN
351640
-82690
20396.3
inf
-68682.9
141541
63563.3
NaN
-170052
33749.2
473307
NaN
241517
112580
165431
NaN
393071
427714
219193
NaN
-415741
-375812
47662.3
inf
-46713.6
359041
-445999
NaN
-111050
-462994
-365775
NaN
-496438
345619
148969
NaN
-310913
59445.9
250443
NaN
-433479
-276909
115070
inf
-466137
-56316.4
128175
NaN
200639
-345294
-448926
NaN
199732
-10164.2
285522
NaN
-45368.6
-366372
-5225.26
NaN
-226348
-119187
-124050
inf
193731
-203460
-294625
NaN
51487.2
-477035
-142732
NaN
-211302
41767.2
495854
NaN
-277240
-177486
431233
NaN
-366092
196211
-345932
inf
-40484.5
-95656.6
59972
NaN
285341
-139266
196288
NaN
-252471
415594
-462981
NaN
-340203
13442.5
-114947
NaN
-101159
497342
490126
inf
25337.6
423667
369052
NaN
-484092
448347
-384272
NaN
474425
-250078
-419551
NaN
244750
455808
320478
NaN
428911
-144952
-468343
inf
485927
207761
81937.3
NaN
253422
245072
-28225.4
NaN
-246835
113958
-251474
NaN
-400977
-87914.7
30182.3
NaN
281403
174122
-295126
inf
-197925
6994.5
65819.8
NaN
-200502
-117098
-235300
NaN
281397
153825
-233823
NaN
149042
112287
-147045
NaN
-90780.8
-429760
272905
inf
-86381.7
-391212
247023
NaN
212383
-436073
458394
NaN
-321039
467665
79347.6
NaN
-126030
-277288
-171566
NaN
388307
-159396
134519
inf
75544.2
-139462
-393350
NaN
308099
-148191
-348306
NaN
295023
-471188
-91708.4
NaN
274991
208370
453493
NaN
298660
482616
210760
inf
23645.6
172273
480615
NaN
19207.1
-278033
238248
NaN
-408270
270140
-83806.6
NaN
448178
87336.3
454020
NaN
-438328
-63257.4
-476930
inf
-473269
-384758
156650
NaN
-17620.7
441646
-170819
NaN
-492779
66941.8
5358.76
NaN
13750.9
-274364
-361508
NaN
180882
488110
36383.1
inf
-326301
336351
67158.8
NaN
223177
486425
43340.7
NaN
-36075.6
-315921
153748
NaN
-162097
68421.4
372348
NaN
236565
365863
275964
inf
-318550
8721.98
497368
NaN
-271227
244870
154839
NaN
375053
278954
-105728
NaN
282363
79003.1
404316
NaN
-437326
-165484
316903
inf
-203854
-15231.6
-392856
NaN
-83577.2
8936.73
-487752
NaN
490762
89808.3
380327
NaN
-111663
6574.5
-25810.7
NaN
-414346
77341.7
-236766
inf
-437570
191665
134902
NaN
270781
-348661
-294389
NaN
-48316.7
114118
46658.2
NaN
-420067
124635
429062
NaN
363490
283728
-312013
inf
248013
-265449
-488432
NaN
-460488
296059
271442
NaN
-283822
-131183
-295337
NaN
-329661
-19977.5
-218490
NaN
-345121
44364.6
-424106
inf
381604
184077
-425654
NaN
9385.29
26067
401810
NaN
214118
442442
414795
NaN
-410184
-295347
-359907
NaN
-174002
407609
55032.5
inf
-232283
286831
-280130
NaN
324271
-425470
107699
NaN
-403048
-331122
-285852
NaN
-75488.8
-122169
80028.1
NaN
-301908
474195
-196689
inf
-177038
133201
206767
NaN
-44274.3
-326631
-413333
NaN
53212.5
6115.69
315356
NaN
-496050
-158128
472680
NaN
-486244
-455503
-376947
inf
293953
-329711
446722
NaN
-25499
58232.7
290935
NaN
-226924
-300350
11965
NaN
313737
-148218
-32119.7
NaN
-96759.5
-333206
405583
inf
-223722
-441128
462671
NaN
222164
-116166
177898
NaN
-379294
-29009.4
-61073.8
NaN
357962
-149420
-169250
NaN
198900
27253.1
219708
inf
383364
-165627
-201335
NaN
-329657
-53428.7
230019
NaN
-245274
-378667
254787
NaN
-60617.9
-104793
-119117
NaN
-47855.6
154578
-184944
inf
-69022.2
-245193
-155984
NaN
200126
60412.1
-352919
NaN
-306114
-94585.6
-215178
NaN
-345491
-117435
223388
NaN
-409043
83967.4
-338400
inf
11444.5
254053
163737
NaN
76195.5
-261535
256423
NaN
252749
-207620
-92144.2
NaN
369305
-146857
97794.2
NaN
-109583
253504
117408
inf
-444765
-143431
490055
NaN
-481210
-387258
94402.2
NaN
-195503
272220
82956.5
NaN
-420408
361688
-245654
NaN
5010.68
284524
-421901
inf
-429485
-326013
-133901
NaN
293922
-188974
-180470
NaN
399454
-146855
-460421
NaN
-325743
275055
-289458
NaN
-316849
221852
78503.2
inf
-443350
249925
436114
NaN
-138802
22541.2
370636
NaN
177138
-355665
-53592.5
NaN
-356511
100120
149581
NaN
480647
-339794
-47579.7
inf
-210427
-243416
-418785
NaN
-3961.42
401463
469633
NaN
-152681
-72889.6
-302982
NaN
264646
-321909
124302
NaN
370966
-15797.6
252430
inf
-133696
-278510
-418134
NaN
-4701.98
32618.4
-108962
NaN
412262
-229180
-169538
NaN
168038
-60993.1
-105863
NaN
113563
-87019.6
-484201
inf
48632.1
-15634.5
12286.5
NaN
-246199
-495110
109665
NaN
-65803.2
-144344
-105485
NaN
270215
-301418
-457432
NaN
-476064
-43423.3
41107.8
inf
-468828
-476089
-94363.2
NaN
327136
-137411
-349906
NaN
421835
-463356
-130380
NaN
473141
246569
39027.8
NaN
-451821
-265509
95106.3
inf
499169
123908
-222121
NaN
54497.1
306054
411321
NaN
331664
-437426
137543
NaN
-93773.5
-427692
445245
NaN
294888
168211
290274
inf
466929
-431617
495888
NaN
-81422.7
204407
260609
NaN
-237029
173098
471582
NaN
-313034
-468408
436116
NaN
52081.1
412641
-14199.5
inf
112327
341991
-79743.6
NaN
-441488
-422914
93567
NaN
-321075
176886
337663
NaN
-433461
34224.9
-27381.7
NaN
487169
382904
21890
inf
273812
-274983
8676.53
NaN
-186516
-258682
-309325
NaN
-192034
226792
399996
NaN
346745
176538
95209.7
NaN
-70403.6
279341
315155
inf
-35366.2
-347569
-237636
NaN
-371149
181997
346967
NaN
483223
191295
-308713
NaN
-367820
-384376
230168
NaN
-440254
364740
-152608
inf
151609
362096
-121799
NaN
-262807
363385
-486745
NaN
-171726
171538
321627
NaN
405578
-338022
-332884
NaN
-274258
-314753
-122559
inf
-1961.63
-217881
-153089
NaN
-370502
-15683.4
312679
NaN
-710.435
-465069
339482
NaN
-447303
221899
421319
NaN
403789
14421.4
326397
inf
263336
-323294
-434293
NaN
-59066
238257
412309
NaN
-305116
-122675
378332
NaN
-199410
