20 80
1 4 545334
1 7 138734
1 10 506502
1 16 754600
1 17 463375
2 3 159373
2 12 456443
2 13 137615
2 14 123198
2 16 598342
2 17 51086
3 7 196653
3 9 938861
3 12 250505
3 15 871911
3 16 884474
3 18 760172
3 19 904311
3 20 493340
4 3 547006
4 6 392785
4 10 91160
4 12 110328
5 1 993317
5 18 906507
6 5 365539
6 9 853472
6 17 10490
7 4 340871
7 5 444150
7 10 21754
7 12 886204
7 18 582883
7 20 528255
8 4 640804
8 12 46257
8 13 203979
8 18 613598
9 7 700224
9 10 327176
9 11 211939
9 16 751309
10 11 523828
10 13 667151
10 15 518165
10 17 912090
10 20 67976
11 7 278337
11 14 332753
12 5 561315
12 14 825342
12 20 725537
13 6 168827
13 9 452022
13 18 718853
14 1 75333
14 3 817560
14 7 572324
14 8 602174
14 19 158430
14 20 16474
15 2 623927
15 7 560986
15 12 115708
16 18 668533
17 7 718141
17 11 678317
18 10 872511
18 14 331738
18 20 378540
19 1 716038
19 5 60029
19 6 646200
19 11 756217
19 12 243531
19 15 164365
19 18 668306
20 4 311507
20 8 442701
20 17 517410
