50 125
1 2 152928
1 15 691856
1 18 599495
1 27 703304
1 37 81961
1 39 695663
1 49 648326
2 14 482257
2 25 327012
2 33 998792
2 35 253768
3 13 917546
4 9 991284
4 31 80075
4 32 568569
4 48 785493
4 50 568542
5 19 187951
5 31 539142
5 46 779825
6 2 252261
6 8 716206
6 22 710356
6 45 508351
7 6 938232
7 15 330257
7 16 816764
7 17 269850
7 20 106928
7 24 442205
7 32 130575
7 36 776207
8 16 134060
8 18 246421
8 33 479511
8 36 216021
8 44 942083
8 47 127836
9 20 698277
9 22 785446
9 30 126627
9 41 468396
10 17 702991
10 19 634262
10 28 64822
11 12 787911
11 26 936106
11 30 633364
11 40 975861
11 43 991599
12 23 929540
12 40 744474
13 16 707804
13 17 156247
13 32 769176
14 20 646035
14 30 486503
14 34 585940
15 12 915885
15 20 109782
15 24 28144
15 32 562811
16 4 885989
16 33 162204
17 21 809231
17 22 365499
17 37 894576
18 33 267665
19 38 9686
19 40 592852
20 25 53110
21 31 652664
21 46 577599
22 27 272453
23 40 803277
23 48 642420
24 26 60363
24 41 255735
24 42 792135
24 43 552576
25 6 247333
25 14 721674
25 32 813401
26 4 471489
26 25 877920
27 29 582576
28 14 117523
28 31 880775
28 33 684867
28 38 549759
28 49 990556
29 3 713011
29 14 112569
29 43 876544
30 37 391566
31 22 438151
31 48 758394
32 27 802493
32 43 705815
33 4 768079
33 11 911696
33 35 758925
34 16 937094
34 30 489294
34 43 31377
35 39 740371
36 2 648065
36 49 608091
38 15 996105
39 15 440200
39 16 677018
39 25 759789
40 25 678225
40 42 490418
40 45 231277
40 48 556145
43 4 72994
44 50 865152
46 28 953271
46 33 757860
46 39 931262
47 26 943826
48 30 987222
49 32 43831
50 14 336722
