148112238
12 188
25 64
22 178
8 56
12 244
6 210
53 233
4 300
3 95
15 37
10 123
16 68
33 73
10 274
1 185
11 215
19 175
42 111
15 82
9 229
11 279
24 122
4 264
3 112
2 207
24 225
4 135
14 100
79 3
1 216
42 107
19 53
9 194
63 273
25 63
7 202
17 155
2 7
16 137
7 94
9 42
44 209
15 254
7 49
20 193
8 54
18 139
25 43
53 153
3 238
55 267
42 142
33 227
30 45
14 60
10 70
1 287
11 253
7 93
8 173
5 255
37 201
7 129
31 249
25 114
11 206
11 223
21 269
81 101
5 126
4 50
8 105
21 263
3 222
12 44
6 276
13 134
1 3
44 124
29 149
35 77
17 236
3 213
1 133
17 71
17 110
5 184
16 168
3 36
1 31
1 294
4 285
5 199
48 108
2 260
24 113
4 67
24 118
2 240
7 28
2 283
9 86
2 190
7 154
19 234
12 252
51 147
12 179
25 289
16 22
40 148
7 8
7 221
3 243
6 106
28 151
31 170
12 65
58 91
14 132
2 161
6 57
7 22
6 17
3 256
52 98
30 92
5 150
15 30
31 97
21 47
14 197
22 257
19 120
3 127
14 191
25 115
38 198
25 282
5 250
11 152
13 121
9 284
19 32
86 90
2 141
35 131
3 75
15 17
20 268
71 156
19 59
12 36
42 200
20 157
13 261
6 229
1 159
11 141
17 286
5 247
6 176
10 169
3 192
5 183
11 136
24 208
43 280
9 180
25 38
11 241
2 138
14 20
3 158
56 167
34 102
10 84
32 79
53 145
2 292
38 117
3 293
52 104
2 5
1 163
5 74
1 13
4 265
14 101
3 89
3 277
24 51
4 7
21 278
15 103
28 62
1 119
39 275
9 87
20 228
4 128
48 69
33 258
10 242
28 211
10 235
31 116
9 164
24 69
7 299
18 224
37 297
3 29
37 212
10 28
25 288
2 34
2 24
36 251
1 80
27 290
95 205
6 237
34 219
7 172
17 18
40 181
34 248
14 189
43 226
18 295
2 27
16 259
7 218
1 232
34 130
1 85
4 160
17 55
5 17
4 186
23 187
21 78
12 58
4 246
9 96
5 204
1 177
10 266
14 239
1 271
67 162
1 72
5 19
48 272
4 40
3 46
18 144
1 195
35 196
9 140
31 298
54 76
16 146
7 245
20 217
1 66
56 125
26 220
3 203
21 230
39 68
34 281
20 52
6 182
8 41
9 63
16 171
29 214
3 174
10 109
7 165
11 231
19 270
2 291
12 83
3 88
10 23
29 99
9 14
15 166
39 143
12 21
26 33
3 296
22 61
20 35
8 262
4 26
996043
