300 300
1 3 253047
1 13 623185
1 31 293412
1 66 871819
1 72 831064
1 80 727692
1 85 778142
1 119 654758
1 133 272719
1 159 527403
1 163 611432
1 177 815081
1 185 50024
1 195 856698
1 216 89142
1 232 771888
1 271 821839
1 287 186171
1 294 293618
2 5 610293
2 7 122077
2 24 723536
2 27 760234
2 34 723477
2 138 578145
2 141 486578
2 161 392137
2 190 335033
2 207 75928
2 240 322167
2 260 308735
2 283 328974
2 291 945351
2 292 602146
3 29 717144
3 36 292767
3 46 846189
3 75 495285
3 88 947524
3 89 635259
3 95 22688
3 112 75307
3 127 450340
3 158 589063
3 174 932005
3 192 539481
3 203 877303
3 213 270195
3 222 242003
3 238 170920
3 240 880488
3 243 364079
3 256 410807
3 277 640721
3 293 603907
3 296 988952
4 7 643651
4 26 996043
4 40 840336
4 50 235930
4 67 318209
4 128 665423
4 135 81255
4 160 779912
4 186 783920
4 246 798399
4 264 72678
4 265 630109
4 285 293683
4 300 20201
5 17 781719
5 19 832722
5 74 611860
5 126 232058
5 150 421785
5 183 543864
5 184 287890
5 199 299087
5 204 814058
5 247 529892
5 250 470006
5 255 210897
6 17 410322
6 57 397164
6 106 367970
6 176 530581
6 182 902467
6 210 11620
6 229 526623
6 237 742803
6 276 247549
7 8 361184
7 22 408225
7 28 328803
7 49 141095
7 93 192144
7 94 127201
7 129 213772
7 154 338604
7 165 937236
7 172 750324
7 202 120323
7 218 769957
7 221 362183
7 245 868732
7 299 708093
8 41 906046
8 54 156622
8 56 7179
8 105 236456
8 173 202865
8 262 993536
9 14 963704
9 42 129539
9 63 907052
9 86 331673
9 87 660119
9 96 809518
9 140 859644
9 164 703093
9 180 552320
9 194 107192
9 229 64276
9 284 476896
10 23 952347
10 28 721722
10 70 185392
10 84 595899
10 109 935493
10 123 40347
10 169 533134
10 235 685817
10 242 677021
10 266 819443
10 274 47999
11 136 545753
11 141 527535
11 152 470397
11 206 218726
11 215 51066
11 223 223204
11 231 937942
11 241 560953
11 253 186907
11 279 67480
12 21 984356
12 36 518580
12 44 243950
12 58 793874
12 65 378223
12 83 947043
12 179 346193
12 188 1767
12 244 11318
12 252 339441
13 121 470465
13 134 249392
13 261 524832
14 20 582715
14 60 184884
14 100 81530
14 101 632201
14 132 387052
14 189 758551
14 191 451643
14 197 435051
14 239 820655
15 17 495529
15 30 421799
15 37 39380
15 82 62946
15 103 645002
15 166 977321
15 254 140251
16 22 348260
16 68 44801
16 137 124606
16 146 866839
16 168 288750
16 171 918479
16 259 761414
17 18 752144
17 55 781024
17 71 279532
17 110 279814
17 155 120464
17 236 266348
17 286 529205
18 139 161647
18 144 849062
18 224 714088
18 295 759528
19 32 481262
19 53 101140
19 59 518078
19 120 449256
19 175 52542
19 234 338732
19 270 944785
20 35 990692
20 52 894463
20 157 524082
20 193 152045
20 217 871784
20 228 664332
20 268 500304
21 47 432936
21 78 788938
21 230 883495
21 263 238037
21 269 223768
21 278 644908
22 61 990181
22 178 4791
22 257 440791
23 187 786346
24 51 641606
24 69 707138
24 113 315550
24 118 319604
24 122 72551
24 208 545989
24 225 79132
25 38 553813
25 43 163480
25 63 113561
25 64 3068
25 114 216021
25 115 452293
25 282 464204
25 288 723064
25 289 346755
26 33 988286
26 220 875108
27 290 734890
28 62 652617
28 151 375412
28 211 684177
29 99 957906
29 149 258906
29 214 922214
30 45 181674
30 92 420165
31 97 428746
31 116 702816
31 170 377307
31 249 215091
31 298 860774
32 79 600796
33 73 46992
33 227 180377
33 258 673346
34 102 592980
34 130 775860
34 219 743510
34 248 756460
34 281 889421
35 77 262930
35 131 488832
35 196 858065
36 251 727133
37 201 211896
37 212 721171
37 297 715418
38 117 603355
38 198 456061
39 68 884387
39 143 978766
39 275 656589
40 148 358644
40 181 754023
42 107 95154
42 111 56669
42 142 174187
42 200 523899
43 226 759485
43 280 551493
44 124 255341
44 209 136610
48 69 668640
48 108 302332
48 272 833338
51 147 341986
52 98 411664
52 104 609198
53 145 601847
53 153 168123
53 233 14970
54 76 864776
55 267 173306
56 125 873034
56 167 591909
58 91 385201
63 273 110556
67 162 823678
71 156 504908
79 3 82968
81 101 224416
86 90 483673
95 205 739557
