1203439
34 170
157 115
284 83
250 35
143 198
5 290
138 68
62 273
86 240
256 84
13 115
110 157
266 234
81 273
24 190
151 158
239 258
70 221
212 206
36 121
285 135
176 193
194 206
204 211
90 183
250 231
181 13
189 284
1 140
144 215
194 80
229 78
171 269
285 53
63 278
108 147
64 48
165 280
156 206
231 267
189 1
213 255
120 239
185 290
268 241
31 272
91 103
147 295
300 40
90 285
282 10
219 278
270 199
107 186
243 90
209 202
266 176
187 162
81 183
212 259
107 228
5 234
260 39
243 82
94 172
265 52
238 97
43 21
95 92
15 199
213 221
27 117
15 39
255 63
103 132
162 130
200 275
91 125
44 74
23 190
65 250
128 104
231 124
190 160
259 291
226 44
133 245
213 28
74 64
154 127
224 197
194 197
185 90
28 188
200 78
102 65
73 63
114 281
53 145
48 280
292 88
26 120
129 216
136 25
180 83
256 53
195 55
292 10
104 217
211 101
121 249
252 61
284 275
215 108
78 141
84 85
256 103
297 289
174 250
119 232
264 13
90 188
43 104
276 115
291 242
18 223
67 147
105 81
42 249
169 290
207 279
117 262
203 106
38 50
216 225
197 190
203 88
77 188
194 284
261 244
271 184
177 30
31 160
12 155
11 256
145 34
77 192
69 25
179 88
212 201
7 172
155 45
109 157
276 57
189 170
181 102
44 163
11 40
45 267
159 248
268 281
268 156
111 29
23 207
166 225
54 216
196 228
91 277
96 77
11 223
223 100
157 9
119 86
59 15
194 245
59 220
31 47
282 96
102 229
262 280
254 186
182 101
51 114
64 108
251 275
23 41
195 144
252 153
254 193
299 62
40 261
9 56
267 191
235 91
143 268
292 137
111 113
82 287
155 171
146 41
178 278
61 37
256 20
231 29
189 30
45 101
245 55
198 286
72 143
223 202
240 208
95 247
116 102
289 73
250 173
61 170
245 158
32 83
121 47
182 49
224 68
292 97
112 2
227 251
53 7
148 294
109 118
54 158
203 126
294 70
2 238
128 300
236 271
227 149
175 165
230 204
240 224
167 135
203 199
152 24
265 96
182 25
212 222
92 163
96 123
98 51
132 248
88 130
207 22
274 126
75 106
160 50
253 153
62 210
288 20
167 154
46 266
229 134
246 47
28 161
139 161
216 283
168 146
76 93
59 93
120 230
153 236
264 14
39 4
214 4
71 212
256 16
55 150
192 122
265 99
85 164
233 100
218 109
17 252
257 11
270 6
213 89
190 205
58 191
33 157
8 212
293 217
179 296
263 266
65 142
66 52
249 237
190 3
87 26
19 66
257 79
48 131
60 114
298 105
21756
