64 83 75 69 69 117 139 133 139 119 98 68 95 125 118 98 62 61 73 100 94 71 72 88 94 85 108 108 102 115 115 112 92 81 74 75 107 116 104 73 
103 138 125 110 93 110 131 140 164 131 97 78 116 143 134 154 126 120 129 123 99 72 86 125 119 102 112 108 108 132 144 142 112 89 95 95 101 143 161 119 
87 148 142 127 126 115 116 116 146 134 130 110 102 125 140 170 160 159 140 138 114 69 62 102 132 123 92 87 109 139 147 152 120 94 102 126 125 155 171 117 
112 140 124 121 120 101 95 98 116 107 124 102 69 100 160 185 159 136 121 142 138 101 80 79 108 120 107 103 133 124 122 121 92 82 102 128 129 158 150 108 
122 150 133 119 100 97 128 130 123 97 100 110 81 92 151 171 133 109 111 114 137 133 120 99 100 135 144 121 122 123 152 140 98 97 130 130 119 135 126 93 
86 97 105 133 107 119 142 145 152 131 98 132 129 138 155 152 142 132 132 107 121 130 123 120 124 147 177 166 111 100 146 151 142 158 149 124 103 128 127 97 
111 122 102 142 122 133 157 134 123 123 120 152 147 167 172 152 163 158 134 95 95 115 127 143 156 132 135 153 108 93 131 157 146 151 142 139 118 140 137 115 
123 144 114 136 116 118 151 137 113 105 137 161 139 144 157 125 131 135 104 92 117 135 149 149 142 111 97 118 126 113 135 139 113 120 128 122 116 160 161 97 
105 110 107 116 121 123 134 138 118 102 129 130 123 128 139 112 123 121 114 112 118 118 111 127 110 98 107 138 145 123 110 90 91 118 122 114 116 145 155 99 
94 106 132 136 143 141 112 112 93 101 125 115 115 124 137 130 135 123 122 123 130 105 98 116 111 117 112 128 137 136 115 100 133 147 124 112 120 128 145 94 
101 126 158 173 152 136 121 147 135 132 144 160 150 118 127 157 152 141 135 157 166 136 120 111 100 116 142 149 157 145 131 125 141 158 150 144 148 134 134 81 
120 121 133 169 169 156 149 157 150 139 145 172 144 123 131 148 135 121 120 133 146 141 123 128 136 146 173 157 153 142 146 159 156 145 137 153 148 125 111 79 
101 91 98 135 159 161 161 129 96 93 110 150 164 164 142 110 99 112 133 130 142 133 134 161 156 148 163 130 108 111 128 148 149 134 118 143 129 113 114 70 
90 108 115 124 130 124 137 114 97 93 94 122 175 163 125 110 113 131 142 121 144 143 132 131 110 103 131 126 113 120 131 137 127 122 123 150 137 102 94 59 
105 127 109 97 106 122 119 94 97 106 103 113 142 110 97 112 117 124 108 115 138 120 98 112 108 97 103 124 130 128 127 113 105 120 135 146 128 92 84 67 
87 124 95 84 117 143 117 85 95 122 118 99 109 88 98 115 120 127 119 139 140 95 87 121 125 118 105 86 78 89 97 95 92 104 138 155 139 109 112 96 
95 124 110 121 127 149 122 112 121 119 120 116 141 122 99 101 124 112 134 139 126 128 121 113 133 145 134 95 82 98 122 104 107 133 156 144 143 146 139 115 
121 150 138 161 154 151 114 121 141 112 86 113 147 137 120 92 103 116 140 112 112 128 104 88 101 104 108 96 107 114 131 125 133 144 136 104 106 132 132 113 
127 154 143 146 133 124 102 102 118 116 97 121 119 125 125 118 133 140 142 107 118 124 100 100 122 102 111 98 86 95 122 140 120 109 111 98 115 114 91 82 
86 113 124 111 111 111 89 95 122 129 136 138 110 134 134 123 143 163 155 117 127 135 150 164 151 112 96 95 99 105 119 142 132 130 132 114 135 149 104 82 
67 96 121 107 109 132 134 122 133 161 151 135 91 109 131 113 118 158 160 133 122 112 137 159 136 97 82 103 137 133 127 140 155 130 116 108 120 146 145 125 
109 131 134 137 132 144 178 163 145 166 157 147 121 147 154 141 137 154 128 120 114 108 137 122 108 114 122 130 141 143 130 118 126 118 129 123 115 119 134 125 
97 104 109 138 133 138 186 163 140 131 150 155 131 163 165 145 120 122 104 119 129 106 114 91 87 119 122 127 144 160 143 121 91 104 147 137 130 121 128 117 
97 79 75 117 113 137 179 149 112 104 148 162 132 166 165 136 102 79 93 138 140 98 93 103 112 131 107 124 145 139 110 123 107 111 120 110 126 143 157 134 
105 108 111 150 128 141 156 134 95 91 139 149 115 132 123 107 111 81 102 156 154 129 116 121 129 134 106 142 151 124 96 111 114 139 141 116 122 135 117 97 
82 139 167 170 141 141 130 141 111 96 113 123 121 115 102 106 133 120 120 141 130 138 133 103 111 133 136 151 151 137 124 126 105 127 150 130 123 117 105 86 
84 139 157 132 115 129 138 165 156 142 109 139 159 155 142 122 129 124 113 130 124 142 155 112 121 129 129 130 133 145 144 134 99 116 138 126 118 108 120 81 
87 126 138 123 128 131 132 146 163 161 112 137 154 162 147 114 103 120 119 135 144 133 145 137 123 96 91 123 131 124 140 144 109 114 147 141 127 145 154 106 
118 113 119 135 127 125 142 141 149 128 104 137 134 147 128 108 104 132 127 126 146 120 120 119 115 84 80 132 150 129 126 127 111 119 148 159 148 159 155 101 
125 109 104 123 120 131 166 166 155 123 101 137 126 126 108 115 124 136 129 143 145 101 90 87 86 91 110 146 145 123 145 114 117 150 141 153 148 138 130 91 
122 113 104 101 94 115 147 157 164 139 90 119 147 148 135 137 119 134 149 159 131 93 90 104 105 119 145 131 111 127 160 123 133 156 148 150 141 134 104 75 
99 119 132 110 90 107 113 140 171 147 109 139 170 169 150 145 98 116 131 112 110 113 113 118 125 150 146 111 120 149 179 150 111 124 147 158 166 146 131 99 
115 131 152 155 136 98 93 126 138 143 151 144 161 155 141 139 97 106 117 96 106 118 118 116 123 125 121 110 112 113 166 153 108 142 152 159 157 160 147 93 
117 122 142 165 163 104 101 126 123 155 172 153 155 138 107 98 98 129 147 113 123 122 101 112 122 127 149 128 120 119 165 174 132 147 149 131 109 129 124 106 
72 109 137 165 146 119 140 146 129 135 164 168 133 125 100 87 120 146 158 156 135 110 100 116 104 120 151 137 130 144 171 167 122 116 139 114 97 131 134 113 
55 90 122 147 124 115 149 143 123 124 154 159 128 131 122 122 116 114 116 131 137 129 130 140 143 140 125 126 123 145 147 127 100 125 131 118 116 131 111 83 
92 105 123 111 100 124 129 111 109 124 146 139 141 131 123 135 110 105 98 105 108 110 122 147 169 152 116 129 144 151 151 126 100 148 150 127 135 157 137 87 
109 112 96 118 115 120 98 106 129 131 136 145 162 133 94 109 138 135 140 149 128 102 102 148 179 164 133 116 111 126 139 123 113 132 141 129 124 157 155 121 
95 106 89 130 118 135 111 111 122 137 145 139 149 133 132 136 151 128 135 136 124 121 121 116 148 157 153 138 106 103 127 124 132 133 142 124 106 126 147 141 
54 56 53 85 98 118 100 100 95 107 116 114 103 111 121 93 88 79 82 85 119 150 141 83 68 85 113 134 116 76 83 85 107 124 139 131 107 90 108 114 
