10 10
0 
17 318025098 864892502 721736758 101951140 11008050 7553995 814966525 302065885 139009363 501039568 427339631 636335933 449442000 47775740 559867304 372335672 166922667 
0 
5 631732036 76992881 815673848 509128083 979055948 
16 46316052 426781072 184351296 105895204 4579122 506846080 549504393 14704594 43415010 72470032 272399612 466686382 552464878 116500218 715850993 139779619 
0 
32 932218374 811047155 959841655 463326860 453608340 582341648 179464499 925373329 380818841 276292087 111227714 697872955 116774279 256303304 957534521 765891211 359981321 651551338 149473905 624028767 838683842 250528274 850321979 704156701 512290462 669613674 899742150 123600108 192539601 756664693 663996692 827949853 
16 395822540 482588780 726891498 740683544 394605160 678199605 939886239 563345080 578736001 763050312 254987631 985347799 748179800 241429295 317093538 679736253 
0 
0 
0 28
7 18
2 30
0 22
9 3
5 29
3 30
0 30
1 24
7 5
