20 20
0 
0 
8 508794549 522357531 470107637 396071831 529487407 354726385 214574839 243841841 
27 439949563 508216891 582421096 316906329 350275751 190466728 44099614 964558180 979956812 576886493 421580622 381354310 368462820 360187069 611541493 922454252 644109011 752103425 900363798 263799640 344101381 964185437 366858782 123344054 33988102 479736081 24030349 
22 744151897 907364826 101300394 565603925 276434605 973163927 202921632 779132964 193719566 119958735 11528073 780749937 638155449 383405533 64273664 834167142 360206273 661602644 593451261 802153023 718090604 677611112 
0 
1 453681303 
0 
0 
0 
0 
21 973471909 489692508 863873018 221364896 888755809 90494973 314090864 628497806 868744262 9367098 369556809 274680851 162473093 64524806 218505976 810793274 988380169 103270167 965704106 870975641 661422084 
31 189346323 602365689 292598495 753548966 932871473 207039038 564489761 43809972 351299425 696582025 464803440 913476822 405764119 92923015 864152012 453100580 741665926 453166336 252072716 789782515 719620438 973229722 436141305 131407717 534897691 797086214 607446502 416664305 752199245 287687326 224846356 
0 
0 
36 799783087 780104649 517023461 440519225 273730109 594411238 298264735 99523148 819433475 105432641 106096635 601769276 744883811 145180395 813869553 47598960 627267408 317136593 777537582 221826172 256284927 730396085 673759428 420298537 153248164 160067860 356982977 209488781 17996578 964028696 665951467 573166783 27205285 908251531 26322399 905911788 
0 
36 776464100 739400713 485288851 500589928 370141738 184553162 981509665 696911976 602028483 822161147 13154166 49935211 609990954 648220932 573422991 278052088 189002029 818497060 105548445 249196198 502354062 989985136 771297307 730919167 774228019 593883109 260564889 178720481 200688963 873647149 509328349 466700654 541204895 365959149 505978576 343147669 
14 296460045 518645200 267631037 886443879 338086117 571942422 316023234 875262632 119990154 626224241 485762011 351887798 405594219 823487062 
0 
10 19
8 5
16 27
18 6
11 9
19 22
11 24
10 26
17 25
13 8
16 29
5 11
0 19
3 23
18 10
7 3
18 7
17 19
19 1
18 13
