50 50
0 
0 
0 
0 
34 850408146 459634438 423389499 464180202 243747518 453568592 431344615 851665450 132614036 549560974 814344802 962635204 544408880 571492587 942191597 234604584 435094195 299625365 965628430 26801213 708816218 356254794 471512043 39713339 549928236 59807318 855541569 975590539 879209494 191724664 513249676 130492422 911293028 580604896 
0 
0 
0 
0 
0 
0 
90 730326266 693837813 763079868 457444368 435736464 617957437 873479761 50934845 114797054 808221195 861697308 876240802 674250087 342584409 420319540 971756082 843133179 47964905 568919959 350164005 516089732 611252370 231451802 368821070 990711671 848974252 907256663 354111410 44816993 431191395 208284688 287561305 305681640 70698810 962298068 504873363 976355838 997011908 761706865 527151096 692290782 191218712 237634395 896834155 122986665 650760790 845286784 187793559 464257259 124076923 471094001 369805341 547470642 849454509 971213296 272632958 222815343 368076922 75347489 115300426 993087957 473296639 690605938 434537908 263555256 252271576 705983843 658944027 631675393 893107749 242359081 819483030 756093249 566506442 866319860 361039133 312272317 172310117 984314516 74535039 847446013 783534948 289825738 797607634 994229135 651638581 790236833 341913875 990051655 998113298 
0 
0 
0 
0 
0 
0 
0 
0 
0 
0 
0 
0 
0 
0 
0 
0 
0 
35 126001579 149496689 526578541 572308066 28215024 284197266 345216787 81025633 495890411 504513521 165450118 865284003 211699084 139103843 449899858 725776337 380326282 754038843 176547533 177017255 223644586 966517762 575952034 134427747 820345703 909795620 397652519 408550535 451828075 581047444 109918202 196901054 570926618 593401055 971946771 
0 
0 
0 
0 
0 
0 
0 
43 476480296 906764821 861227491 730527897 994084236 203608733 129771337 102079503 563172420 117751291 392518624 662683348 343341108 407805393 639693716 33463926 534143027 8820966 830150577 93530960 341294019 374889456 430138216 985266218 564070390 601573869 241465611 380419549 17832744 800285432 111431508 164559008 316937397 103448929 836298362 260204463 601745160 483258170 867647396 395400096 179881620 705707510 754597199 
0 
0 
0 
0 
0 
0 
25 814451320 400251094 230591069 699183298 441530047 452266143 501749884 235156081 300503684 852407955 527966557 948487599 536415416 825832908 655125096 428272025 513313171 456866046 960954383 358162623 779047461 414730570 390554052 688111011 320996154 
0 
0 
110 917098178 655711847 844219555 362747509 360960664 805772836 905127262 159877981 73028921 738005132 160017114 751951624 881117563 96826782 18632956 844372248 517434454 657187950 619545805 869710273 165275007 638551385 644293949 647288261 252133821 163000923 193366750 47533250 721501533 65782528 652540599 234248203 455626027 635088751 979290401 888945270 103121690 405408582 603334041 481619266 877753158 568883006 418881040 543715532 80211397 946922873 20868853 458170719 18717424 146766608 811320297 807899383 945270157 792947056 962005808 822012372 105002086 288418132 321777466 696721273 450423506 990065000 988791372 821316355 35356558 680940706 350524671 941101251 348347616 348187773 646136158 269079947 158000060 904781499 812669412 237746386 383583805 739373739 271336471 272499121 175330304 171182274 822712838 844606836 230990807 172369459 670381625 662656597 839093561 461227910 419529178 474650891 109447660 74156817 815899196 278847096 191428028 220303421 167534453 480917305 923649482 391998156 806222428 243762556 733705000 99562183 560915617 419895097 447454234 898998935 
95 840106116 241461082 504505635 25120175 416222846 825707828 997365341 100510390 660757465 654668196 379950530 997232429 896603587 180958089 497723684 161922963 381626641 503694732 356303265 650354836 905340131 995371673 266228958 693397055 151983877 220125865 102447516 27363643 87116657 113791575 872173170 456525738 890390899 965299498 391865408 764488672 757788029 583947983 376905187 246928917 133612181 635781933 945807676 626472335 683173076 399972845 92814433 865766599 964220169 651312650 738742835 508049017 156619784 855539060 480702486 83850094 778065048 346409517 982952143 525916051 476699074 961914059 984946645 642492782 770539275 166239507 764759957 856686811 246551789 169693848 529252730 116605299 760870400 711709191 524085556 465820587 212692851 493803510 300360490 157646442 242550097 800022116 862599355 116398922 88449603 169320433 552487950 916732399 603278020 517834083 120173034 48912712 180272935 888565465 221261172 
0 
18 30
37 64
35 36
29 95
35 89
12 63
42 87
19 31
35 81
25 42
15 39
17 88
49 105
37 82
44 71
8 65
0 82
13 74
13 78
40 101
31 100
34 12
19 68
37 60
5 11
18 100
32 104
23 14
1 85
22 87
15 50
18 48
30 82
40 66
31 7
24 25
26 3
21 59
13 96
21 46
17 11
4 15
10 76
36 12
37 100
1 76
7 0
8 98
6 48
43 58
