100 100
0 
0 
13 704190614 785590497 929334270 248465583 331532211 809868357 967953910 666669397 959480237 980589117 527773911 830239237 268878377 
0 
0 
0 
0 
0 
0 
0 
0 
0 
0 
163 369327293 109817078 194135280 890498474 602526117 932995539 33424091 208633244 529373387 643535716 529910942 439502436 789810628 762840278 172194999 548194856 982798256 970068788 204772749 116440706 55996557 273418155 115228860 215337754 174833981 781210789 175143455 518907448 530204852 595331878 992659734 34619648 659444206 59563283 698053675 14001493 956514788 269087744 483909144 113551769 315210123 259287505 712804981 855778302 182396919 853218280 203990879 937701133 763850627 764001412 864974235 467743736 641463003 353163818 617586945 955546535 565606216 431632843 270231773 554466346 33875087 491243576 870245199 353517906 202902437 326591859 415999227 15992871 395166968 940567359 55337616 520847686 848654247 227117694 813430052 513883987 959780387 676167832 852970269 176777234 529928156 265531210 231901986 602283014 623144683 232407220 222649054 237749571 760363435 196713957 328125620 223288681 144959035 314867118 494670336 943113500 450824543 838791037 852516523 113873893 527608617 401009090 348214467 673306686 879721626 910828634 896010348 493660935 412183089 923047832 745563343 697920825 767688181 285935768 830563603 529020162 255929479 773494947 700533796 147493436 212061380 835793856 460462017 180287086 163348952 293699322 381260845 355058694 561724733 220914249 808719394 561333058 716531169 420434052 257310579 920630306 542183970 383429098 763117778 374139529 271192798 792736632 10941365 328527424 620085942 983859043 644789249 165904456 192010246 411884882 170760881 562452873 149250090 290779573 223101799 541447907 124790113 265195619 870423281 147745033 221284637 722399298 982024680 
0 
0 
0 
0 
0 
0 
0 
0 
0 
0 
0 
0 
0 
0 
0 
0 
0 
61 237295503 39227486 514897261 537167518 509304064 423280973 137033323 724722988 258449468 501257968 315019978 306058655 473849472 263340046 471960192 891098037 878162739 431704282 58083129 358919407 870618796 175840363 730346130 81945062 477911619 693094890 833595735 567522031 751416824 420826915 681838230 526017364 293180114 943167727 828509200 50884533 464862628 251275365 18184603 280662021 688165519 615212755 531980356 733239496 772880331 800330969 921376120 343815941 423369918 853573964 915842616 272914958 766356119 294182004 132000263 272435664 930944244 190953590 142933751 244595061 295087987 
0 
0 
127 457774847 905437923 700186799 147913732 348215931 136817326 42078169 230097316 710536306 732850188 489583211 121350274 55753598 750775416 133457545 75114791 854417985 467159560 700832249 977637940 50556921 972568362 434670423 160262799 94797858 379617221 35216262 708187082 521411069 542728670 975617003 305619808 120748862 649045855 650708172 211167058 314474474 427338864 829510227 347829258 499377960 686214031 658342493 103839905 777455422 668707619 144924963 791539478 688934992 704840928 432109253 273437785 99475773 424307533 324140349 651400018 109371082 549961576 69060036 853985421 479323857 412299771 621484222 408600349 755525826 804834019 793032188 245731692 877044956 471844624 210791248 280837718 951418395 226445889 672136358 994792254 905544866 580088543 560933782 939597225 710988558 358257259 85504873 238884541 613434477 828819866 854134957 365609190 125292008 543331826 226728462 592222588 346262321 104046578 863273972 522427475 686604586 996289788 357245191 600817909 231570501 85382002 225560079 339085185 875806089 403531141 937073186 669129853 872171596 83182314 655165466 269540486 530266486 610043458 684973701 906370420 977358259 112411272 455205912 546473725 585312515 132768733 8531943 961497490 700701665 209276317 608328257 
0 
0 
0 
0 
0 
0 
0 
0 
0 
0 
0 
0 
0 
0 
0 
0 
0 
0 
0 
0 
0 
0 
0 
0 
0 
182 217164642 258951470 296708277 58574662 585598093 333668119 880429191 697856011 684075536 784085645 851146957 765148584 285443722 337432223 721262437 612113117 78024710 410318495 590578425 680244995 380308681 516762035 190794513 256040423 201017229 474867311 287087286 432345678 425831260 228576019 775528707 123301304 283089764 311051624 936851669 985839509 373042986 274991872 124727242 636266713 221842775 821701846 588557010 8889938 423666972 450286024 820622390 382482533 422913872 438082772 144617322 993587931 955591705 553571538 11843666 800566596 250752993 475735400 815069070 297902227 354416871 363048563 619847305 373837087 474816259 442042258 495082180 382007733 255154448 709253891 741083829 779582032 401640156 314818766 811349467 670664174 163136843 254751276 506864813 150448587 296592039 514933711 617084469 919228781 826945683 709467645 499785438 294523752 756020152 464512175 395463891 365248306 145356569 915417862 169568036 866458737 947133578 344116970 781100706 811623420 888529506 206598288 344965566 980008007 737815165 429558936 944196791 315659966 754896353 878900820 897955733 332891418 517800306 334200048 551905852 848593212 369533270 715819574 996076862 441424535 780267209 595631936 28926149 319236103 824270675 378501349 447531739 391415158 714373944 988261538 702569432 503381786 111441097 230368027 236945884 96690486 889737602 341029785 362416837 682809278 593874625 817490325 264962520 361466688 897975231 784310717 768184056 217374602 262851327 43435489 724142464 316359 137732593 269556281 201621459 529908972 236012201 92108053 80698005 560307142 602926249 702220537 646928769 765799684 687160197 106188832 110782747 878357241 104494507 100088073 708218340 102829446 320518261 980520374 666880063 589955530 119836284 586412725 845910814 838125191 973391526 400229272 
0 
0 
0 
0 
0 
0 
0 
0 
80 812751408 441308510 995495985 781149594 218606253 225465184 852373794 448284612 454125857 267752791 923351759 173727855 691179950 233197309 37863098 867384065 947313277 898577652 568692077 890159787 775249078 451207260 29551290 554374939 335330210 202672157 630472647 529911762 895551384 456670465 630565431 665698512 420560888 225074639 956786060 770023389 966621660 25821026 89354248 629142838 825055089 45893470 692809770 984289584 452513297 269771277 718050375 955286707 30020635 300657600 943546252 898304655 25842499 996290578 586978113 904597575 881730293 348823736 85764637 255364654 160161441 415841608 692322290 974366099 776538551 29741696 251792557 169225087 661727013 108420403 765803603 691972868 971685840 504462331 98264485 870778463 843651983 808725653 31106080 341130841 
0 
0 
0 
0 
0 
0 
0 
168 51545660 930562962 430117142 996776280 329464797 119638364 645628849 969174327 976493196 112151810 967900677 914849768 814363488 865464895 861486207 922874372 387008342 246838213 590987483 106703046 517587858 283095479 228717546 100910477 753610372 507537272 80618672 138785842 384770605 569479267 407850719 684448300 296710913 996835915 322250868 375450179 895488099 463054525 277418989 389381999 10430844 919319262 735190486 753839410 374430060 129916318 960512375 978724309 503583016 553940460 292538427 224005236 865098429 202126953 206522439 470895557 778931225 642969613 175321476 210246385 927446542 10353021 740269662 131601089 345802972 577786446 238314188 615268823 423723193 663929632 262684456 242447130 481511530 701217522 38006614 286321250 257626851 519076468 284244568 472305051 537159225 933792430 110551822 858161325 569053474 930509326 104694296 441755132 741965387 340589179 549251016 84232678 642206201 411638596 159849369 95976885 774744466 771799969 562733939 815404213 785098076 415637971 216136835 56973279 75517012 35901721 512646329 603505518 343331944 439842540 401175457 16370668 241778680 461669273 61735899 499603508 861217022 18809328 362259805 511019199 808408167 977617028 971094940 382418975 159332407 799842896 651891438 502277802 443823527 335480554 86802153 382299841 195704466 168911105 505314629 700669401 50175976 527645352 491784350 254483250 273954653 402743701 860903121 204438822 260438098 774274101 377702435 590930656 974427798 720089117 374283408 812847496 363074733 40205564 315759192 913606072 764474568 882725994 291252189 499304596 366910085 538339205 638498888 5525133 230448380 475618662 671814329 947642525 
0 
0 
0 
0 
0 
0 
0 
0 
0 
0 
0 
0 
0 
0 
0 
0 
0 
0 
0 
10 973315299 621795319 309615273 688528667 206706401 406359149 533236863 548842877 174378113 981113050 
141 13881918 130836575 153332172 696324139 210910699 963241598 502794736 224510800 114484200 759641037 177927093 628291921 674263586 614969044 584282017 142150753 47743246 975777895 240752869 808273016 634943351 930042626 931528537 489801238 848333690 2116972 887942839 901419904 878073478 479072254 209898198 495194504 247819418 113599657 215128388 917070064 194792452 608061660 856372518 967028114 202491555 650858825 505472539 986562061 182604171 499735384 665276668 648244268 437331851 847633643 446478063 934222087 851863678 546395759 93090834 628192931 408734799 354112921 412931926 85741267 553018512 505043959 257603292 155490597 695077640 424514794 236965077 547805935 995571247 615228698 205799027 680870794 431395420 691683821 543753134 986647084 695556753 674301694 794631159 366882796 661893369 352803893 810556315 365521546 335900866 730110570 21768154 162804246 731493356 876980873 823695718 520935454 511411260 790830600 434690771 215137078 735157506 110699560 703532113 498681039 347490169 103720002 163848668 441358888 436749293 633502314 949261728 75814774 911640352 786955585 124050503 621693278 136264789 801332723 682012624 780627241 873680626 668874167 344179685 991590536 820042053 90639146 551916040 194927697 546177507 96151108 854695260 960229221 788955701 623234650 217416296 645085372 768202242 941264605 954979007 220684058 924755101 812976651 281915874 807827241 107631966 
0 
93 153
35 4
99 90
70 34
0 53
16 71
45 179
11 101
41 168
73 104
6 87
82 164
35 164
22 28
1 129
97 154
27 155
59 102
63 26
37 91
62 146
70 88
67 92
12 14
48 33
81 80
31 61
64 142
44 116
58 45
76 43
77 174
16 102
15 15
61 123
8 48
62 65
18 16
52 75
78 98
33 136
85 27
71 83
45 19
84 116
9 28
95 160
16 12
53 96
89 17
87 99
72 154
10 26
38 46
51 50
97 7
37 53
73 54
12 104
47 113
92 131
81 107
20 41
69 70
48 98
58 98
67 128
76 80
90 173
8 61
47 107
97 85
8 13
12 97
47 2
57 111
29 124
82 169
65 24
49 68
22 98
12 120
12 74
34 142
83 117
65 162
11 176
14 32
93 153
25 133
85 65
90 47
29 65
62 71
89 1
16 46
78 168
45 15
83 61
84 25
