200 200
0 
0 
0 
0 
0 
0 
0 
0 
0 
0 
0 
0 
0 
0 
0 
0 
0 
0 
101 617837287 226246421 462560942 223491501 317957643 780944087 270796716 419646419 308383444 490262587 498404148 34682902 647243608 597285778 135182701 394335319 954326687 905393562 246798303 863326096 490494731 577609270 796552633 104962601 574717350 807064856 170739784 36377919 507075 643164583 60766628 229255216 200133562 438639463 871496204 618065753 364889928 320393031 471483962 883107647 684052641 955394956 589605646 398951907 602504408 866774924 461128627 379436722 913001724 858782388 870766506 604605695 70254882 808936329 582767475 628847093 553609890 889234810 68261172 53753118 420768401 971111130 218814067 480395861 42010664 945531689 341012317 618563417 39801745 945094246 190687453 745114711 358832898 528547187 425634531 215820900 575938070 281782033 818886979 518877946 671674808 605707879 411252994 927604298 894346313 264650755 50751510 955594682 643023896 679072320 123551301 683092654 932116277 213313702 651954182 105254251 871405246 656262756 289161989 906501015 946613937 
0 
0 
97 996006867 245333546 363579702 499309185 280806877 815719440 765532939 230960932 5021788 804987780 358583734 493628902 869926239 663761480 238675954 598689475 150254034 147102952 311417549 422807511 347113678 407538623 719154925 504150980 141680893 925050217 309762244 482744736 593878809 799797861 846358083 347565253 607298641 104689476 961270515 437963370 486578042 33390791 332728731 575780849 190148078 984572692 645710425 694255659 796189371 835338725 231451832 923447489 930695670 393159496 453103441 219444778 555573967 512123946 212001670 644845955 101414849 906695040 562104441 236078271 150101415 395122086 409527681 988112062 85671032 650068262 602029096 414711085 435973997 537125859 403372418 69983456 264541363 992809776 290852693 404581372 309344555 959822851 108688059 110086948 619271715 902453006 537971023 72472658 191189271 872792245 315426322 859402668 842372653 277745105 42853916 87526547 780444413 3876735 372986591 956528028 356973306 
0 
0 
0 
0 
0 
0 
0 
0 
0 
0 
0 
0 
0 
0 
274 697525098 61251832 615477814 821783882 868897232 692122355 663394787 712308186 648177343 201095686 811083327 391630510 362466812 80230407 203276043 729959596 362402626 445230734 391222029 602173887 374318105 168202742 292121855 571969459 985474168 376079803 788674269 941015992 212512403 379204605 980331930 71076569 169341789 212656207 720022884 522901994 509633334 314893277 290342886 860477702 814142339 644061446 419636582 189642593 184392569 137808568 926487396 606397572 593499423 376537702 804648182 450256432 537879275 578731722 476311951 970617724 432285833 295511900 199553610 17710005 729792337 605218955 834024416 46528752 755209735 372791268 108037889 569762116 42950332 609849775 503779536 208189414 509564485 141299673 851412301 605729534 43986292 588116842 404117262 376789805 750903157 631272964 232388846 551640784 619118063 31260125 49471138 284155166 977072069 177224528 382263128 192843143 277008974 601799480 47958545 580438912 374431543 104452002 869347961 220248469 476582630 333078403 460744278 538116694 827333638 645190077 653558889 240264602 925648660 714705152 523894882 843021887 960888708 780962455 626666037 322523746 286992915 792374173 365255287 390993209 483830872 975917820 250330189 999928387 839018481 616050380 849099492 718753330 613681602 440261446 801091623 882947076 525103377 659139551 199038392 634268221 371863388 544684296 331993586 955436341 745005624 396607176 702535793 776599066 655968501 830950945 741365331 592077381 39165715 688367664 193199369 546479447 675792853 799739700 350509772 278499224 412170048 214950050 318721761 550400408 108017590 173461133 472282662 670992280 415457460 96064337 947069877 813441831 192268226 880783988 639236948 809818612 973457598 320657605 145798220 488671532 954631430 3375278 449329703 741397809 977140676 192341013 614189626 198752857 258564641 714324641 96377091 238158335 703333864 483830554 68485318 597741597 720385902 750731465 791348579 868820855 601462777 405860740 518783918 378037906 579618272 372794910 969810757 988837932 780705553 768696538 98331478 410431120 784135953 199744889 853398903 525428379 300262063 612260908 569406183 50370686 179836549 231994378 32658443 143601427 116092845 60984777 782870424 271157594 339738914 408939938 840447953 672380992 353171791 546349014 334581841 352880395 849413917 207360132 990781979 901861354 98924252 191291401 361620950 669135112 295074804 560935763 972920391 255548505 846442823 887502142 907368281 776471750 220817163 745519533 432379780 800473036 279936124 742448585 585375713 264930204 629009413 120285410 506646248 973754552 327812471 369517796 187763503 498947235 184324251 542418837 374779307 60778553 581419942 933490803 987228258 315771533 522193151 919970807 
0 
0 
0 
0 
0 
0 
0 
0 
0 
0 
110 68991256 547583399 182840336 798958890 941499380 406917503 516127005 95314910 918039786 636786216 972975344 183969506 884938133 160772538 181122070 960727714 28914724 300040258 387339023 868141075 805974504 783065179 666554466 642974545 587660997 815659113 570621184 721673553 481153512 705038001 745879343 996988382 918971362 322810345 5274716 260410987 549650622 91176115 570448422 918061182 306583813 207641157 758057863 21236755 998052660 522616301 637253926 959775446 679832431 619681774 459100298 354206514 149728548 510756620 711205498 266664183 867062346 347412859 493113875 271436528 47985054 762799740 818110809 672138044 860706263 39774616 841588261 293018350 411843677 870187788 761775596 482286515 487042274 142775351 784892492 224217576 920210114 278324904 167728918 591557303 223286571 517380048 891004142 94957950 586562072 618816827 844975909 49278548 658878749 131351492 400906992 361415839 279528393 217139959 599468122 525895661 654966226 98155367 56188359 851198846 536559917 21950614 410860434 512416838 238195450 345967850 843458322 253841953 385565321 298901654 
0 
0 
0 
0 
0 
0 
0 
0 
0 
0 
0 
0 
0 
0 
0 
0 
0 
0 
0 
0 
0 
0 
0 
0 
0 
45 660335994 5231110 142733233 990874744 14773460 882058352 831533585 160819087 46379947 568671807 468083200 73398529 208046930 205862582 774602373 599628765 433615312 909068959 96993446 179206163 724314943 258230412 492615256 362044665 96797580 909214742 745725029 253768959 409429107 134908559 196144622 448768796 874958720 921106834 710676338 825522191 579044217 1071399 926285310 696355834 921434052 256490239 471063205 687060143 226680762 
0 
0 
0 
0 
0 
0 
0 
53 284787907 387135087 905100418 29450370 97405504 672189331 302398740 321684145 713243511 800565209 625119417 900612143 372499900 262063506 631158312 216352224 251112816 240145014 304774134 289173469 574707027 659290712 410960027 431705535 136520227 111496964 628391471 347588174 188312049 330267082 68874789 125221013 7369726 696928266 114715529 820457392 260149307 947407060 116734991 216369009 121192502 899602336 653217535 809178997 674385471 850336082 210560875 342828744 413943168 660491463 138076417 540745253 559645644 
0 
0 
0 
0 
0 
0 
0 
0 
0 
0 
0 
0 
343 761117484 114303292 650555272 738990825 116934818 109358251 956603694 99881448 153291425 701014582 375355770 86447524 917090559 821474333 814237918 58597956 44446978 692450746 762825249 782491683 753252133 990757961 424932112 418432839 873095324 554595891 829916231 888286596 860810128 306497958 776048443 809551061 477330984 124977925 887453761 296747532 318944981 570549758 495912452 282413109 194486479 349667939 880538808 786219550 348809078 913237244 708257274 491907890 691362835 864947291 218650516 183718455 692929058 675199906 228932912 661631670 514527026 972741600 265335109 37436736 147831113 430214168 171539648 129893792 476783297 631121056 227327100 458813368 377406479 164552224 732699612 497443352 416171054 705180273 551660110 686426799 551794575 813024144 23644592 288279571 569451732 119497744 753429489 84981607 159431529 998926011 901042287 629234964 630184600 386439574 382597197 589032828 712001994 544238638 436275137 505308647 584638377 701954233 14460993 272770256 627727402 575149283 63193534 935420522 225449174 44570084 803933364 259969060 809029848 547383264 773967136 574580213 959760227 454100275 922318061 87586554 182752671 300730133 627656991 1402089 843197051 878140192 124230820 596076011 238709788 939363100 149964060 764181781 564060198 984049100 468604732 965242927 45202672 399844771 148483884 761264064 190259199 735418779 946909720 353744329 604769306 257098023 830441641 164927695 796348650 9464705 194172304 784321958 456199179 673170891 159347830 254116178 175547105 103569326 844065773 771193943 875281777 672242370 989763849 80960041 359479611 286500466 779754589 545648796 858440595 845121457 14682789 234073409 751138834 293314133 782810992 503031359 939335757 552074225 546795330 480071396 279865114 285788480 229369948 617141651 95103495 42866200 511767122 126538850 34965612 142450804 951237714 249028649 279970969 529440406 56672658 144646350 230908387 964490360 208904813 23994987 256523938 34862997 559096459 553978244 400347677 505396237 151118988 607968285 349823387 383069106 84156565 917171505 89787370 228808457 142448940 196830105 599844757 548705852 934725288 177804085 455101535 328531437 356075181 337472366 185531793 851041906 459789622 726350812 639124369 676741056 880066440 198904411 688878146 508973354 909940172 410029235 751634437 353635811 195066395 657039374 544029117 663302062 526642981 935554760 621535768 377224070 318328745 524248345 259654116 2096376 81140574 739168661 532045077 733611977 879067600 920493331 595972019 852416670 474361517 929163985 775133804 15217186 744726529 491208704 734233746 403524185 558571791 4943595 40351538 413900698 154463566 639162468 879614112 189068612 955345531 360533599 807841299 500141497 292128855 891179579 273118878 454241798 689097419 929462265 8532554 447638720 507246591 857624201 933680592 669938439 763872780 864817043 517242810 466122481 267282061 224022913 704907697 409546396 650664000 160949216 315308175 679290884 260377183 155266122 101089516 201160082 322961178 792188273 723719134 765595738 710389973 769166093 348592911 472819534 705177443 967906960 472351274 282159654 943918273 232325543 832307768 41809572 87725291 39663550 441028757 433685960 515875078 999073439 848313761 913702064 37844741 238252581 357196287 881326552 108340265 35997715 541142355 447717140 537430288 28224924 914091392 731321627 290286766 426429723 21109352 443429029 941977415 
0 
0 
0 
0 
0 
0 
0 
0 
0 
0 
0 
0 
0 
0 
0 
0 
0 
0 
0 
0 
0 
0 
0 
0 
0 
0 
0 
0 
60 429330975 783960595 197393601 969284338 323399652 582879570 850256551 938978725 775439700 170294991 319872870 574674821 118867797 257340448 471460525 282982239 579938786 62888933 606776503 637059517 619477304 724536830 909684830 508169623 76971261 844209098 191209109 844663219 975837800 985745829 425445462 743526150 389081725 467007848 695636996 737141595 804065962 25164311 651954151 69663479 165834938 535708820 248705815 864734846 409524659 478633386 857041302 341934106 191613549 190146410 817844741 492065393 355035733 489518787 352738413 498169157 825090295 382885509 466385854 876617860 
302 296060427 954231189 68594777 485410521 224947554 353523361 38334203 312792410 627931548 714225999 454145909 162310601 272799604 876516413 845140900 975214953 688849427 930812054 675095328 850953549 925541939 892029291 2199986 384621788 199721431 231214764 783565458 99713025 921459127 727815569 649582459 955255332 644039319 976219640 219096674 634951214 86196073 641843298 553495632 177067891 862535253 673957757 166620482 528575711 765842230 298502112 384800524 525186431 232075888 276700327 729248337 394335647 350018079 398267493 472059394 297218307 100235196 400961505 784612164 912197755 183329014 293879923 235553542 473562545 943309428 854841192 101256671 706740516 895356297 408720713 713218279 641992467 84929145 558693838 597059785 16710552 959460112 343771917 858504038 194420703 320960409 918771041 471372641 682740204 168721677 155353554 317402 956470312 896376004 3289252 331074895 962673596 758837703 536056421 804496988 142161708 783374660 468653441 408683941 539778690 335998586 566252217 760321300 200396360 714179183 338521198 814835864 502207718 829734578 151329297 398951101 136546049 65477902 144546164 536974100 298632811 612728648 593013418 596978062 104885270 625990438 783789239 718545846 117745047 716429808 323449273 482644299 633158838 967825988 251669745 639682266 207078104 576184251 594856346 58514370 989385193 908209138 67268110 733585463 291262657 737034536 463804308 308411301 187248266 756769116 714906779 295799469 664905997 989477714 250433942 490993608 570272429 252050880 668985026 502287241 889549241 67472184 697894695 413329213 918587503 263411266 37525133 305498375 801393513 83942656 914012121 871485372 525824158 841444989 250157784 413377082 380279177 313348844 322684696 593677284 129680427 174980587 649698391 843324088 707315059 914967110 66878383 541613634 496580812 563721461 57805663 788148886 621764334 243061192 661708932 81404328 151515157 84377653 716246656 533375169 309093288 370187435 775150821 135260060 90737340 503604924 772986370 691213948 149994542 459924565 60877193 223842770 880954077 375543159 614364870 738010875 848937159 496562448 25461640 852020041 100101610 390902381 159912789 137690680 587733121 199390326 848429351 254300267 822105991 141766374 769165126 45337648 866901336 274270901 770212924 531527795 46586239 333779257 751226738 937227278 511570204 314956406 814642778 783459906 153139824 62596431 751363173 975517312 347711297 918786309 119691738 999120892 333082097 855561936 995286821 193718461 55781423 997763363 783636787 644361313 84085619 671362212 571441985 126437010 101931516 957379892 93820441 863829131 966757165 315317513 376497296 421474871 271758499 537547650 502324083 321596476 732945122 667233674 805685766 857158853 113691399 100038665 73699136 197667690 52641766 901614589 671850539 315260779 768099414 178947626 150888042 270632402 197573331 953691529 247968375 934899743 665694790 750371111 140854578 222048967 923206007 762094834 107557308 338061771 91714569 403952222 667468307 
0 
0 
0 
0 
0 
0 
0 
0 
0 
0 
0 
0 
0 
0 
0 
0 
0 
0 
0 
0 
0 
0 
0 
0 
0 
0 
0 
0 
0 
399 27451863 513629849 740746201 474580283 840925231 873555637 506498302 44218138 480663147 547049782 550500305 269992529 546706961 24300340 100789254 355908492 691730083 853702279 629859162 63673180 363836519 213643429 138347076 580676633 587882955 416601368 493017717 321150740 528900443 240408318 84427000 516823082 581647131 89479961 34409889 877200628 469775659 499860327 424215547 35228565 401139630 931341712 105893400 960401955 824526335 416630482 726879254 518538018 613129118 73946650 640468654 725562775 584784209 658074493 809038788 940596770 625469820 569523918 669335155 602040733 325156039 712631929 145614273 560466358 569294956 708081497 715542778 418386150 355778173 864230212 195839088 891582473 482731045 971946674 165946090 406355041 585649765 155094191 824712822 699748407 484285494 124738702 926521643 225406804 249792369 647593339 540477522 161081422 219865388 519216253 903305867 331635429 298123598 357589426 744664594 737455216 296187490 555025134 434068788 214722251 744826147 834008193 686261009 92114327 470283237 766325102 887247494 643958903 693352117 480581575 944429759 330324334 454643388 79138924 136740400 976817025 101082206 613922994 694891158 839880981 238789030 320906378 55490661 758099520 251056407 749067173 725970965 719264348 697861809 230519467 718212680 864513619 190296140 406438240 552291835 259776911 751616843 208775940 765900039 517895249 922427161 832940337 468820893 727776104 763808612 446195434 292723005 130107447 708083402 156051066 828501663 629888076 723713930 394780154 887293770 760457356 93041668 923393357 608969955 866431211 591780140 452447100 766637863 418764049 274888578 401566398 247684333 402864768 507808109 328230392 306724401 689568179 530032148 258041502 777962008 43362370 86026242 352033080 453393864 443531394 466272983 201494295 159846954 297727436 144434648 360615176 922217063 521318268 441091912 67321129 169707407 950016205 37521279 908727351 288319990 442629529 703693396 225377062 827524672 194426785 102765770 60903679 179927126 798711905 456627942 635522744 67186248 924944250 195493179 680455908 306155818 374745787 681773251 165598664 615163407 173408007 252720705 436797489 711362900 368596570 894375007 910618777 816058649 861956896 233304291 409031094 149030777 932956218 654099149 977748060 693863949 552640841 440291610 616190467 827087221 207628155 845452677 504915951 585152209 423487963 739531414 967108467 201155816 734756992 923021017 430288348 387039546 200203046 723368648 857163398 760087900 265017713 58386256 66208466 954421718 802891365 252823775 662806066 501195389 630060612 56253827 532981113 206802565 495708055 15801180 664921769 63878087 512431696 400177774 313968323 536834672 235858600 795842988 238358948 334616071 306685130 255389805 675934682 818326366 381727638 960855801 190202894 486582683 824396080 167871783 453411409 603307791 921365527 873090639 143469099 135441814 112648681 533078584 903546766 733569825 560820703 411591250 567075846 10303996 179294621 595901703 481544771 277022986 514073609 554582527 679602388 130556663 554933922 157738025 349414307 767929318 491139326 259707420 590547628 734795844 617261848 932765144 645354126 819740311 132391632 101615474 508068817 306275752 838345234 224211353 321376623 448369945 999958225 447364713 347350259 11357400 30114043 684949528 823911740 308785830 546222848 321439752 832748963 117273639 181435822 917586707 953889630 582037192 135423759 167423263 729725473 77294071 587756543 929316073 12129304 822810222 652611105 50722163 453097444 709733457 191143314 988641988 410962417 713202529 874915358 878319842 842649761 73837296 557519211 190307790 936696234 3672685 359836938 16970307 796581128 155249134 489948400 414297240 450193788 563662079 618425164 607228651 110035945 964439109 761707415 648146626 447670763 192457020 545454418 826003313 768036053 962384090 504201219 26880894 967843178 856349350 387171289 118697142 498121552 950485313 603049508 699289551 707339269 137984010 
0 
0 
0 
0 
0 
0 
0 
0 
0 
0 
0 
150 696624591 520018623 45561878 617993105 498502043 670124308 878145531 136999874 476441498 747199214 684010108 737660051 381644061 808603925 164740870 233705396 510770419 191186356 756607591 922010370 873139090 752688787 935950902 970710481 288201113 535941190 358355802 714549770 867038907 482179521 105960536 330171847 949130238 956286962 543490187 257112200 764293851 952002583 40951292 441931720 935152097 256785821 532525295 427178882 501841302 493523323 316027763 306837213 884827187 199102926 184432232 573009763 983150732 423438760 389742672 918360992 524150444 237956329 799606921 52195507 186316990 367898272 202016598 568953840 414193971 749421256 788885926 545851426 429248374 187314985 182145494 716720633 413188129 538278900 840454255 586526159 909621471 712269512 220841438 297820338 701834229 530289939 38724611 806160443 209828118 202607655 141787025 73590980 829149868 322337087 570976692 40260007 547081648 153309049 111382109 538505932 127712352 969869190 34202481 243009611 227370361 603358629 296470182 240866628 863347141 598200079 352076417 873495814 234443467 553800291 833396600 350772877 432185355 958967130 960244074 918655832 367259073 332000846 817518494 724688971 476601294 13350719 52843655 637843311 482734787 125903053 456583908 816211015 549393632 932517407 356418472 808635827 22289555 277192043 384927166 465929201 895347901 144455629 566498386 502215590 475887314 790125599 849150103 473071743 668753257 153599167 666879561 641392772 763539103 746979693 
0 
62 552237984 619931699 363714537 951601118 209841523 884814519 331441033 400790326 161395874 462782633 835859789 521806698 800952553 16256991 422911431 239817509 807493944 780519987 454546731 60875761 354315876 980533654 59994172 453381298 211977110 123580114 972162949 177009334 853033121 97528155 431755275 167432631 787515777 422490491 182584234 274898301 182157342 505560510 260170833 249641149 652082904 580061079 90289352 433511804 275737989 626681203 688552777 221509895 460830991 266461905 365057190 196317167 643875408 641920135 834439417 999532208 390671251 749923255 437218747 864175975 498987673 911700012 
0 
0 
0 
0 
0 
0 
0 
0 
0 
0 
0 
0 
0 
0 
0 
0 
0 
0 
0 
0 
0 
0 
0 
0 
0 
0 
0 
0 
0 
0 
0 
158 275
93 121
194 286
56 333
182 226
132 163
106 375
41 47
46 370
156 66
175 63
67 46
196 75
110 81
33 237
197 46
171 299
119 194
114 63
144 213
63 245
72 188
84 158
31 138
193 196
172 35
135 10
169 374
93 160
129 193
66 257
80 65
91 291
30 164
91 6
183 219
92 387
71 73
134 398
138 286
98 125
195 88
185 258
8 114
198 44
26 385
84 298
60 317
165 286
141 274
2 171
132 66
100 128
94 252
112 326
187 313
53 275
18 380
35 332
25 23
35 24
174 293
60 217
27 14
91 195
61 294
148 175
80 153
86 82
29 233
162 117
167 375
186 382
124 238
172 367
123 295
159 116
177 259
163 77
140 363
194 86
92 322
179 205
0 304
90 223
147 122
65 184
182 344
84 139
38 24
58 189
28 293
121 163
22 222
178 348
20 171
86 262
66 137
6 211
108 279
7 334
38 387
115 43
174 170
36 331
142 9
5 182
15 182
92 121
130 124
188 252
150 217
20 296
4 10
18 139
52 44
195 174
107 203
181 143
186 82
76 387
144 387
74 375
122 145
146 33
10 286
30 382
103 181
95 381
185 157
192 390
159 180
38 310
45 144
21 264
193 119
20 383
98 93
137 94
195 159
170 152
78 74
168 71
31 351
185 219
143 49
79 344
11 114
174 196
176 359
92 157
82 396
66 187
144 289
26 31
41 196
185 54
9 375
0 337
53 346
14 307
100 160
64 69
29 187
192 245
106 372
15 261
93 43
99 68
83 160
77 123
96 29
1 311
48 34
105 28
77 129
180 70
101 363
16 332
127 230
108 305
69 130
176 39
128 394
35 9
1 113
11 238
116 186
110 257
136 63
111 30
196 267
48 131
82 286
37 113
91 263
190 266
89 230
22 351
89 50
