500 500
0 
0 
0 
0 
0 
0 
0 
0 
0 
0 
0 
0 
0 
0 
0 
0 
0 
0 
196 752365016 953729251 693578630 9680499 217753031 559350789 708235760 440199154 255416537 986763672 95899546 266439701 21941149 736346935 187177414 842617698 739536518 31155386 674360375 555974193 186939419 455132604 991641494 749538318 272741590 427723410 794912690 854426271 96954011 238564038 250002933 261859489 894401238 71548210 878132871 899519753 86984176 562822119 399978853 810072551 833750008 239405024 747491912 441772617 735308138 993517718 868164882 473148428 738585657 241563280 239947468 937698797 225619908 226198477 15867839 620290558 140389253 779671093 224725241 763111159 128507792 490799037 705777916 826385994 537091624 722230093 334456805 474931069 257648833 652901997 29491247 706830247 696915146 273600249 500362460 720370859 773537677 472528845 813245044 934905687 774000752 2844715 385913808 323867610 290962976 186615452 532281808 160450740 922596968 970431988 729484887 195617387 69029869 921625956 198876603 904496408 992913265 260743737 946463256 792150726 584609367 408965062 27744822 344426634 849079262 950920195 467613409 390194318 861470678 506889116 86030786 794438717 183968233 342843832 641244461 853054348 407003823 915834598 99711452 386121019 822087124 504725173 263729841 621560900 690470246 416133931 579469578 448028306 233340218 920176488 381179016 31059203 131158193 498341420 210732790 603777009 987345129 887259126 928887117 892525907 92039150 973847346 861982569 56818912 853019729 506249818 651126602 124398310 666884331 594961827 938296410 620250644 230454176 195229913 123016798 530069704 707589467 724289557 919290767 56256599 460360996 627754098 519620727 701484404 297091009 505450387 863893926 980299611 963259565 28348356 226785857 806379513 353256293 478068328 757364665 946083368 761213675 875185660 317591094 638894287 673968818 923459260 499721718 969479522 714749494 162404637 302104530 177023344 190384102 881767464 44036694 318937808 77315212 684788401 639107698 27691650 
0 
0 
0 
0 
0 
0 
0 
0 
0 
0 
0 
0 
0 
0 
0 
0 
0 
0 
0 
0 
0 
0 
0 
0 
0 
0 
0 
0 
0 
0 
0 
0 
0 
0 
0 
0 
0 
0 
0 
0 
0 
0 
0 
0 
0 
0 
739 176236680 429234028 695302246 955082311 586484814 746779813 694945117 881723098 457560179 164013898 167504698 405503455 681815699 624359720 785857205 140344021 791797195 379564972 767573054 364430031 474852031 759528636 546974044 765749149 424141842 314550489 264050683 749628815 802678794 675000869 447628732 682448275 608610841 869680120 630830411 652070109 492086401 531825830 734642372 211071640 243259486 229300911 161384741 404018920 30567105 219395374 751329342 788263540 251658889 467798979 213160637 73779235 134653256 488336993 432139582 204598704 593469964 9720393 528270513 26357175 833983928 393211323 862475429 630721362 637849162 666391099 141524553 115986847 824545837 398859524 675525152 876688705 457651643 698281591 147610569 149335492 79660495 994321079 90640986 253869078 270080226 443554667 652492327 698828598 849081738 342539613 486886292 404181941 134786214 631216060 620444446 438095663 641852611 933418213 538168398 172132150 850059499 399727092 227013447 267760711 843900625 92536626 708387412 592454255 951719613 102356634 346417673 300398600 621282792 567813581 424097986 230497629 203880779 992488603 1377879 613007505 836802573 975870155 745821096 917259779 794379544 901346186 357736770 646566925 721885356 56863733 949582640 709503269 548111281 830292181 111876935 133967125 735200702 6997927 578921164 207754560 796662870 141692181 49724580 821430482 419643508 639328610 706643796 924875741 146805105 353045909 680000057 974949747 968066394 352128178 698891602 894376690 203870044 745404693 903401719 168247779 398687671 517062780 340026444 40477151 877539301 347124937 439432363 101478431 394381358 85226851 680097560 954644280 379198129 383612210 305204715 81905498 644996759 711613055 970032203 355496739 587660594 528251003 181727342 363162668 976378063 632966778 373370221 416997040 606498870 440947091 397488614 209257327 382646990 694444267 165230472 615965178 772529955 342213321 486372655 648101839 21223196 210312418 293277277 522813447 212080917 747515996 50185022 628132779 394912344 246023452 291252878 996673911 194447525 636488577 515440391 25195226 595524844 794823555 153557497 876946144 532287139 702137273 539866085 592917155 717387371 531001475 296972370 451268255 210153204 363210529 25476957 774933061 205718886 390562156 785160215 669330180 925732648 400921603 135369790 167265749 451904078 317714393 807972343 164144339 845996465 343944579 175181590 657869106 162621677 405325017 124081232 505970331 528254021 332560433 138342016 657871921 603703574 78106159 331267138 672445183 657816125 719052792 518011815 207909670 861958930 18300660 202726083 516807144 525130073 458365369 155369199 422013871 919768802 949442656 979297658 594046238 704121065 45730201 287333227 884545180 834208904 888152938 572810618 128173885 426656839 229214328 703745943 737428645 750256672 255816765 57315099 180324620 942162420 412128377 46793439 299674836 565011523 55290062 75111749 678758729 703801055 752281029 523161978 774958661 174750613 14594062 828286241 202593031 416746772 635793172 943840939 10248733 858808185 719926021 705453386 254741884 159187588 534005671 382761518 454674091 707836563 857227690 748337507 341170290 146307288 695628221 621970237 957234192 981662916 486737226 268423521 825209074 307141824 576518799 971805794 512139707 357494365 937425917 521101170 851487321 530441763 492151176 792777783 408081002 904562574 90827809 911460242 272673062 930533831 856470130 575428573 246513057 217372266 897050366 240409621 642437561 219201091 3910958 321383199 19010382 67600079 709364207 357161603 127191545 866216415 227950593 52086263 121465953 15491129 399035711 321150568 326048165 481895437 180564006 680826279 508308895 860898636 575639189 370583597 687681267 987856652 239991656 430584974 212769453 640616178 497799481 125634692 880658779 174162105 684992395 849475109 961125076 772857640 224099018 487839486 764922945 466798562 22463834 177687898 358269083 708260906 267584354 576028499 426806983 947439933 88803997 706317172 613160717 569571277 144419881 2148854 64172828 948303945 327694488 303611430 426172931 778535674 250824652 123260809 785307694 518899787 364807200 104929587 357814480 865271414 718237092 451344403 666654487 752761717 499507501 875120400 130294332 299110100 608513944 975358724 160252637 929199827 805291167 851230596 432301652 508277124 102247852 744908869 552178324 474332974 12418479 853791573 603965817 24279024 695053649 798390521 268656328 293753799 293323256 7531972 21247002 417003597 220663141 430971393 38024817 248138448 875567163 218127793 534999779 590492555 599360633 696553454 182538429 398271114 84451363 354290300 187420011 46478764 278615395 274198297 356587193 46607254 79586046 694027832 593321095 479394305 666036139 228955019 792031488 530914101 664466195 584308907 128148412 375213680 697571459 11381168 637948277 87782389 538722967 513309310 621315996 406386163 559648390 72322532 413120592 303709778 473628863 420498492 54207049 443510394 107079009 69181642 967006253 122992376 161449406 378419194 645932182 163608997 229974041 381830341 2848406 980092932 505153313 744473039 453426323 614111412 383933773 936270799 3249865 117778448 960756102 812043933 268046421 547096734 149658699 543650801 750464895 622451966 135971732 702040430 452289960 392177660 768402742 583890373 675066315 985296454 703776329 780961798 494335761 381898857 529392107 615940250 783448421 646138379 467432886 575973277 360249876 621685543 345039108 379145113 536265017 827669498 106399120 967670085 755596615 209570563 999838208 270982399 40575700 784366084 228219764 144551582 909176867 221217241 4144733 352536715 214609724 468505357 582598098 495387280 144174980 997216277 349833397 113683242 397206126 568985875 289580164 659355947 911264859 995690404 574224003 275290491 561261125 822546002 692643316 534925700 862507953 860948655 725445884 38859966 2070731 730491896 548371133 678127351 103384823 478989634 423033452 44636323 115072946 177366193 549514063 72084817 33403850 815229885 962067421 921704360 671589852 462827026 265360340 911956913 886022237 377693542 512189567 339162564 478811765 652227525 296482665 825608074 127341651 326667855 110428922 72925557 193525797 735978354 237927607 95594726 977699994 244329700 89103703 830792021 588570664 236303624 199943427 287128536 916513594 912126027 111980799 634644436 92102070 617919960 602665464 580548168 154573157 23403065 573126080 469450454 767910504 661951571 576384009 790460276 667615377 948964288 47741874 634161453 838521541 986071367 804311704 589729153 708832613 99666070 432268519 726888132 482742379 857926333 730734058 972259962 372206817 931011998 590997635 40873603 637102188 890206458 140040793 337330267 156648972 854252487 896848238 609324248 557482255 291518898 769826031 171337033 391784851 442810808 16080710 277764733 610996979 3810068 53446405 990433881 320535353 404525797 192663387 205896044 476422083 345131228 293929314 466554230 492803935 329974672 494511902 417036608 955297273 376711196 741771916 890411823 59721799 555433291 724704420 653547741 9188566 874495417 700908838 589983124 295031016 445308145 201479024 803403916 96386361 675108122 942323068 845661080 69903121 71851951 199218260 802192253 941743969 93289196 614354993 700160889 166412605 615017119 925110217 595245055 150479244 910420848 730453982 243396872 
0 
0 
0 
0 
0 
0 
0 
0 
0 
0 
0 
0 
0 
0 
0 
0 
0 
0 
0 
0 
0 
0 
0 
0 
0 
0 
0 
0 
0 
0 
0 
0 
0 
0 
0 
0 
0 
0 
0 
0 
0 
0 
0 
0 
0 
0 
0 
0 
0 
0 
0 
0 
0 
0 
0 
0 
0 
0 
0 
0 
0 
0 
0 
0 
0 
0 
0 
0 
0 
0 
0 
0 
0 
0 
0 
0 
0 
0 
0 
0 
0 
0 
0 
0 
0 
0 
0 
0 
0 
0 
0 
0 
0 
0 
0 
0 
0 
0 
0 
0 
0 
0 
0 
0 
0 
0 
0 
0 
0 
0 
0 
0 
0 
0 
0 
0 
0 
0 
0 
0 
0 
0 
0 
0 
0 
0 
0 
0 
0 
0 
0 
0 
0 
0 
0 
0 
0 
0 
0 
0 
0 
0 
0 
0 
0 
0 
0 
0 
0 
0 
0 
0 
0 
0 
0 
0 
0 
0 
0 
0 
0 
0 
0 
0 
0 
0 
0 
0 
0 
0 
0 
0 
0 
0 
0 
0 
0 
0 
0 
0 
0 
0 
0 
0 
0 
212 326631694 785943050 21500664 658052796 531192332 653314412 414600997 76198972 770471890 707465920 680044079 565334581 119262700 134606470 974559497 370889162 90391675 226083711 431153528 164594731 69154010 702796291 895899556 712463073 989591883 32965964 411306910 857468356 954327701 83681212 738520798 163143952 507008085 910584788 228057683 804175865 16416432 574245328 731048021 853747771 513419288 356819613 811297141 109066274 772658163 793361502 747715204 281765342 615274994 937835498 314773358 766837772 650085591 440487957 370195067 629091980 391877259 794510788 813363068 383353243 122734307 315227906 519695762 487841717 79789837 495289615 654783408 610085575 704822157 646902032 621101166 778887500 966885059 841803611 566042827 764550994 453785276 983711892 174662071 640729243 936862415 451664324 850141151 378548823 186683073 449971745 438271242 720773218 410034490 473165843 63649902 642106853 432046102 9223266 381031491 405205820 555841667 96140382 575276272 505075622 145269252 928367811 116933243 196283316 787855840 364812806 936143401 915641492 256757378 819192443 345142144 198360046 830753306 363219972 78249442 721882631 124901835 44797790 10490285 532846344 566155440 195629987 118838204 206083584 21494797 596822592 312613275 792634445 664115690 17938168 376027425 107119322 284178546 386598206 671009490 656488201 246965853 478217848 779274542 239433689 760162315 685273890 264496808 721388552 754584021 866927973 719259090 402853475 88344887 990661213 975060490 366052301 73563315 382116528 943237676 9866652 670698598 380964317 517451967 169522167 214088654 274384082 228456324 889064955 135407627 801459849 177267813 646865957 669847086 270497704 485851774 654214346 161184329 86709269 466068268 73377163 80236641 135852143 808315495 615752031 570854872 428008084 34623292 676629889 457318975 455300658 883591523 278920680 450587056 682708402 325768285 75683716 575547990 981691494 961290149 501050283 106270831 987473861 204561756 566402719 887113113 354118507 965924235 443889130 90052389 79983092 727730715 606026054 876176964 677271558 999916133 522176468 
0 
0 
0 
0 
0 
0 
0 
0 
0 
0 
0 
0 
0 
390 539643592 898276326 728618858 682785626 702474216 880577659 230054268 471917617 376856201 725508661 238006837 950269203 826747542 167180208 541061024 859001429 468930098 231699603 316823160 593110047 462618944 931519224 756792638 204590414 845895601 369850885 899496901 239999048 968585739 169231760 373865258 277163916 212542082 803274158 209074623 499413800 145415229 618798537 578292798 388150040 306105065 230676755 432966813 619095641 547929913 789154744 79732205 4992927 910624329 450786826 127894701 274913376 700583138 437985379 384286676 516603137 70747310 364568397 632608595 605049752 567760301 34741600 523720187 910758927 889184484 463961465 549034045 618018803 51302263 284011172 467980800 625493776 138380247 928664520 579563455 3732639 652114242 439201144 226979236 596304638 523906123 129873770 565129834 992899456 975841941 463407995 165695294 541435541 43947055 798180931 6500853 836354444 50612841 659415339 979258930 109343006 732544284 561415449 819842187 131461210 809555632 393990233 445473384 814617368 164041670 273999880 556915806 287951541 873516852 31659373 497839535 643229572 462023349 750589804 51026420 699168849 997178896 158815327 666105878 990724941 662127798 889190850 697480578 702025570 581892503 473149697 809806797 697547907 621283458 730956716 647102846 384354928 249423446 880728510 816700592 828911216 673873847 395120208 902111353 841842324 400756268 858115480 717249087 217396929 185166939 767814247 916291325 373130849 376401185 313631934 513240773 765217696 330097840 613854004 23277123 650319506 986964356 250285985 371533405 301542599 626677388 168909088 880954049 730556500 457940908 110629142 642912675 396661805 812602829 260626201 433754835 465148838 793323610 529121302 690116388 981883184 167876083 399925620 645665358 83782398 555330761 130583701 364696001 677087513 637863480 559720134 550278105 431207316 674883900 377383176 229807810 689827637 916572178 823124821 731355983 521408668 628889050 694066657 935065523 430247482 662190339 355306565 674004281 755790716 477802763 832710739 921436609 676365021 295617980 871288414 988807185 986613891 889429869 441887647 836791011 801441763 146371086 201118836 504009860 458715896 621370879 89712274 4037533 922559565 218681022 438353699 332979660 656344839 451988384 976404701 973547587 692505190 510475526 934748100 879293322 664776527 360195919 179568555 265972229 497054564 856155263 316245144 889337931 689181910 288494527 837853051 981200528 639370209 906064624 980343266 164482083 268694940 290242906 390515733 404598540 306692166 670829515 868374769 941962254 596878283 854110445 224221639 966575695 363899148 917756617 908831821 963531075 62541592 867331391 766510278 95188798 518592341 130179088 372840609 50825859 944595922 673787417 902131075 305236365 453509429 718224258 320447803 930269139 495855435 878631263 870031269 242595385 938113638 677449316 946046119 580619680 714989712 242151776 593356899 231774698 286298247 371716759 793517990 608206313 327977379 290836220 591016285 523108089 387782139 48551621 702063625 857524713 368858395 250169276 328428667 991270573 156539675 331632715 163598009 985444867 46089490 106911539 245614699 475204991 635001982 769557506 158786958 422458760 32811527 977696397 346894644 383894717 186426658 830013707 57621682 887611086 379193121 672623929 747541224 461587297 35830299 323939760 355298601 634570781 426366560 993946495 803310651 503107520 332686741 732057354 243466835 284136980 577357250 202392505 665004090 44770462 790858272 504307868 857465492 839326118 323914518 498601611 553058170 337392127 342949193 911628707 337483059 317503575 404108867 938734902 23768272 309622213 571013543 605060405 526113135 526112104 544397855 303392660 662238332 808166175 461987043 845407361 918603497 568969680 528061053 535528465 690943298 364896875 646860917 94904844 720223703 757539110 39493833 704288886 919809753 
0 
0 
0 
0 
0 
0 
0 
0 
0 
0 
0 
0 
0 
0 
0 
0 
0 
0 
0 
0 
0 
0 
0 
0 
0 
0 
0 
0 
514 129371603 455498028 503122726 341992296 634001610 933996758 89434144 994586455 824589119 951867521 578891335 711815395 457706863 904205495 974244317 896689874 853695054 340375204 640002749 107581724 915104522 139609374 286359760 181744052 803250862 266675115 259071509 287116036 712098593 591451171 754785187 745911832 623441241 664959027 134338686 497338465 936157673 276360449 545599426 205661721 371004279 146876426 343545233 830329351 159782938 950623837 460378003 201681839 9136428 565024067 539641 789824764 956712365 27053962 965773722 791070870 40266722 192626930 117054329 354559769 192094802 286989534 248297448 164969840 348384099 510518137 667399478 696371807 13844927 473819037 353918272 397450796 702789519 302763416 800232007 416045935 49633825 841484671 745256912 845021007 991785013 408511251 543291076 541008410 755048712 768565800 247504943 273877991 283806972 574702244 477614882 312952053 728281228 99375883 616252620 351532418 924061996 792045715 425665764 705051649 54405705 59659185 176161742 746526447 527228264 694638855 779424295 296394986 909077143 914707658 472123189 922279061 869997675 759855130 491981832 51964480 341139080 929782592 290481500 301066635 586481499 297523520 342539091 88485480 130952774 99722691 392623089 829340808 941332262 912519569 663996718 943283825 950400196 535216646 129047077 590828513 898469285 310581490 79346926 229307493 787113315 719201819 352295792 873552253 460765056 633674229 956511053 446831465 474293373 718809086 397917956 50234703 863594098 755571020 392989687 646174518 469950494 525221645 439145093 571307906 121126288 468603270 745486056 490821109 529869943 737977260 536635983 942215957 205505853 17491624 404279121 858183799 216276230 689628870 748009083 610692714 937510637 328606376 795435383 802854036 387955841 804598745 54620740 581334520 115789577 139334672 372687446 628100931 932029511 224933289 668017746 656720509 620520318 396558817 125090856 974897376 800330668 737487058 520922301 762611935 779042991 990592866 375371403 688195018 361662252 751920475 306693377 488944573 825905557 472758491 188496831 965615354 260272158 484092348 20371276 485066592 446068511 637977558 450032071 593917011 835989842 850879458 801449300 827132968 432263869 830697884 121965115 584054755 893154293 83777474 94125732 604995962 897624521 646071296 287686946 665059869 249802171 528195930 44526262 682472732 696848493 678390515 733636546 981857186 441608953 94948284 252913379 270134439 818533128 719451618 416233712 360809110 870145915 759759607 926172952 751064280 174075610 456445671 725731621 202006453 259299724 657267681 204086516 821281067 772347163 595183819 386782837 424522133 226975644 698816312 972335525 540329442 55896798 262741998 147003960 158474858 966887724 507157582 655495101 920424769 192982040 725269281 328462092 314459854 38585989 753685998 730136881 935306384 353002055 831500507 154256327 366501259 96091231 257216884 830088786 988720973 43057317 312056588 915340977 342158326 757147826 358065815 519613298 598833175 610355414 505813192 343966088 373772410 478557960 859695882 614397460 277787143 691714536 577894866 98205087 922760491 943003109 808311931 491191982 97853962 329687403 494700964 161820751 439854060 116054169 625466781 687700506 97490636 807902636 207054072 862235895 259395928 556396485 139793165 638334051 112259669 607755752 645680051 794494316 787815774 579432375 419100051 11340039 612858987 18059773 208211541 951356313 957180567 116632337 982416259 508036367 407694697 100433172 549768543 642596368 38775982 76695603 830069229 476849524 45419541 272035878 405547429 285686363 708653586 885040101 106658496 85825890 594577610 841966994 602251806 442908046 409107222 786957718 700528092 500364111 173130551 267044750 400616697 18377306 932949920 72339548 668007289 515168313 413244246 683344309 412676889 743517780 515346624 569687910 235278223 468772381 656834172 427497119 861539803 922557739 959564808 918396266 268921124 775751663 42322160 96261245 601816439 19462242 739966486 398904882 300133366 377126463 205964984 727907510 417246083 614344094 279751142 469008598 694067618 735192323 332569042 44574724 409329050 392832281 699250603 790658997 15251073 396061399 246852875 269292089 562782939 496798185 685215352 891111104 235512612 137764124 333765723 760623557 470233050 728497842 92127647 409245006 531253033 277618915 776891015 935921047 169598259 390886131 78455575 290216228 158253130 978637693 943073598 67988828 617354249 975940293 142708177 226953067 939720228 294640367 194175664 742144736 864043055 313981206 3821340 745354505 396572529 227185541 346482089 779441305 509861862 486516937 124778015 199060184 898921259 124280681 685742397 778381103 216435157 265438097 870169369 717466717 117606967 946850066 498783563 707002554 863863553 718375219 479697976 367922789 219937226 54472827 729470941 540080986 100363752 438994105 299166782 314520720 325245380 419116624 933641792 459846089 520383250 910641039 15841320 885799286 855755617 1772361 136224320 36465416 111712183 774143772 900381210 994735202 748237271 448449999 90385214 567105327 330145925 
0 
0 
0 
0 
0 
0 
0 
0 
0 
0 
0 
0 
0 
0 
0 
0 
0 
0 
0 
16 960216406 917877939 232148742 288881993 245657043 715766145 53265386 517088213 989518294 137226745 136194439 191181846 411793162 549482869 705816172 28402764 
0 
0 
0 
0 
0 
0 
0 
0 
0 
685 586916177 489897806 457936102 702756146 304427958 38801363 581270134 734021991 428023329 450561711 808865516 667641449 88315424 964902681 684482836 116224283 994457448 87464979 596023574 104940881 206279487 182864365 79442330 229962945 40709098 942103645 34974053 558478624 302349677 968998903 892458600 369896056 252114327 714598118 240015688 327189586 9805432 173227852 440752566 456639295 931174767 120869097 184128975 923457074 942193058 737488634 945612885 946669490 466527774 531246696 893002000 500272983 692094568 992070597 635013729 297075754 594264970 329099875 940663618 47465863 175994186 671733184 533890931 75527451 110992505 726081759 469685055 2310024 386874955 263852617 601172226 770570076 117463062 260357793 23379852 723910806 248201162 699876927 725417364 320523460 32493970 327650477 555739391 688350223 608283218 590634104 178598131 866861142 636564007 22102683 249317710 775875132 766511252 647235856 333127661 868164681 306138453 439628390 728749033 576870719 351145416 292739323 897675832 30424621 760542968 449861730 893832766 652688114 407235951 750068483 677039477 250893074 410645307 752860459 223362662 628945819 829785586 724262158 305201070 835425631 362430507 316430432 860108749 923737304 832111643 219016938 149006886 633534351 602481477 84289403 372696659 842747288 204518611 84362541 703316448 917067119 973540378 357078063 618235893 963518274 933093270 327658194 306120916 269062942 315432751 980141641 407285202 397122522 979657449 431154641 558808327 766164381 373660400 117477332 175511832 227329402 140875107 486220990 245739809 621292008 651501002 569929041 754557840 751208012 18234572 26021025 863952189 461134899 611384514 366213593 476583036 805574205 445601380 931164403 234200912 448431984 780660014 157718933 448389021 987056914 607657450 561092797 422746513 996301541 184628070 681636615 738897610 588326210 152530448 527598401 302683367 70366036 352608535 736618517 113769399 366526498 721684497 133147802 483334165 724931052 316712926 452654368 645982982 58033281 404675290 750522630 757083887 264738473 752333084 583430888 387589409 374539242 3581986 540788514 483924040 148369436 611947609 169673825 57034442 356001772 324078917 42469701 773616539 448098356 325913958 125862304 439945519 57673397 21278863 162874797 714561097 121845541 41977632 706035650 306913726 498353995 292331028 773442481 431402558 57005583 261699050 849081807 788261306 348656541 515468810 740888212 304790304 544977577 418596596 170443437 737682649 949838792 789822713 745469239 446389867 616698660 904097581 400996639 254756452 21674289 695153090 554263938 707973129 872286212 107320552 394165873 201687187 613792305 774497832 607686286 664679172 290164802 469259507 286903277 991198899 167755424 728443187 528221069 79726961 52624644 561418200 374904531 848560890 561624914 867584132 885085611 413436089 821746916 345316445 874351460 586025295 172200312 400787742 437466495 392307381 550605554 322995240 907405747 94505718 596572752 397806323 742237031 199473487 729185768 977601819 84747172 369058845 562009132 739552614 104888292 892703510 632948040 494349646 520724694 887488136 32853936 239944062 304945389 889087960 98420714 535838155 646534775 729462588 559062057 284332898 954975791 935740998 473150591 899082652 103759780 879969383 997333114 184081021 826571348 415661928 521004161 685143649 335706769 78218024 21571200 515640138 25458289 931506688 386012199 373104977 557631557 86879141 489430630 978884549 744363648 755089753 835151984 900660657 461532958 155069084 531086623 960409330 60808970 234455131 755248620 992677229 683221428 180408629 479650370 688438759 452908258 189602294 777709477 139302499 301933036 826649876 463455882 80684224 721093779 697379757 30490537 649123635 85130006 337831233 451204968 462585003 598013645 450386305 440205156 724373144 885495538 298746028 145751184 334257184 304152503 116453486 224114232 654328416 413039927 332577887 751507566 283779456 311175807 724528779 825462686 813595955 221602358 261671112 770416274 253339906 688027171 711228215 646614560 705593635 784754461 863224378 520240701 982123870 9185559 894689872 525046980 565863996 983301440 346092297 566453250 134813733 199365375 181990821 359297188 676275962 832055204 991468367 443026465 392591646 53520179 50426165 183464783 41570043 789544145 946061736 329390586 843011425 341226844 908968032 692067613 595641527 666393319 54735655 155079042 55664217 255518364 510091067 336943156 57527962 471920914 262785122 714457513 381000062 779377195 210476835 713716156 711744706 628571151 523305625 631608702 891399602 666014264 945911822 345083906 740343871 283278015 420634981 874622412 304574656 38233225 75729888 974824500 486861011 452775265 659872588 208310401 999864150 214575723 42755043 123491863 498141730 461766293 801600966 688824521 855524263 904812993 708848746 43318238 868021094 13486183 670814914 25793993 142669312 778285182 161412659 938176641 122056058 350595544 431155160 138058308 828326570 215824589 694283772 286654930 967937553 867471400 780844441 350715685 259352139 27190300 970549621 903698158 712388734 508892568 85176470 897297781 832388091 80216284 27378107 627974778 110760457 446496434 490526444 886125413 132835342 237269910 165071929 427278610 957900567 195182298 548165169 759986472 430878752 60602977 9736742 593315995 475801177 476853871 1913930 700856654 676972544 609985806 670360511 906234775 187833627 458253201 422440753 130204202 286551016 190443079 605227888 227219987 688090501 639135188 484422443 781407554 680086465 277488889 249142948 874224904 388569603 750463720 949225044 618426576 571135373 116982539 271569684 863959386 571599794 206608954 71114449 912886611 90832301 375758202 184701742 96548042 455390199 466951819 565391375 5990852 891013701 310408099 205330371 619233967 990790722 302280502 922364117 28545530 362803661 141434574 112189682 816653577 778778838 213824939 563931333 248946981 206218110 397913385 245133530 357054110 841743063 401981180 306131810 828347956 972840710 982401186 285357760 620450390 618923347 391047956 541168854 781898520 705915768 248891755 466604896 210847300 614556678 125556242 898963005 398084395 975863609 950406250 412492257 319761717 62250059 736369117 61927965 153378905 58580808 851400315 198431862 315824652 646839714 769282949 886058516 835011801 826724882 421091594 773233592 499984229 678746600 996314502 378948407 941539793 195213390 567921386 802434999 361563647 804681856 858156828 158687198 759562576 639177704 32120836 484427137 830921966 472604996 683771519 130408886 874278797 838365694 916533954 350879816 5274674 397472506 564169624 204179735 537827332 475360516 997262283 71614548 307766848 956868163 463159009 956836179 543769464 706396414 856763771 51030153 863858182 318578910 187952296 423597830 225442434 937464389 
0 
0 
0 
0 
0 
0 
0 
0 
0 
0 
0 
726 687733807 806009647 85994685 55315264 797643800 865343734 733152783 604735915 69424432 554344831 188083126 726759645 767347784 958541815 219088609 641206737 261939111 841667898 368123528 307058205 73024960 748816353 156807188 617422291 252085700 741659716 935147092 969235343 550441579 978281906 676845621 133335657 558190372 579892842 459654810 640428595 687494012 16872655 120152861 264171784 899320902 192957605 957663485 205046537 788933289 13608989 30790275 932221403 74914339 975025972 11750471 473481355 151385536 807864118 360794324 99922744 960084699 829192461 413307698 523245616 278451826 305408048 42319536 912753522 107674543 807539484 830296104 31129340 280988734 499632033 56908113 544673136 487427908 454731979 273334009 800125299 973014398 972567018 791877943 36525328 826193906 877888420 762991382 898368281 616044167 893844566 899946033 743725130 135837388 116043499 773934276 573173835 377140267 518095232 631723323 158008690 209101467 318371524 441263004 589186467 628328776 274016142 660099409 140114403 342103183 63620963 401302788 632542972 738489604 252611184 457088334 251767852 123703684 162064697 628302004 398535908 113394548 983530505 778714681 767887918 12081926 520664247 285818641 46995880 507687778 287358384 221926579 785007506 980299500 907638694 322558109 199122605 669891285 181195621 93491966 229467727 840938737 551629160 719057765 868004897 770084341 257392815 923449861 323576418 84290411 990596703 119384213 816462933 375834599 268237175 576603098 201869213 835580515 462826857 165311573 752753014 646617287 207389699 937953646 997193788 777974715 510067390 950525661 251680587 268916538 629035514 637833726 98328538 828846895 911397890 586213521 90123788 746955079 893231612 218250479 486869193 536332515 915423694 23249878 396569891 533645187 944602325 534197383 932939552 201871083 910715511 227578860 205691827 377117789 934388377 570512428 834274166 646239672 938138529 620490330 249708728 571208809 254366176 114306726 252969566 294466406 663724225 640215644 968903997 958498700 200353890 854583231 356334918 854788795 545703850 50413959 376901348 150312811 880100808 689679635 797259385 60200772 520603935 709058845 663742765 228237688 903920841 953069835 724315987 568403912 276842373 232654483 40132167 333166980 141798502 142595423 518432806 371625691 938386427 35575454 658359512 653476804 641879554 285647802 41716048 164154982 465876340 5362986 974745342 582582487 59676677 696643081 442932362 206604250 715339670 212559391 531582334 524767357 654566715 734441362 491331302 24851684 106368202 240792354 637923580 76098571 567356263 804499102 135289123 929757097 366015516 497349243 510844186 148079694 440735321 565284370 837154495 908027930 749384366 104330564 814961633 245532731 595845010 451711903 780820869 328864269 683370385 199395666 110887493 892612982 483770602 367004255 824301464 385414370 765279194 473382486 303119221 89339686 359565282 766333306 921805779 880055543 689312815 893598849 168356102 257234102 177846735 642356427 469219710 598790272 629608160 179350119 61457352 935606653 285889132 180604322 674955102 855010990 175827414 89862691 536284572 806812002 963042121 484166095 594378565 944449085 688949563 269441632 987893250 494103254 198752917 417536955 149661009 824877433 807029175 72912146 398472901 938310429 46869635 490328532 501914769 47351623 531349899 712087891 205491314 74163895 171999795 289946642 240320090 507621160 928166689 127365879 515964286 915907018 312981259 241142462 746407976 496914415 396811852 465204891 684091304 918594144 25620300 516148560 526603135 850471541 575700777 614735211 266387209 64914118 491861972 863925683 613220623 268623046 137603108 915354543 352423195 409594079 62717868 452454403 661808892 7509034 584858809 818723015 571132045 460934842 280842699 801058334 683913372 471567137 535323284 396997938 440055138 462103966 797265632 146761054 976770703 877041288 996256724 637619497 56364966 498224599 467016189 912850616 956571367 7444191 692702608 984161633 382285317 317430551 511295565 168705353 725205707 864972718 307558263 864074354 742828447 505655973 112251548 671097268 843407931 38105439 825884242 856404661 919326941 514391514 608504576 62350706 233999058 562594955 577216170 929792991 740613529 498540448 511494516 118715731 124865123 291062962 260517050 552836541 878747870 204743490 806011951 249205242 87390764 253368230 121681027 343591750 283208098 606244485 593754293 495248874 759416342 707922286 52631241 299375048 460583254 273090997 696479986 681713402 324107313 766520068 821665106 914211351 969635350 490068808 433806053 843442677 629565941 62589831 10915568 574093055 327120522 624618247 452644844 512276145 622920175 58950884 363805164 629418080 422674008 663489136 681851850 211090417 322056131 232754967 505547113 228866902 554773431 654411709 656269456 773001648 987140942 830544176 635117068 136484349 789862156 79657850 768231527 630741828 136929510 809674440 776630050 221505203 967220312 263091406 497255546 806720830 309495416 378572791 529222007 401710538 386325893 963895201 257080880 802132056 570545856 642188514 708805944 173402297 259382749 81685082 518624777 647407909 200443637 438747388 328097194 281152027 487620358 258066959 480549893 919892729 275674501 413258483 564962086 355129588 617148123 172224007 36643476 29688933 930654724 123605398 723720566 82074510 695947867 655757930 195352250 603812776 990277859 21699191 919409529 107049357 58483719 696212027 895886328 317283593 171675163 354779517 480284152 726189972 454194691 262827568 326548080 373058601 113919230 898208222 787783695 771066770 101880137 752101763 225118057 17200502 530713972 641231891 6059869 39319522 987547881 932936952 120261288 478515468 668345855 480167839 314239648 579835310 941895969 706272410 174050093 566091016 621911115 534143235 873810240 643533974 222383146 315736448 169209407 482765635 770754973 71324852 969322879 963418125 319584595 891648915 519683785 196149385 17578954 406254696 199329388 369688595 440110980 566832514 67170966 35380037 947860835 952741129 650317357 380976755 557574172 792562451 734541593 677275905 908999691 445488508 559557582 414454719 284937628 630832143 545919249 987881269 535908077 876717187 32423863 204876171 727925745 580607540 597566391 406067969 766569901 784951750 746931953 96361773 374478352 698066288 792531009 931312859 639839833 108859515 275698670 165329400 583785447 468964615 983971623 366030900 168709981 471192636 867953748 658134863 943916952 708648027 321655527 260304098 223122213 927849980 853375173 360566854 953226102 468101536 661061042 292115379 544200005 629064323 55152644 448019402 950841405 54689235 524059100 168128805 587015655 378356818 438612679 877834759 167893020 476182694 755048761 612276579 236167449 568010958 602230316 234496850 25654477 683266343 149320159 989960934 646918739 738962832 730478105 385785356 1020642 406825515 860463498 131605150 771018532 579942248 498615031 61140645 371778259 807190428 913112488 743320354 333690875 790259911 301828746 849640291 571625753 577741664 736711867 754593679 937685506 297292445 509523634 759509773 183974709 743009868 791024481 63040136 931391673 509905161 16510858 473131021 730505016 69608115 580347311 
0 
0 
0 
0 
0 
0 
0 
0 
0 
0 
0 
0 
0 
0 
0 
224 245590973 132783720 5597041 115500951 388542626 432917243 283832403 66822625 341431554 839429219 510885815 727360830 679324147 710304282 64299302 392071706 4885341 141080692 608824110 856377147 416278922 824933934 408526266 937235744 273854155 641705538 322434940 298719999 538914358 410475533 156660047 373649043 741212199 201060421 757441056 416078314 601490693 606114857 38958051 530414372 619016072 796871141 338870499 461750788 331264828 485105402 969544064 794283237 160789171 869257656 379904790 824161573 252719147 56809511 963197603 471192017 49252992 761564958 594519300 881335247 257077128 557463799 264646729 391740487 608442137 387132082 526750753 850922709 265302032 810928829 737492445 346996566 28839604 575687824 316856409 215435546 245399831 388587689 426350869 537207451 52038115 321291022 91195539 351213849 352246038 483619563 474718522 102372624 404263586 554556298 449386931 717351274 242067960 937953298 110984813 49376776 46813404 757603302 533638190 118111259 5362324 154815124 504687514 882675078 487799415 611561614 832201894 413942450 808251053 727113717 89702796 627559061 307432316 653917527 387205617 178107446 442834593 975411326 708184217 91156849 146045548 558838402 461229380 163333799 298404584 45870882 898677315 693295474 463364778 558915913 2672959 621915779 669213600 613605704 392367182 930707 444994431 330291551 695924656 684426130 492118879 974459508 91017931 235265595 700474566 672166963 875731681 683790056 532682783 153247350 919882371 113388135 717941987 780164745 452405880 638588473 907448106 193450756 70671616 464239627 123490200 402072000 25557643 846512509 241646408 144267547 612205608 764422928 55301558 624125699 182609980 855103098 154075089 526779154 799800441 615857889 970949599 342601475 855172983 349531354 760521657 76456743 134654507 143996388 546757453 693820440 671066248 856370872 276121698 74392194 465178377 484921343 822647888 600161489 983449785 357607031 346280154 987993272 993626482 771836560 548960709 744281373 342379650 347615656 898917958 952401643 834353680 61223706 429018213 264178101 506520053 240259515 188821361 848225167 121047059 130425510 22976981 19069549 674084464 69842317 812160098 3652504 842398478 123020819 
0 
0 
0 
0 
0 
0 
0 
0 
0 
0 
0 
0 
0 
0 
0 
0 
0 
0 
0 
0 
0 
0 
0 
0 
0 
0 
0 
0 
0 
0 
0 
0 
0 
0 
0 
0 
0 
0 
0 
0 
0 
0 
0 
0 
0 
0 
0 
0 
0 
0 
0 
0 
0 
0 
0 
0 
0 
0 
0 
0 
0 
0 
0 
0 
0 
0 
0 
0 
0 
0 
0 
0 
0 
0 
0 
0 
0 
0 
0 
0 
0 
0 
0 
0 
0 
0 
0 
0 
0 
0 
0 
0 
931 944049020 587271281 341947075 127338056 344722115 592368830 849414863 132247667 333160916 761049056 450668105 514829005 837593507 305494047 261031453 662540152 53100226 611836261 661546090 189169496 845375325 115994675 309488613 173706740 235702069 24560105 720295049 83919363 589236857 729512433 13854195 204339082 408068716 897599763 334064067 359340663 132521102 163916793 344671432 874327524 760871275 9737053 969730026 309770729 244369155 373408405 491317518 515892600 800643377 143577559 446623316 264835942 670552979 655435275 663213993 332457838 501521051 510164285 32465169 214644626 956810942 441898446 693017977 579011439 931659231 867313467 819452406 713105410 820889468 133293828 936454175 167797584 844619705 829757357 818551416 822831869 954277118 863052284 897128143 299173217 980287416 674669971 73032212 214712634 934669519 769205663 432112989 936657763 968261281 920698863 356155494 212509048 568891524 234452367 67545833 194382939 93697425 664036115 557240974 480707781 994977285 453945953 506715288 574888385 146486690 923286282 177180811 279910423 107326372 923905222 375410468 147756148 692541844 79883226 258677856 188811758 475394536 417472459 672650790 189756930 196349725 484102801 170537720 889843539 19102981 595848625 225079108 36978739 894371826 919979390 35490584 864150469 132755637 347450788 400611315 78062119 403811190 34211355 919708507 66510212 48101140 227240012 12001168 489900077 348107963 114831793 880196918 5044129 777696376 769306724 999326186 636892626 299071846 245894521 827031247 374718159 121018280 837657940 46371186 460733045 444116884 281109211 736926622 508077306 266107471 880091787 638133650 404673602 190622925 696694049 118022126 475198427 165985021 665863550 943593576 579306292 656248698 371710870 556176653 862479122 751141211 535850607 153319916 484230482 111446450 52787609 195404219 835717676 147087153 379107938 60168037 349496783 837650694 516029017 373419616 368303729 145512660 382564282 498692858 837116253 193031508 850561431 218153606 346684416 561144565 759467109 773386450 870928843 666447442 132421611 123025291 170682259 509423904 37098332 17189242 907688875 581806404 37428821 878123981 403519964 202176319 420783745 832468870 456977280 759270643 984528611 401529696 957131503 658127763 457244617 522873479 232309217 149043598 471252173 356799835 218185087 866588703 823298746 606384413 546227000 541051595 631621559 410971590 960395186 774079353 882255579 649323122 286836500 824655702 984615236 100667211 173098410 522046162 208254047 529644063 767497792 807030554 398109743 885676353 372046623 218659200 503776405 494074841 711632265 904858295 624475133 837224270 358703634 265022120 357471334 20067660 172596411 169507104 724995988 940812874 702181302 552386463 304531199 182661196 678182410 210085939 950528297 925439240 863692830 105565052 445718477 740214384 115042103 86337695 573624193 470303426 738164131 501594169 684613837 127566716 573673302 991289624 219465052 208230818 699079079 767034545 713608797 299590810 789251538 772620222 155506045 652999025 47653332 990353364 633072560 259156972 880138924 689246289 190943300 812865739 716126068 852700784 849153183 268533723 382965475 2281941 687634900 490060452 842943747 877632117 502615072 511642668 510612755 627152474 110497586 905566547 365893037 937241035 846943004 575684922 780268759 609267730 29678874 998423662 83042205 87238161 550282271 910882546 121822004 682941740 861438798 769898149 555756278 745044586 138919301 300844416 402124761 323935603 949009000 2720957 800720996 774895068 14530689 218462525 176307393 503988570 503638116 889939252 376241039 973161951 43512343 513547945 960788055 624572372 471515264 656583609 152453419 240635696 710835822 718608489 571458171 985964348 496903019 811794527 737913413 735460634 630058767 178383370 754558035 215329489 658049489 177900715 476449764 338649896 851469115 629192039 408843822 400201674 996253806 567306695 850047841 904241763 872346948 923465645 496530622 24456862 476679907 996719652 200548053 225649247 164459910 939639500 921883860 485586035 764301323 502753287 918549006 13618652 263010083 146298846 336545368 68415921 584421158 455110743 240537234 238556890 622274970 198510656 507222703 517797464 99338060 101160039 497922492 199924070 837743310 905339153 210138522 145762168 273256243 178835390 139700394 109259894 682748909 393796993 579204191 279526219 606684468 135648838 427864742 511759993 51357084 292022570 624836521 108169349 719009350 958792259 449042811 403325704 642284696 475788903 548437061 665882061 512658794 121529497 48560835 395042677 131204552 922629607 551634382 808188654 87937908 101185514 399412204 454053488 644269618 477784508 520781588 83753917 602663961 472876583 939947071 649809720 196322585 105190831 829758294 130171838 123017201 503427792 980093090 644297498 313107325 277583901 797620506 115000025 858433856 187029691 122659319 667035517 854275871 144316522 813644174 249931106 543264959 875735296 725388514 744327434 717205382 275019866 514463108 754214762 318469855 794139849 85417295 760952581 155786166 428072249 280433818 418955356 339067783 777631585 874394089 719330614 635247111 645112319 952390770 798026763 54710872 75099254 573943078 705771815 374061788 142601164 312241748 216010081 954046297 154806296 987751520 92011652 275806610 329655053 40683521 487160001 568817001 245315975 731364978 582299658 134880837 647261371 380095844 83653383 748373303 551876182 308609357 161169476 156193256 292040601 304353997 312684531 601437341 833093628 845177658 337090822 264023098 99360682 895173450 205884589 314965270 632467843 921513787 716866324 647445539 997038624 120780674 863117701 447170693 145047691 804859074 199732081 197085541 962351365 686610658 734019706 639687764 91996652 654934545 41633958 836383755 953947992 9644658 66604967 342103307 572986008 249385757 371579259 333466430 774976706 555614927 241386216 499078477 725779281 838090963 264418029 613468722 419617252 740213621 973263731 322752838 896106793 995375410 764860250 470803541 535177441 858593656 869537161 484277098 689261320 838790172 359254919 153939716 946846125 661427585 242627694 459787025 526222852 470373736 744606893 69023423 116523326 463404126 689765249 718782824 469880565 526781790 141456422 222467275 795342165 214377964 419539490 310929220 790847971 255021786 192534266 269408914 475027032 745292608 147567155 379886277 955508239 405771753 794317005 740687962 485278382 805146955 715439708 265252115 211817270 699947291 194984534 835177823 431119714 959739813 200083521 72866930 152619089 299329916 80553899 540114265 827493099 154245891 157980594 890956324 112742253 487357430 254831939 335454641 613611470 217611798 435842653 663342120 49839672 364925082 582240477 171128888 843842246 978942733 476932314 369612295 201678854 289458524 423817238 820397274 37808661 668501297 581523191 473768323 969135079 28205116 916652542 421829783 419019643 430431511 839416587 443984657 807385538 833459874 237485039 967122757 130415759 937921693 55948218 351587601 77587328 682222090 389476423 776715470 949565254 588094783 109729171 505617593 199983731 278800896 602861132 798942901 4859656 250403993 683146434 247794593 389145968 986575902 203891269 855641414 709299953 910416249 95041028 600382605 704924499 360184091 202221272 832543208 934399947 947591232 26327098 87550784 456331315 673563488 469345417 482079904 340411572 656051143 557184981 259563958 85202431 583487867 818294742 530166672 852050803 253744719 941172892 647989603 687599861 114406568 83293229 207484084 230074731 921096932 291803497 103773754 282928709 770892885 227608677 51207815 920914491 412356895 502617041 963318224 656151898 148170662 866897610 454006285 873962601 396290472 720767428 434807010 87753264 278512164 233544869 480033231 338408632 519483030 103817155 349042752 962095837 481961069 441499806 85325621 84550337 358943318 387685316 364010239 241619565 907531967 632713885 368554253 127547922 458503351 943524506 553072673 104556238 561127099 511510399 677127486 88004335 381658276 224097689 654358463 135950935 731279335 85094148 361751495 865551411 336160752 854811937 118992962 639293781 714977832 30967376 510336722 567165166 379995769 770204465 141039145 412288127 997021513 660519823 565177170 174367833 594254233 782554687 461402432 532533851 803051199 436023359 847084486 937535777 225431313 727120112 44388150 657348562 720250377 743936457 326263295 755970119 915029418 271602323 247620099 910646330 779000124 161610188 550659057 168419957 131733338 321647915 927776182 183723166 117468796 276146614 283752207 533990684 419478312 605443921 761346599 735867185 387786136 686091146 326321061 860972825 729141341 588979359 484360280 797689678 140718075 850177740 972108602 543092250 192986283 465163694 977016515 625759188 220721166 859961603 964275773 852719688 874682502 338120466 38150388 143258439 341204721 631389702 101603991 438527568 608673258 290221328 377027964 796130007 171230291 946567785 154496830 863998321 604292395 149576250 761544961 547081925 629685582 970699059 312332006 799045743 604896086 656888074 812651825 850755211 270506248 872177183 248734287 875960969 985613352 577231969 565039833 989722596 434733501 254978858 10562233 411637040 540401417 598809020 369268480 961117530 
0 
0 
0 
0 
0 
0 
0 
0 
0 
0 
0 
0 
0 
0 
0 
0 
0 
0 
0 
0 
0 
0 
0 
0 
0 
0 
0 
0 
0 
0 
0 
0 
0 
0 
0 
0 
0 
0 
0 
0 
0 
0 
0 
0 
0 
0 
0 
0 
0 
0 
0 
0 
0 
0 
408 563
441 33
440 391
98 621
409 321
131 448
66 868
119 394
236 131
38 667
366 866
365 20
419 173
281 21
73 519
249 379
205 241
457 452
362 789
287 682
99 231
339 900
142 585
385 386
93 249
152 496
478 115
57 677
105 669
439 488
464 163
118 414
64 268
462 896
414 874
196 253
260 373
327 863
254 813
467 304
188 427
273 416
285 423
218 350
374 907
328 580
413 530
253 854
94 449
381 726
67 768
179 329
407 835
10 399
340 83
339 307
362 884
250 665
330 424
422 89
96 173
55 442
376 215
147 203
452 884
385 285
451 660
46 777
275 513
142 747
334 662
406 868
385 336
498 293
388 252
332 15
453 640
192 366
47 795
151 191
475 806
270 862
425 889
248 830
10 137
27 825
368 519
479 852
0 397
26 646
59 140
164 918
463 489
436 720
477 913
424 865
355 468
153 851
106 289
5 502
247 449
480 127
12 743
32 50
326 21
423 471
415 146
90 766
99 180
458 715
371 531
73 724
319 145
65 777
493 147
132 854
334 309
275 672
178 224
422 420
468 276
460 476
456 763
499 66
293 457
156 171
365 510
392 456
11 302
459 419
356 644
463 774
30 804
125 818
244 457
163 292
147 173
325 447
191 818
92 339
340 858
8 512
100 557
263 345
15 124
352 437
359 562
388 171
314 727
356 28
452 819
267 514
341 162
473 82
30 411
233 795
416 756
259 501
218 731
47 687
145 779
356 647
255 737
497 507
246 443
204 282
0 174
369 496
255 92
265 60
180 19
183 165
394 40
410 722
281 248
314 787
78 194
436 732
454 517
89 728
395 337
397 59
426 159
395 264
397 767
95 93
415 259
64 293
378 430
388 221
105 22
451 918
9 179
41 46
37 393
245 239
37 693
3 466
196 396
303 133
471 176
354 186
376 155
306 389
138 512
149 154
340 412
369 540
200 337
99 645
293 370
368 391
434 138
461 928
44 506
383 294
42 149
229 848
237 502
68 763
124 129
186 153
424 783
364 858
10 324
498 109
489 771
128 163
137 301
107 282
282 241
122 104
124 563
267 810
96 299
483 199
384 306
150 386
437 76
186 252
227 449
492 177
48 136
143 695
480 7
26 200
423 872
210 803
97 49
177 388
490 253
394 409
108 798
65 801
71 736
340 771
437 42
461 173
17 420
272 919
64 396
253 930
407 273
107 93
443 701
381 161
430 289
77 66
180 134
287 588
35 479
127 867
14 400
354 20
313 855
399 301
210 736
318 876
420 650
11 559
445 723
148 247
409 179
84 631
55 787
223 94
197 36
387 95
8 377
43 570
208 487
221 282
461 240
294 782
71 498
12 371
482 636
132 864
84 444
441 95
266 903
498 734
26 561
322 524
390 478
188 403
497 408
368 279
399 529
347 631
291 78
238 290
411 617
0 900
69 292
236 440
145 373
94 789
24 442
479 459
171 445
340 604
14 669
211 149
184 754
397 496
121 414
446 686
298 5
334 921
318 99
278 887
256 413
333 65
240 851
22 698
326 157
26 254
29 67
107 113
387 355
117 760
131 362
426 194
347 55
466 122
148 440
106 504
277 444
334 371
358 487
234 248
375 569
459 626
215 77
285 584
93 97
405 775
65 157
77 33
39 897
352 213
233 430
34 519
229 516
46 454
316 34
179 907
180 478
181 919
128 514
455 588
60 114
237 161
472 176
60 920
170 356
3 318
123 13
20 419
449 773
268 182
121 459
398 806
113 702
424 289
118 254
20 558
304 213
381 538
124 354
14 719
195 143
334 285
257 777
432 590
169 165
87 717
300 400
319 629
177 185
312 565
198 429
21 686
33 40
263 529
368 833
466 829
298 384
78 673
242 601
112 91
360 228
144 758
281 313
46 48
60 789
384 110
386 875
247 720
429 153
31 195
468 128
143 785
125 787
59 892
354 207
181 789
96 876
0 388
408 691
399 392
106 871
66 136
180 926
12 52
131 17
133 757
234 306
118 217
454 566
335 280
182 629
379 410
444 835
172 799
196 1
107 277
358 622
163 621
165 323
467 42
261 250
179 13
187 766
202 465
14 258
46 150
394 509
456 633
37 90
88 719
260 749
253 894
167 438
81 810
416 399
32 80
9 349
363 846
369 775
311 578
285 826
65 710
469 187
52 156
465 846
176 136
102 172
122 171
352 251
21 745
108 546
70 528
317 613
322 148
5 746
23 373
360 183
218 189
23 769
307 634
104 607
428 886
142 595
118 533
296 149
361 571
265 354
461 237
