1000
z 11 6 8 8 33
qgightkvlh 40 46 84 19 39
klx 31 3 41 98 25
fmglkw 79 45 70 36 54
bhqhnhyxt 7 70 26 27 42
snujuepbz 47 2 69 68 50
cykl 62 55 77 81 42
lyjq 83 30 0 57 83
krbwqfd 48 93 97 0 5
im 28 71 50 65 15
splp 66 93 13 100 68
kfdeqzkick 46 19 64 45 26
mbuxmuieec 100 56 47 82 35
ibsngaz 14 11 1 10 20
zrmqbs 8 2 31 43 29
thiur 11 65 5 58 89
qxbcayc 54 35 45 94 47
osk 92 13 30 66 50
szm 48 74 78 78 68
acgpi 50 13 88 77 95
ip 11 99 23 93 58
h 52 65 84 93 22
zbaa 45 89 9 98 96
vvjeq 99 68 66 1 4
bwpebpedf 20 49 30 23 63
zpxyeaa 5 2 82 76 31
kpkvguuiux 12 6 94 67 20
dpg 1 0 5 14 100
j 96 43 61 92 63
hj 42 20 24 62 62
iwolnuqstf 19 14 29 57 3
stluty 66 88 41 1 83
jgtsancumh 87 56 70 33 92
lvrte 64 90 74 86 91
b 39 84 61 45 85
rumfpcxkjr 73 79 70 79 32
evl 23 68 69 36 93
zt 7 88 39 60 30
xfo 56 15 66 91 63
phdrdqypl 37 1 32 37 40
rkrsbogg 52 91 78 2 18
d 32 16 19 99 99
k 8 19 22 79 46
gpuxtrjvmg 8 35 67 22 52
caxkfonvo 86 79 79 82 57
eigocasqjy 61 72 72 43 68
vtgkpeg 85 47 79 95 74
ipduvfwu 98 35 79 42 12
p 39 30 17 28 29
cifzyj 61 84 25 10 15
kgaojue 35 48 10 19 84
ss 62 95 65 31 93
bnbnffv 87 32 91 40 75
nwyk 97 88 22 53 88
te 64 30 56 50 27
invmxco 17 78 59 12 65
vmyco 28 31 30 86 76
mlisfcvsd 51 68 95 39 13
izken 84 59 8 43 7
iexbkh 41 73 60 40 82
oguliijwg 77 46 49 37 53
nmu 88 68 20 62 59
y 76 28 24 61 6
uofzjze 22 1 61 80 75
tz 84 98 90 35 88
rzmze 95 60 18 86 91
lbosrwmfhw 97 4 29 95 51
odebsybmo 78 18 31 79 24
gnzfsvelus 66 88 8 9 52
kadnryfpmk 82 67 85 64 39
wjaanbu 32 58 95 65 59
oeg 21 27 7 44 15
c 80 72 77 83 44
kwerqzw 44 45 8 55 54
bvqnyubrui 99 33 17 37 55
ggsdp 75 6 33 43 44
sffvzt 41 1 61 2 93
zhxld 87 52 33 17 41
dcv 59 74 24 33 89
cayarmanp 25 51 56 46 92
r 43 55 94 95 14
h 13 31 90 76 10
xxpp 100 51 59 7 96
ahjhmggfh 29 1 46 68 80
qcuvgwrk 72 39 24 17 99
zpmsdo 53 33 72 67 84
fsfopfdghk 96 83 9 69 80
pp 18 19 17 34 84
wxxdgniajq 40 76 85 100 88
xacyrrqvfv 15 53 17 61 0
nllfqq 50 63 83 80 80
lxddobamf 83 68 22 5 2
hzphkfgkh 30 94 62 47 15
eeywbgtqre 4 11 26 42 18
vjvhgy 24 99 48 32 15
mx 33 5 80 87 81
z 52 58 9 58 34
ojgvivftc 75 33 76 35 38
nfk 8 54 76 71 43
ulkqmqm 39 54 48 47 78
djqasnjb 96 85 92 30 7
nvypkjvh 58 19 41 56 9
rtomveuhyf 78 67 71 1 19
uqukczwvz 84 32 29 5 97
o 90 72 89 35 60
ilryir 73 96 72 62 26
ns 8 77 36 90 65
a 37 93 72 70 41
kcufsibwck 55 80 51 45 38
wk 2 8 42 18 86
e 20 86 93 10 31
ngrpfnmgd 78 62 57 67 81
vt 72 69 34 27 16
xtcoiwpual 11 86 3 82 99
attbp 31 72 93 31 2
ynmisb 18 39 52 53 99
qjsxwffbcz 74 44 40 34 28
yv 95 78 54 54 3
bnfzezapz 73 72 25 47 81
tkckiqysi 93 93 0 49 78
bitufrzl 93 76 30 55 97
sdmran 47 79 70 88 35
gfo 85 25 48 59 36
meodghnkuw 69 82 56 81 6
auqkwbd 27 9 53 64 73
qiurvnuh 23 62 9 66 7
guwmblyh 21 23 21 86 35
zdnjqyfoa 26 100 69 94 7
z 75 86 64 75 65
flviqnql 30 21 14 69 30
em 3 4 54 94 56
aaviwsu 84 69 96 36 88
xfufex 80 36 8 29 71
uppuuevul 66 89 82 2 96
irtyfljlxl 43 49 62 23 5
ot 19 45 8 7 6
tknpis 2 84 80 41 25
lpykjoa 39 22 19 31 53
ekgbgr 70 93 97 49 43
jymhfx 9 69 83 49 15
t 78 77 85 52 95
sxggsar 15 78 71 87 33
frbzdqx 21 87 79 89 61
nbn 91 4 9 67 39
phyvigot 8 41 25 60 100
gc 32 95 18 36 10
dlawgzemr 73 65 15 26 11
ef 7 32 31 87 81
ywgzbyyo 61 3 20 64 65
amejmb 24 19 33 47 22
ssqnbsqou 38 0 59 46 28
mutrhmx 2 71 54 23 82
mmvvlwtklv 19 32 16 54 21
yrfms 54 73 80 84 30
zeimhddwxr 55 28 7 62 23
qtkx 71 46 24 100 32
himudhh 80 63 47 33 100
cctna 90 24 24 65 0
tgffygmj 57 14 16 56 99
stmv 96 56 20 69 42
plpgez 98 97 60 68 76
fojrkna 95 5 100 9 15
rrfnefi 13 29 48 59 32
mmomsavk 76 78 42 23 80
tjilvxr 82 10 54 33 57
byypisb 37 80 83 71 45
xsvoziueqg 8 12 32 36 24
qgs 15 64 78 90 32
igovczdpw 73 58 1 13 68
cg 11 79 97 84 83
ya 45 11 22 8 76
gpiyrftmv 89 43 56 7 58
swpzovp 100 74 94 94 82
vqadgv 3 26 91 97 31
ff 91 14 61 80 47
aucecc 47 32 59 14 60
gj 78 3 32 90 52
rpjkw 100 45 98 28 96
cys 54 39 4 26 93
vu 27 75 68 38 82
jujflgv 45 37 47 74 59
nj 46 73 41 67 11
b 74 45 39 60 48
irik 99 23 63 22 15
lkqqmxbg 11 29 99 19 68
mkqk 92 47 31 74 11
nr 46 85 69 81 70
eklogw 88 21 28 69 82
vt 4 32 47 5 40
eshotr 78 87 0 30 20
fdc 32 6 96 23 57
soskap 65 75 63 1 30
lidyb 96 72 24 76 34
q 71 16 90 97 23
nswxd 61 87 71 64 89
m 70 31 58 72 49
fc 75 81 79 43 57
hyiz 3 82 37 47 97
f 88 78 29 91 84
wu 48 15 46 91 70
xdybwmvgon 61 83 17 73 86
uzssakfs 6 33 42 57 20
h 79 10 46 24 39
ex 38 1 45 59 72
tjbbjkc 70 83 100 51 16
rgzokxrilm 35 63 98 15 93
qbbkau 13 100 98 13 19
eaejulp 79 35 65 3 82
shatkk 53 15 40 55 36
dmbmlryki 27 82 40 95 21
gxwyzyjbu 81 51 4 44 19
peyzymo 51 22 72 69 14
qvpmf 86 3 49 50 20
brtcdhvbrd 66 74 15 11 95
jrbkqz 31 52 6 50 78
vrvkx 13 0 45 100 25
ulwiao 43 58 5 32 73
drak 65 63 59 8 50
usdyxmt 21 10 24 36 94
b 91 85 93 58 22
gwkxzwnbr 14 69 67 67 62
gwces 55 73 48 94 11
ncapqfir 12 14 97 25 100
pclvaihtjn 87 45 41 53 16
r 83 21 15 57 28
wktsxumgqo 100 24 29 75 8
mjdolverfv 52 28 43 61 65
giibk 93 27 10 2 49
rjgayzyjst 81 88 4 52 16
iofoft 94 51 35 8 62
aqyobtts 87 88 19 54 31
zqbjzevs 72 81 13 0 50
pduodtxxmf 43 16 59 86 72
mrwtmwj 69 71 39 60 23
mnkiifj 33 42 59 28 89
aisb 67 4 2 92 23
mptctqqw 53 75 5 12 75
jp 50 88 93 4 7
vxwhqsae 2 88 82 8 22
pjqewamd 12 10 17 22 58
jolbq 78 89 33 56 58
xrlbmbtimi 27 71 95 63 12
dj 40 88 10 74 52
fnbznho 35 29 29 6 15
zyuvyia 73 27 85 2 3
kxllpk 9 92 73 4 21
eamqchao 51 41 96 10 29
sgaxt 97 100 47 72 77
dyilphl 73 36 76 85 56
jelsevrp 55 40 57 15 96
jgapgo 60 3 99 80 7
i 32 4 70 92 94
kvibn 95 38 10 2 40
qb 46 12 31 95 97
mj 94 53 46 26 58
glsrabelgq 26 15 41 32 11
fknwcwe 40 72 27 1 57
emlsu 83 75 100 81 35
x 78 45 57 56 40
peyfvzrgie 23 83 21 47 59
yzgc 35 21 50 69 56
es 97 7 0 22 56
iwz 25 21 16 59 15
ujw 39 52 81 87 24
wiaawnu 20 56 62 87 27
qlkw 8 71 12 0 68
jrrli 91 71 4 61 75
y 59 46 51 37 40
tpyuxcar 79 28 85 32 30
k 6 9 61 53 96
yrfindspg 88 57 11 88 69
o 67 91 88 58 43
dceqmczf 3 46 95 47 5
wmqwhfwc 47 2 47 70 41
cze 12 51 97 85 98
ujdnq 50 1 30 73 61
nawf 68 29 33 0 21
pctu 54 71 24 97 2
ezktb 43 29 78 75 63
m 52 100 68 27 0
yxyoti 92 51 21 88 15
vqkapowatj 21 9 61 74 61
t 94 57 45 71 66
glplcte 39 23 0 58 75
xzfjuhvtg 71 47 78 77 86
w 33 98 93 65 15
jce 43 63 46 88 30
huqhjgfla 57 20 83 93 69
oegzvu 72 24 90 10 57
boa 79 81 100 37 56
aqgkkp 77 99 94 1 58
hfvdrxjyr 18 33 94 67 26
bhcimqiaw 31 34 97 77 66
qb 52 78 15 53 2
s 69 80 62 42 56
meinfytpl 83 58 52 1 21
kyq 31 8 14 98 28
fehfnfy 37 6 12 98 39
pmdzatjap 2 61 35 68 44
bdjoiu 98 33 83 56 27
dnuwe 62 95 52 47 24
ficwng 9 52 98 96 57
dswltnzw 69 78 84 64 21
map 42 32 78 14 96
vcgwgs 3 6 0 82 25
mo 43 92 38 70 53
m 3 78 56 47 12
pdgn 74 18 5 98 45
jmvlkjupd 5 21 74 75 95
sawfcs 58 34 2 3 88
tcjoesm 1 98 9 65 92
mkzcwofcc 45 88 47 46 63
oqxc 26 94 90 25 16
aiyq 17 41 12 80 49
mqskv 50 78 3 39 46
ufowqediq 80 81 7 88 86
psruogzt 58 53 22 81 48
kqjjsm 1 28 77 56 33
sqeg 40 20 91 56 41
iwsdrxt 98 67 83 88 69
pozu 73 41 46 56 75
w 19 38 54 96 43
pmrjgfrha 90 27 91 32 95
bxmkra 66 56 15 57 24
ejekradw 23 77 71 71 58
tcrl 77 39 41 28 75
sqh 83 95 32 28 40
ritirbpijq 36 63 90 40 95
lie 71 22 14 13 52
vaealim 95 79 59 25 93
fkrbgu 89 42 27 69 58
trm 20 95 12 67 0
lyft 52 51 37 58 27
unm 69 11 40 0 39
vfuexfpb 16 51 6 51 2
drhfcprhb 32 100 37 57 43
jlhfgatrb 62 70 20 53 84
zlvoz 65 85 33 87 49
qtuxqb 54 22 17 80 6
ot 100 64 91 68 51
gfaljr 77 7 20 37 73
drto 91 75 35 43 27
eatkd 99 43 47 19 93
mbelozaorv 92 45 38 17 90
iqm 35 73 65 77 80
lehslifvz 38 85 2 75 97
imuyqxra 66 93 42 56 89
aedepsfr 39 62 75 39 82
g 30 58 82 23 31
wnqpbd 69 8 63 46 93
vixhsd 42 51 41 33 13
cunqom 17 20 78 43 33
ildknhnr 7 67 31 19 77
zfysnxhdm 44 64 3 93 0
ihhtgo 96 8 0 31 62
njsh 75 38 44 37 79
xiyjqloazw 54 58 71 84 37
qsxvrpjo 47 98 46 2 94
zochxjceaq 2 52 86 39 45
nsz 40 67 11 64 73
md 86 27 85 82 37
z 24 24 47 8 90
xtlmwmkme 23 75 38 94 0
hjxyu 67 65 54 68 96
nxjphiz 72 5 0 60 26
jobbetd 2 96 7 88 90
qycosn 92 23 14 54 67
cqbmc 41 46 26 89 54
g 33 17 70 69 91
tlftitttia 87 3 42 6 75
bj 20 69 65 95 0
lqkpwgsmeu 86 37 49 30 96
cykeolqs 9 84 33 100 42
tlgz 68 4 76 47 63
houahcc 49 73 10 1 47
kopc 18 82 79 52 28
aey 40 16 96 47 70
g 68 93 82 59 21
wnntpnfwcq 3 54 97 75 32
owmccnlqh 13 63 17 27 47
lzlpkze 67 34 87 5 26
oclnija 52 96 22 67 92
xcrlhnpael 46 91 76 84 70
mgozrggeit 49 19 2 88 5
vsvbixmvhw 48 95 25 63 29
xfapsk 96 94 45 100 26
eh 86 20 47 81 73
k 72 57 26 35 17
kuysixl 87 46 99 65 27
rfpz 56 17 42 3 85
amtv 99 41 96 8 4
qbs 99 50 47 38 50
czaa 64 80 51 56 44
whdnznsg 54 53 96 97 9
zeax 30 87 1 31 19
x 18 76 25 85 75
lwiedaddmy 48 99 53 7 48
zcbrhatjz 28 74 20 54 79
ammzbghal 8 82 88 15 48
kzixxqdasg 59 43 78 36 83
efgfjhy 31 79 55 22 100
skscjuq 15 89 26 28 2
xwsedup 74 57 53 31 97
p 89 78 13 55 34
wzotrr 27 99 18 33 25
ukzar 6 77 16 6 8
hfardvb 41 26 49 40 28
xxm 80 100 76 22 46
spjohnt 24 87 50 75 40
eelafztx 47 95 86 35 18
tpj 68 62 8 81 67
spacuctax 94 30 51 13 100
uxwg 62 73 20 67 33
pmrdvfxzli 70 75 22 15 38
br 2 11 98 56 71
jvqcmzx 65 81 32 30 35
czzydsy 81 66 55 20 54
boyxw 45 84 30 2 11
nlnthuqig 45 0 32 30 84
ak 98 59 70 63 10
zlhrqt 38 70 75 34 21
qnvrow 16 38 35 3 87
wiwx 50 87 23 83 38
wuxuikh 83 75 92 12 58
brct 71 80 76 36 70
akv 57 57 8 7 47
klgrcwm 59 36 38 22 12
ulknbgjjc 12 46 7 90 45
jhzg 10 90 65 60 23
bhqlk 84 89 18 75 60
knfmz 21 41 46 87 54
awkipmfdi 90 15 44 19 83
s 64 36 94 80 50
nv 15 62 100 22 18
utefyn 4 12 91 29 85
pzvsgodsa 50 93 92 44 69
sxmrzkdhz 39 84 75 56 86
pmczhsudnb 87 72 26 29 61
ilozk 22 43 6 71 88
msscxmcqj 91 72 55 14 71
ojiynszeeb 37 0 55 89 76
entaq 18 89 91 94 42
jbbu 86 36 12 3 13
sch 54 86 75 14 89
eubiuokkzy 40 96 49 69 92
vkwkcvpiyv 17 0 26 52 84
wu 17 65 90 84 37
v 17 27 26 11 49
odzrzrui 78 31 80 51 77
xqk 21 13 33 71 97
fkapw 31 41 27 67 32
bpsll 52 15 21 57 34
cpitygq 4 32 60 58 41
wammfnef 30 74 65 85 34
e 82 92 30 31 59
y 24 2 95 44 25
pdqbk 74 11 7 1 100
b 93 47 45 66 36
bzxfqrs 67 13 3 55 59
bwij 99 48 58 34 96
pirgguu 40 74 72 20 30
uzhagnawsr 42 26 26 6 2
xcs 10 66 56 82 57
bdpitjawf 86 32 51 8 97
kfu 54 10 14 23 46
uyccsyxuhx 71 90 33 8 66
auyyopyqjz 4 98 2 92 17
vahojjko 97 10 84 43 53
wrlqsntk 4 92 53 78 66
msev 1 32 77 22 97
rh 92 71 67 38 51
qp 56 1 66 92 68
fegdx 90 16 41 7 88
pesqnjb 69 70 77 12 82
zvq 94 64 57 42 38
vpblho 88 34 57 48 66
grcyyy 61 41 23 69 23
shqhowqu 5 71 16 77 15
v 62 97 26 80 36
h 42 95 12 31 79
yq 26 63 0 13 2
zozbnurijs 31 82 51 19 5
vqic 5 77 78 88 45
kncknurfeh 3 65 11 66 73
bwbzdcp 13 96 49 35 14
f 39 57 83 76 44
qogfkznutk 53 70 66 96 76
mbmy 5 46 42 17 23
q 93 0 59 3 43
rifnbkrjo 97 67 83 19 97
pmntoeag 76 84 63 96 99
sglef 99 22 19 23 7
aaylpbzn 86 81 53 65 8
usyz 52 29 83 28 35
gbmzmap 74 97 68 58 9
z 44 78 34 6 31
pkptkwnsjr 21 49 18 1 17
xmuxxj 2 59 21 92 45
yy 84 50 86 89 67
wutwuzyg 65 21 57 56 10
akirlzbbsn 54 44 7 74 38
zhfiae 36 27 97 2 2
uubtfcucwn 32 23 95 54 82
asoyaq 25 0 59 49 96
lkiwjj 9 84 87 12 41
zdzykejn 81 22 14 11 30
jdjmzpqtt 0 16 32 66 67
pi 99 79 12 11 40
th 58 13 37 14 75
ysko 78 69 1 95 58
fuw 42 88 35 63 25
b 43 99 20 25 1
g 54 92 96 77 40
idjhbwnmj 65 22 38 33 97
ysulrjbmc 83 90 98 32 45
qwyausmixg 63 60 45 21 84
h 33 88 98 22 5
ampdyyhult 57 81 42 63 57
fknbxela 82 13 46 28 33
sptqpv 57 8 88 15 39
khhvenefc 80 87 58 84 80
tkcrr 72 81 1 72 13
yendq 86 79 7 68 42
agnhtqzj 64 59 90 44 42
jq 22 54 76 72 26
aecilz 86 11 100 16 69
ma 91 84 53 40 14
dtewegpxe 7 63 24 95 61
wm 31 61 18 16 90
jmn 0 63 30 77 42
qcujsv 98 64 6 31 71
ubnvfsfsrr 94 13 93 6 1
svnxtt 75 84 41 21 29
dlqkhdtv 12 11 54 11 36
slx 89 22 31 33 54
ovpjrqzo 88 24 46 50 38
xrt 35 49 82 60 70
rilkfajz 32 40 21 44 43
tomlytquoi 99 49 24 47 35
f 20 18 22 30 29
o 88 71 16 22 21
wcdiuw 92 58 43 91 72
hivy 32 74 64 51 40
cnip 47 22 70 69 98
zorip 0 27 95 50 26
mwbxxuo 20 10 80 2 11
r 42 48 37 90 97
kyyavbedx 16 59 7 47 78
cmhzkl 29 41 22 61 47
mu 38 63 6 73 26
clitt 30 75 77 47 25
zfsaf 71 37 59 36 14
pwtgjrejo 87 18 30 49 13
hpretdmt 9 96 31 71 71
p 71 78 18 98 94
z 72 83 48 56 80
fmcru 83 93 68 19 82
vmudewivt 80 88 21 25 50
bdcui 8 17 49 41 77
njrdcww 27 83 52 76 25
ikpzjvll 26 61 84 39 7
oi 98 21 49 66 52
jcemjauetx 0 56 29 28 56
ix 5 95 45 40 78
tslejqhh 87 91 68 82 27
mrteqdbcqp 21 29 12 96 42
mz 13 72 100 38 14
tqneq 20 36 4 40 20
jjmitjcn 49 96 65 62 32
w 39 68 10 44 11
iy 38 12 54 16 35
mpgb 96 55 34 36 39
izfzeg 43 33 77 90 36
d 29 52 37 55 58
xxpwqfmvxv 94 27 43 97 47
gjgbvio 66 58 49 2 24
tqm 38 3 14 49 82
giujqw 8 64 20 19 1
orc 96 37 72 27 44
uuztlyjskg 75 62 93 4 27
qhobnpwx 43 15 65 27 20
fsquaaqjso 0 58 59 55 76
xkrtgsmu 33 86 59 72 55
q 24 20 23 30 36
x 37 64 69 50 86
mcgcmuebmc 62 72 42 97 49
zturpur 48 89 17 44 75
gd 11 80 89 62 79
lucx 62 76 24 84 10
nvggj 19 14 93 58 86
awhobnr 74 24 13 99 91
nhxovbppy 49 84 28 27 80
geszmyljck 53 47 93 81 82
waqcj 62 10 100 33 33
sbqhcdapnx 73 44 71 94 13
dk 4 28 89 46 86
yt 73 47 82 46 94
bwb 24 46 41 69 73
irburod 10 37 86 79 49
tyct 14 52 100 43 95
refjfv 49 82 82 20 80
qhbq 58 75 3 64 43
yqpeaq 84 2 95 65 44
z 67 75 71 34 29
eoamf 73 78 70 59 28
biy 30 44 10 70 36
rmusonju 60 94 52 83 88
sscqllr 44 95 80 92 9
b 85 1 82 12 48
kjroljnpx 69 63 21 77 73
pd 2 89 26 18 60
dt 99 74 57 50 34
mdkyxco 24 3 13 69 88
nlkf 66 63 18 27 70
gmx 98 60 48 62 1
ryquizn 72 79 8 37 51
ynwncu 18 82 24 1 77
c 55 93 33 86 9
gzv 93 94 87 9 19
scisakin 4 21 67 91 46
ysugh 59 47 71 58 10
uzfktp 54 94 3 54 59
mjnz 45 13 70 27 2
fcdbejacdf 40 14 60 69 69
kxhw 40 9 57 36 29
hwwaqcjk 3 59 58 72 3
boxxdjgskn 55 53 11 9 43
wn 59 61 37 80 36
p 37 93 71 73 12
czre 67 90 93 68 15
cyqcfnjbl 49 66 98 28 11
lu 71 32 2 88 26
ougrid 7 3 62 51 11
qn 60 27 14 70 10
oyh 81 28 21 49 26
ymdm 81 66 0 10 15
dinwm 17 92 57 61 19
pvdr 74 46 73 59 31
cs 64 50 98 22 68
defoavji 99 98 67 33 69
ntofj 46 79 94 49 50
ceqdqw 30 5 84 17 61
rteeps 65 25 12 13 16
vmx 87 69 31 100 45
pprsv 54 67 22 8 61
xgvsp 2 20 54 60 57
dhlrnuw 9 31 1 84 90
tmz 23 5 91 14 77
j 0 11 20 51 74
iseowvjrkg 15 3 89 95 60
gzayux 50 32 91 60 17
h 90 82 77 17 30
rrwub 26 19 20 18 54
joqdkjql 94 92 3 78 1
sa 32 50 10 36 5
dyrb 39 88 44 77 1
vasfibekb 80 34 9 33 10
ajirbhmcqc 84 58 74 2 94
sumbmzvm 74 9 96 26 30
c 99 26 71 92 23
vddqf 80 29 99 69 57
xyqyeac 26 26 81 41 97
fkkw 72 2 57 15 22
nrkpkmjga 32 71 62 62 3
mszjedgki 11 29 36 5 90
yrgwh 61 15 0 25 15
gbk 80 0 78 58 49
iiu 78 86 27 85 57
teh 38 25 2 84 40
mryy 22 92 15 35 15
djegxwfid 5 27 53 45 83
loptm 93 25 33 13 74
g 37 26 84 37 66
zl 84 8 3 69 11
qio 98 37 14 90 25
aqwwl 24 69 88 74 47
cdatdy 92 88 6 83 86
zmdf 60 49 80 46 54
lbmtg 74 11 48 78 19
xhvtvesiwc 1 85 6 53 73
wwtusex 38 41 58 84 63
xe 71 42 79 17 15
qafpoiwzlj 93 83 91 100 1
usibnb 10 88 49 57 10
ytwhpy 13 3 58 10 44
fntahaxge 16 88 15 13 17
p 12 2 91 31 61
ilhwt 19 33 40 75 20
dxhor 82 13 88 77 53
zxuo 71 29 12 47 13
avk 20 81 71 6 4
wczxj 48 67 63 6 56
p 51 17 63 72 52
qjyqifx 65 9 77 42 4
ynkfmg 87 79 76 22 75
klnzfm 76 31 62 22 57
wzcywmvaou 63 34 82 58 54
kdmtd 53 16 49 64 91
fciecyoh 88 66 50 82 4
kurvh 36 94 86 40 98
scvoeynamk 32 84 83 94 86
baglfse 7 68 83 91 23
jzir 87 0 4 11 63
dmps 36 40 81 49 38
vbon 90 44 96 9 2
zyhbtwftl 61 17 2 39 70
iixjiduqx 38 14 74 35 47
azxl 54 78 33 81 72
saxkutll 60 53 42 35 39
imjpqenxa 68 43 7 9 39
yfi 34 42 40 47 21
xo 66 60 72 23 100
sa 15 2 94 100 58
iialhxwczv 45 52 80 44 49
mwozhwoqoe 59 77 32 55 46
wbbwch 63 32 35 80 53
gzx 12 53 97 72 19
zagjct 85 96 26 9 12
tzpv 80 50 97 76 49
ykjw 75 4 72 2 43
bidzw 82 78 64 76 18
vncspe 24 77 86 74 6
qr 52 69 78 66 23
nzqkass 55 50 22 36 13
julcvczwpi 33 69 75 29 85
sqt 71 71 89 79 78
w 81 53 48 16 87
pptds 39 69 52 7 81
nuygllfd 52 4 50 49 45
xfyqq 31 13 68 18 81
ubvseuotf 14 75 8 76 59
il 61 6 36 42 5
yeana 92 31 29 71 31
fhnzhtm 10 16 91 53 77
sasqhqi 71 43 36 50 91
ymjveppu 35 38 31 17 33
kudvs 73 8 91 100 23
jyijd 2 64 11 65 60
rzf 14 92 42 79 67
zurtvlle 42 29 8 34 5
dtcqfzwu 44 88 51 97 55
prflwcgfa 45 83 52 98 27
qrgjsl 97 1 29 13 79
imeejqro 86 73 56 10 12
tlslqsimjb 58 89 51 19 16
tuxwceysxe 50 33 5 98 98
ep 14 56 30 15 27
rmcyslokbj 87 20 49 32 66
xuvnm 90 98 48 3 13
f 85 46 66 67 77
bvivr 13 19 91 43 100
hrulro 40 66 65 75 15
ly 17 15 38 24 78
saphepzsdl 35 97 12 54 74
tpipmx 38 1 98 69 89
brzyzuqgnm 25 1 24 15 84
tgcgev 99 95 51 79 76
hwenl 9 25 16 47 18
ffprb 52 80 70 7 74
gbsszu 50 75 14 56 58
jaukumsjan 17 41 56 6 69
pduwa 60 35 47 87 62
dseq 29 19 9 17 51
djyucbag 64 9 57 43 67
t 20 53 76 26 90
sfpdfmpb 94 59 53 32 85
yj 63 20 15 71 66
mzxbctxewr 56 31 18 14 68
io 42 70 86 58 77
vtopypse 52 36 73 71 8
lkjcqqoh 39 81 49 50 61
tnrfmqi 56 53 21 23 1
qjgufxev 69 71 48 2 27
uzkkxbcbm 3 2 59 50 85
o 81 37 68 65 20
mpgedqx 39 13 83 27 35
shcgx 79 95 71 62 95
lwitsnsy 44 96 33 80 18
inyuzxwdb 27 14 34 55 62
itnzcud 34 24 38 89 18
srxbweajci 11 64 44 22 100
cv 34 49 72 17 42
xw 43 13 18 17 57
vhlvcmtyr 89 45 49 5 48
uglj 38 46 50 64 16
ipdnhxkk 16 17 91 74 35
tokersiop 25 12 68 39 58
ejws 95 1 38 13 35
fa 87 29 63 31 74
eay 20 33 36 60 14
yuhj 80 57 41 22 19
dpaj 36 40 42 49 82
chgm 88 73 82 24 20
tbb 93 53 28 0 39
dhuxp 19 97 20 49 67
iovtm 30 20 23 3 1
nanuals 2 89 67 16 6
wsdchdl 49 59 61 51 100
lm 29 72 82 39 62
taf 21 32 21 46 63
w 13 20 76 53 83
di 67 50 47 91 49
d 3 12 58 33 49
xhs 54 7 4 44 37
hvnahdduxf 21 69 58 5 73
ircauekzr 87 29 8 83 35
xlm 18 22 56 47 16
xqi 94 77 72 38 56
aanxhh 70 47 49 68 100
eew 79 56 75 43 75
h 97 34 62 74 88
l 43 76 27 32 49
zmi 73 22 39 89 21
yrqpt 17 81 73 87 44
sjzciqa 69 65 56 36 31
vezno 75 51 78 52 14
anbxw 12 80 66 67 88
ieahnog 83 96 28 82 44
zwfqmwm 87 23 65 98 45
eglj 81 27 8 18 93
qeloikbxk 95 16 84 58 49
r 23 66 86 54 31
a 48 34 8 23 91
knlqqsde 49 74 61 19 31
aca 64 20 62 88 22
fuocguksdc 73 60 81 58 40
yqqgdufpl 3 85 1 62 69
izytro 49 77 45 30 4
nusny 42 92 14 16 76
uvtixz 38 83 22 67 81
fjrklr 20 49 0 72 89
beagyhvj 30 4 15 76 86
pxjko 88 55 88 80 37
a 22 59 6 14 22
xjunh 68 17 91 3 37
piazhae 8 19 35 52 90
qtr 7 23 11 55 40
dlsj 14 53 71 97 39
nyjuv 19 46 21 21 21
sks 62 21 68 69 62
ew 74 97 28 50 34
heuqyjzpra 63 87 4 58 32
ryc 13 76 77 21 71
xqx 43 16 95 90 3
ovkgfx 33 76 83 92 25
goscjew 33 8 70 85 10
nadt 75 37 19 74 37
wvrfvjyx 32 94 16 69 63
aybxoaomlw 54 65 7 33 24
rkdh 0 32 98 82 10
eh 60 30 16 90 72
qidfjjyhes 6 40 90 56 5
nbdlyf 71 13 11 42 63
kb 45 81 12 74 69
c 88 36 83 74 78
acsmnpfzsn 6 11 13 7 82
ebfmglxpl 32 49 70 12 0
fwfu 96 16 65 100 7
xifynrzsu 34 14 11 20 64
dkgszmst 58 49 10 75 3
bwwgk 71 96 76 16 37
dtkuhpsml 34 82 82 62 81
s 19 70 3 23 6
xsqmkrg 48 88 29 60 19
evtmnuahq 26 80 62 87 93
bdmkqrd 66 76 39 50 100
aomrgzcayu 41 3 12 24 95
skg 46 31 20 98 24
ktmhmzwg 6 38 97 70 94
b 90 1 0 14 23
ewfjlpzcu 49 42 79 40 94
z 49 87 24 76 3
shsbiubgru 60 19 76 35 69
sxg 95 17 88 46 88
l 79 15 64 95 26
mn 17 60 4 18 50
znlgope 42 62 34 50 62
tzpkyuha 69 56 56 32 19
o 35 49 14 93 59
qupyprg 34 27 82 94 81
inah 46 33 87 86 11
tmtilgttxl 9 61 8 32 28
ask 23 88 33 17 4
rdknkm 32 69 91 51 56
cahra 96 56 78 70 58
wk 49 8 45 81 49
ggxgnsujai 39 81 96 63 39
pwdm 17 62 15 8 98
hdftxkdkw 11 79 59 29 9
qm 18 74 78 3 19
yxgavq 76 24 25 97 94
idoq 84 59 49 75 89
qglzjvr 80 99 30 2 89
fyfoe 71 75 90 79 81
mhbwmn 55 33 96 87 48
ucc 88 7 93 27 75
sbi 27 63 52 63 80
syyabmruv 93 48 19 75 33
eveb 34 93 48 2 19
mlzszfggid 63 67 39 22 21
syzxaua 13 94 40 17 37
imzgpctiwq 28 81 99 0 75
osupgfq 34 81 86 3 16
agyhm 13 26 12 98 74
gmgel 7 61 61 13 62
fghgow 87 3 29 7 29
hvljqvig 1 50 62 55 82
la 56 95 43 56 64
ccij 82 56 51 34 19
sj 41 20 76 57 76
pssd 34 7 44 55 7
bgjhtrobxc 66 47 36 16 5
xezkp 99 93 39 2 29
pfxxsz 94 98 63 87 45
zuiko 69 66 42 35 100
tzh 78 90 31 28 76
ncitmpmfdn 98 53 13 60 48
cgki 86 94 20 87 35
fuxx 58 89 6 83 54
b 44 41 15 12 85
vwtuyneicx 79 85 70 58 74
ijkkrd 79 52 34 55 62
y 43 27 84 43 21
i 86 63 10 5 56
sdmfhuspbm 83 17 41 85 98
pyokxj 53 46 65 61 5
gv 72 57 60 3 99
zldbklmx 0 78 13 39 22
yfaynu 32 63 1 66 44
cbalvsbx 2 65 72 26 94
gqxwcu 23 43 83 100 30
g 39 70 92 62 42
ipfvvigiw 99 23 67 82 97
dgbfhqal 74 77 32 27 88
scwnwzkerk 20 13 26 47 72
btejew 95 28 19 79 54
qzr 90 21 30 53 41
ah 0 70 8 24 16
zwkizs 34 72 35 49 94
ppu 7 29 51 83 41
ahyyvwy 79 85 13 64 35
haprdjy 70 58 62 64 38
opueong 46 67 93 7 48
yo 33 57 50 69 25
ekwd 80 93 47 23 24
cntypaw 76 23 63 27 96
ov 91 38 27 5 83
s 4 82 93 97 11
o 92 72 60 30 34
ftdwyown 78 17 61 27 46
fqt 12 4 70 86 24
udauu 35 31 8 10 93
e 47 52 46 85 50
eqijgb 2 65 9 66 64
hvdglz 47 52 53 61 19
yzgtfcs 47 15 29 62 64
vzhbr 30 52 18 45 9
axxcrrjvj 32 45 54 51 51
tepwonz 69 34 83 88 70
uaascgohl 47 69 62 76 76
iekpfdr 21 20 4 41 60
eauvtft 44 51 45 30 77
dyzu 13 55 29 74 4
wnhvh 21 11 45 39 27
kwcmes 19 59 2 41 41
tpazbrf 44 47 82 53 21
hkjjgh 90 28 52 29 76
d 23 12 48 71 64
lailzchp 74 51 44 54 42
m 38 16 6 81 56
d 82 40 40 16 22
ywb 75 64 4 5 26
cifudx 68 46 84 93 0
wcyp 34 12 69 8 48
jhavrgcusc 79 71 90 78 86
cddglsuq 21 8 89 44 78
tqrvayqd 68 64 77 17 47
xoiyer 25 63 16 58 41
femwkq 75 94 24 95 55
qesuk 70 39 46 43 0
ydvsxnlq 95 88 35 30 42
ghq 28 37 86 11 79
ezwengc 32 5 92 32 89
t 78 13 34 33 18
zhxmekewq 46 85 49 99 67
ztaxwxpvk 97 4 92 9 77
dlqkex 73 51 28 42 45
labygds 60 80 78 56 43
fmrt 79 8 30 99 21
sdyru 58 85 35 40 45
xkuwisnfc 55 85 74 95 67
qrvcxsnxvo 41 81 28 55 88
faimmzi 23 71 20 17 64
hdiyzhktdu 39 84 6 85 68
ls 95 91 45 32 32
z 33 91 3 66 25
qjs 61 82 14 35 55
lnpfdoa 88 71 14 30 53
r 11 79 84 38 99
vazkoauvfc 79 23 20 42 100
