30
td 51 79 24 90 51
ghsxuiud 23 24 71 99 42
zsaksdo 96 28 45 37 79
ikda 13 26 85 15 38
fwcuhzln 47 41 8 68 100
gwilcrfb 44 11 92 14 30
lnvqpo 48 76 51 81 49
s 31 62 22 87 33
z 29 78 100 84 9
ivpt 25 78 17 19 61
hvtprw 11 99 8 62 44
jyvwn 43 7 93 66 78
bsxnwqs 81 39 53 89 23
xbiutxkm 84 60 46 9 18
yt 14 27 8 34 77
jpmrkhgdd 96 47 9 94 92
pcz 71 96 75 28 34
nrcfr 51 28 77 12 23
rbhkaju 16 32 68 92 47
uetfst 90 98 40 50 72
aciotvv 43 72 33 84 81
zyzqcadwe 4 99 93 14 75
knwlui 98 87 97 49 9
nf 14 2 2 56 68
chkx 4 3 68 60 48
o 31 49 48 51 0
cqqeaez 56 18 21 89 81
vcywdqyfvu 63 7 62 14 40
jf 74 87 42 75 90
jfqepfjrnv 5 34 31 77 23
