50
qdagugjag 12 80 66 44 37
gcgcfxd 89 75 52 93 92
kszwyjd 79 66 41 92 43
q 69 56 99 68 3
ptwamlwd 35 47 65 58 35
qyl 45 29 26 37 14
ke 31 41 1 86 73
unkbp 18 49 75 81 0
tfxqijkkh 68 36 87 18 24
ktldi 32 21 43 83 64
ebkq 27 90 5 92 48
ogteghrl 46 22 37 81 11
b 83 3 78 3 4
exevqmuiw 12 35 71 5 47
gtgnf 40 55 69 12 66
byilel 75 66 72 28 38
wxz 44 22 65 50 19
es 33 30 17 12 50
elzxwdbvh 73 82 76 77 29
ymvtwsbryq 97 32 19 96 74
x 80 11 52 35 18
crhnvt 81 20 66 8 62
lss 52 100 84 19 67
qly 16 91 25 23 4
bkvznyuxz 75 55 49 14 40
i 63 42 78 13 7
uufmvwnl 70 44 18 31 76
tpcdeywqs 54 100 68 32 5
qgf 35 88 91 45 99
rjsmihne 91 90 49 91 92
emnzgun 40 46 26 33 53
dqaom 58 33 79 67 83
r 11 72 100 13 65
tpyrlold 58 39 23 57 5
wru 12 26 28 66 77
fjjp 49 8 65 61 50
swvxkiysc 99 18 11 68 63
nvvq 71 25 93 17 10
jhjcw 80 27 55 29 96
hvj 22 25 82 99 30
vjmrc 39 17 86 27 9
jyns 19 4 99 67 68
pf 4 94 63 16 74
qlec 74 57 87 20 93
t 29 69 77 78 81
cuysptiycr 62 59 2 63 38
dybajwjxql 59 42 90 33 51
gqyagesri 30 76 99 13 22
umnokhffpg 32 52 37 96 98
jijhj 70 61 84 3 93
