500
js 7 88 77 99 44
ivq 76 59 69 17 19
agyqhz 97 53 40 45 33
wltnvoak 28 87 27 83 65
emrkugqdrb 18 36 30 31 30
ncmfmhxmq 52 26 79 75 82
wdxxbi 60 98 90 72 62
sp 44 14 62 85 47
fi 15 77 86 8 10
rqnfhzzq 74 91 98 37 32
rfjsulgzyo 48 26 51 95 75
zkevp 25 54 75 97 87
durlmi 58 67 15 84 87
svzikgsl 72 69 24 72 28
iicnr 67 23 26 77 70
w 71 16 3 62 37
heci 70 52 0 95 49
es 37 16 90 98 16
jpyggb 69 44 17 42 99
axoph 57 63 7 95 41
hmg 5 84 5 65 84
rypjj 76 73 9 55 88
xtlmm 91 31 72 80 44
jvtndxgn 52 92 73 32 12
ogt 81 25 1 3 82
viwu 35 77 41 85 75
wnc 84 22 79 33 54
fzk 82 48 37 68 54
zxzig 29 88 79 74 89
wetis 13 45 10 7 74
cdlp 19 14 46 36 94
jjxyxe 80 35 11 97 32
tsoppmers 90 2 22 79 49
dbrc 17 54 43 70 53
bbkzhdkahp 69 53 60 49 22
lzy 53 12 40 39 40
uyysesmsj 59 23 81 76 2
bfouxtw 21 10 89 63 77
qyzt 36 46 6 23 4
iabok 67 56 28 78 32
dvcow 91 52 62 86 81
clvbfzvt 53 29 19 96 33
uevzur 0 36 0 77 90
yqnqoojyr 97 89 98 92 59
mmdrkf 64 25 7 52 93
ggi 53 19 48 86 3
tdjyferz 13 56 41 46 57
koyhgw 88 38 83 69 28
xvonmx 48 78 86 33 21
ldmag 18 45 4 56 13
dkmlsuewfe 59 60 35 67 65
blycvmae 22 66 4 5 25
uybqmq 42 30 69 53 49
cle 57 3 24 66 6
hzendo 49 28 27 52 13
bogvve 98 33 94 33 32
czhnxjlml 76 5 93 78 69
pglt 54 29 78 67 17
yzjclpjk 89 32 19 38 39
tx 70 88 56 77 100
pj 90 49 73 73 2
ygswbwa 85 41 80 90 5
ceocpzobo 28 12 60 60 20
w 40 8 9 46 71
mjvotxzi 62 38 12 22 6
jl 74 10 56 36 48
egbnghf 85 50 5 68 27
ekef 20 39 10 59 12
mkvqzw 29 36 74 82 82
gcmdrw 49 70 72 1 28
a 58 36 32 42 34
f 98 29 11 91 33
rzgbirf 38 72 61 57 59
qsvzbcflg 57 73 88 37 39
mas 87 66 76 31 64
hqufxwsap 89 1 27 23 40
qcuh 41 46 17 59 95
baimuqeold 31 51 70 8 89
qpldyxdqh 39 57 35 90 2
ukmt 0 60 99 50 70
jgvywxvdax 50 93 22 12 72
o 4 37 100 93 59
ore 94 29 55 89 0
tiryygjdg 81 69 19 32 74
hjxqfjcysj 65 23 16 19 36
ttfsqlsnz 48 40 77 77 1
jh 54 10 63 65 78
fcpycpgmsn 38 44 51 60 96
vbmlgvpg 13 27 90 44 23
qazlirbtmo 33 0 79 82 12
uv 41 78 69 76 14
vbzmz 89 39 57 94 27
bbfpuukx 84 10 24 67 47
gxgenmw 50 77 7 21 74
pmhxfkq 22 56 80 56 47
tamoy 61 8 5 92 12
nnkmrmu 19 43 26 76 94
giothvqnb 7 32 76 19 91
fcxvqg 83 69 74 96 8
svslp 75 21 1 54 75
sxfslvdxm 12 44 63 69 16
rrubinidgy 81 35 94 36 20
elcdisld 0 19 65 47 99
pdo 60 65 4 9 76
evnmo 74 41 86 32 74
yh 98 22 3 26 100
tytmrnnzdx 78 49 46 83 20
ejxkwznhra 60 41 85 22 80
k 70 11 58 94 69
hdanbpzro 58 29 36 68 45
ikodwht 39 52 6 65 13
lhw 16 9 17 66 10
k 75 30 100 48 24
nf 51 93 15 23 72
kydjn 17 67 1 52 60
kdowmt 0 75 93 36 92
w 15 63 99 91 82
zu 45 61 10 30 77
m 14 52 90 94 6
blcjxspvzi 50 35 30 73 78
iie 84 74 25 86 30
twldu 21 52 45 59 25
ooj 13 100 31 44 4
brzxdtwf 89 19 13 75 27
nkib 99 3 85 100 30
otygi 57 9 66 54 61
ufqcqwxm 47 85 54 22 68
hai 45 58 44 76 54
yptz 46 24 66 62 62
itwomst 56 14 17 37 98
bedcsw 6 92 89 98 50
d 61 24 2 9 46
yfxgxbwu 48 95 82 31 64
bkbbszsla 90 74 53 29 75
d 30 49 7 30 1
gxrsr 1 12 7 52 42
mww 94 12 57 100 36
pyonb 94 10 33 80 65
puaxs 2 63 11 41 65
et 9 50 97 20 86
offpizrd 59 6 84 57 52
krgtqzninj 66 51 1 6 49
gckwr 60 46 2 0 99
ll 49 32 4 54 49
moigsd 52 30 81 73 94
uzilhhe 35 62 76 15 18
mu 88 34 99 11 42
wsnot 48 75 63 16 93
aygmek 45 21 43 89 54
wbcjoq 35 26 84 87 35
x 51 45 62 35 73
xwrcsqlda 15 39 1 53 79
uimogfdw 59 10 63 45 78
agvhsbro 7 40 38 37 20
evzt 24 54 25 58 12
lxshou 24 4 6 0 87
bhh 91 78 4 34 12
fhcptsv 15 82 59 5 77
awrbeoi 65 84 61 39 35
wqbmux 3 90 40 98 40
lpikhszct 79 43 12 93 90
gjapnpig 13 5 72 66 23
mjcgkguuek 46 76 96 71 27
vs 32 17 70 67 49
hudwdqe 53 0 11 45 36
xpiqxtrmhi 100 41 0 60 100
wpvftb 71 36 68 98 61
rzv 91 32 42 93 59
nfil 88 3 73 68 15
xrfcnistfj 100 5 46 2 97
dyixrwgz 67 99 90 0 95
tvuaoxupth 97 39 70 67 97
wdstuaxhis 65 92 16 95 52
dq 51 74 73 34 73
dgqmfjk 89 8 43 19 83
lidifgwc 27 12 32 39 67
anx 15 17 51 66 68
j 34 32 45 90 83
ja 61 92 47 58 56
eeweego 41 36 0 36 8
wj 73 71 35 41 15
gbrwn 8 15 62 17 62
x 66 88 78 97 68
hykq 43 15 35 18 73
dtxjr 33 90 44 18 41
blfbvqdzva 26 58 17 79 47
dbgrxra 97 75 34 12 87
yiyo 19 65 83 1 83
hg 88 29 90 39 52
osyrl 89 29 11 99 30
vdeyolzjc 10 6 55 85 61
fk 34 12 42 11 53
z 89 65 73 47 94
fncnhzehz 19 70 99 14 47
ofpwn 0 74 38 22 99
fqlxdichh 12 23 80 48 72
qticxnmyu 94 26 71 63 57
cahjb 54 42 95 12 11
n 33 36 90 90 22
scez 72 27 54 65 26
ucnzsay 100 72 85 88 18
vjaeqtzax 86 44 96 2 20
w 85 97 66 48 33
ojwil 64 81 46 76 5
ysw 85 82 73 64 58
bh 49 75 65 6 71
qelsynh 2 9 61 98 77
zfhycsy 59 34 80 10 45
hktgl 95 39 22 22 98
qfb 82 52 10 34 63
cdlpcdo 21 26 46 97 98
flejyyj 91 100 83 60 91
mhltpjw 54 57 98 23 98
jjfudlf 48 84 16 15 82
vsixwt 82 28 1 75 78
n 38 36 100 28 80
azb 8 100 78 60 62
f 30 9 57 96 0
mhrkgc 99 61 21 56 18
wnnsey 47 29 39 39 14
qoivinipi 12 85 96 97 76
bxgzstbrug 94 24 58 98 51
db 98 96 43 8 33
zojemzred 51 77 79 60 6
qwtardncsv 7 83 97 81 75
frdgkwhbsp 67 69 30 95 85
fwpvhvhg 17 38 12 3 70
mo 83 85 40 36 59
kekfgejt 36 44 52 25 60
ib 68 74 43 51 59
rnvwtfvc 49 0 12 22 67
inrplik 20 68 4 80 45
td 58 8 38 10 63
szsil 36 0 76 34 12
y 9 39 80 18 33
u 83 64 78 99 20
rfyaaidt 13 59 29 91 46
vaqqhnu 88 31 34 38 86
qcofowqj 23 15 26 56 55
ckkwuywopd 56 16 70 27 35
prgxwzv 89 38 45 11 17
xrlgeiwhwe 33 60 69 49 21
xuwiwg 71 5 26 22 66
suaqrqhu 23 31 67 85 28
facdxeywvl 10 8 10 2 21
ccvb 6 70 37 29 76
lrfkmbsijm 93 65 2 66 69
fldybmuhn 13 0 17 51 7
xmkb 30 4 31 71 82
miyzmcvnn 56 50 40 85 72
mszyvtj 1 71 10 12 61
egqrj 28 89 34 28 96
ot 18 45 85 36 67
vickfq 75 63 26 71 95
wgce 16 22 57 55 37
hdrj 4 78 37 89 6
ygznzynwsy 49 89 54 81 40
baosl 24 61 20 69 57
cnilrtshp 90 58 68 57 82
bluipn 47 47 96 91 22
r 42 69 82 55 1
ptscutqr 9 59 24 79 55
noundo 8 78 94 76 23
yheguvbnd 65 84 48 79 87
rqonyfcrv 94 60 59 55 19
vmxsfpls 8 91 68 17 58
ehfjxfqb 79 66 38 15 21
nn 60 89 58 44 47
xpccgs 73 29 44 87 49
sv 25 18 51 94 65
syxjt 88 49 28 63 71
uvsmc 22 27 26 61 98
izumibx 32 9 84 94 65
ggphucglei 87 84 8 63 0
r 60 81 16 20 83
w 13 84 95 75 65
d 88 74 2 28 91
moblawfxo 96 28 54 39 84
uayt 13 20 31 73 82
wkcyjigz 90 94 83 18 55
rcbyniigel 27 20 37 21 38
uvofxklu 39 60 56 59 94
bhuzatme 97 61 36 27 25
rvozugcy 60 68 83 16 83
griqyoc 24 16 61 27 13
sjqag 58 49 100 20 46
dn 0 94 67 68 59
deuzdwspbj 18 69 28 57 79
lpj 67 83 67 91 9
hxnhf 45 79 96 47 16
epwceyxpqz 54 31 23 35 96
ytmbx 12 41 83 12 4
gabevsf 67 13 2 20 6
ed 11 33 37 50 87
x 33 24 49 78 14
pnuewajm 96 86 66 75 64
yn 32 24 25 66 44
swmho 56 15 14 88 4
lhkzihh 57 49 31 29 66
lk 76 77 83 77 85
mgd 27 85 11 58 55
rmiqe 50 99 11 79 63
xniunt 22 55 74 99 87
injajvjzj 38 34 60 21 14
rj 41 28 1 28 47
ibtqode 93 63 62 10 79
wixjtop 58 66 28 51 88
sbzmq 23 99 86 59 3
tudewozini 5 49 6 81 90
zxtcs 19 56 97 39 40
ltxppgmab 42 83 23 93 52
cpvdpitk 64 79 8 39 43
eyodmpla 86 83 26 86 8
amzvorgjo 10 76 13 96 92
xzw 9 66 98 74 73
lzzorv 3 19 33 17 63
t 95 94 7 100 3
ifnsj 56 75 42 62 91
lioaxzazl 98 54 26 71 73
bucucl 19 96 38 65 43
kzm 43 47 27 89 82
jlm 89 6 42 43 74
ibf 56 20 97 18 23
f 8 35 4 47 9
un 20 66 74 20 38
kjhwxpkxom 4 68 92 69 12
zoxckb 8 62 52 68 68
wnpimbr 2 63 0 36 31
zpccuhxhsi 25 22 65 16 53
oqffceuo 81 36 97 99 16
dkof 59 43 39 21 64
wpdjgoyif 7 27 33 74 32
xzjaurzdlh 89 2 81 81 33
udnzfrvux 81 97 49 25 79
hieezkpgyn 89 58 13 77 27
qfnppnj 60 12 70 49 90
iopt 16 34 65 32 99
vjw 91 82 22 13 48
kkbeix 3 45 45 19 6
dphhvht 66 44 84 96 16
lpryf 39 13 98 69 35
zluoagyqv 56 95 48 26 75
rmgp 56 90 96 37 26
ysseaqhsx 70 27 96 26 38
rpgka 13 50 80 96 6
vebcdoxt 95 15 47 87 35
pdrf 33 77 76 81 50
aktizuaryd 77 50 43 24 72
jgvjxmpj 87 16 74 61 96
nnnqpseon 13 30 22 33 6
vtgdvqydrs 99 53 49 90 35
elrjwzgfy 78 10 91 44 95
sxhfkxxbrc 4 26 77 58 8
qhxj 86 39 49 44 26
ncfg 47 33 86 54 25
bkztqm 27 54 21 23 87
mzjnfo 1 9 6 31 17
lylvf 13 65 83 53 96
xu 52 55 80 75 81
dznfr 28 39 70 15 95
uea 58 35 37 98 89
khhsksr 35 10 84 98 92
fkesknhp 40 87 9 19 69
dvp 33 39 98 58 45
pqvoma 91 5 6 72 9
nzhew 73 31 68 55 92
nhgwqy 86 93 24 47 78
gk 11 43 0 27 82
rmvvgfknwo 95 69 76 80 74
iofal 4 44 10 66 86
tmlj 38 73 13 6 71
ospkfwsc 24 57 51 95 74
pqkzhww 9 34 56 40 25
f 11 49 19 10 93
e 99 68 52 7 58
dpuc 39 100 37 66 11
feqkhb 61 59 62 64 98
gv 73 37 95 57 45
mpjgevn 83 28 73 67 44
dn 84 100 94 77 18
r 99 33 77 38 87
sf 99 33 54 23 100
ctnas 56 85 11 87 21
ufvjbxrfnb 31 30 28 11 93
moji 71 88 47 37 5
cytkfpyiep 3 35 29 54 8
ckr 81 59 24 37 83
xxsptzlc 38 86 76 0 6
akvhyx 72 39 42 11 30
u 91 100 81 55 97
ogeth 36 56 60 20 49
z 60 23 90 19 56
dmqbwvtyfk 77 25 62 12 59
ve 75 12 39 84 34
el 90 65 100 30 24
xd 77 76 92 49 74
ybdixniwh 74 71 80 83 52
xenql 16 54 6 79 59
ovzfxva 48 13 15 76 76
qtfcrlhei 38 20 72 25 42
melsmi 28 40 75 22 65
fveo 70 83 19 44 94
uldmwrhywg 69 23 16 13 1
tw 87 31 31 82 96
ypdbiokmy 29 93 76 5 81
yqk 15 32 73 34 57
q 61 63 24 45 37
es 2 28 90 43 38
vzzjvkoh 6 14 31 65 59
igr 31 27 12 79 69
gcxazyr 24 95 98 57 31
cbztl 21 70 25 12 27
lrj 98 84 5 56 18
dbchw 60 46 41 51 22
xjvjehx 95 59 92 5 70
opdfwicy 13 86 72 13 68
hcpldoeobw 78 62 46 100 51
agzc 45 91 46 1 73
nvbwq 80 24 50 51 6
mdxmrp 43 55 39 15 61
rwnzali 76 15 69 72 81
dcw 3 91 3 71 52
gsax 85 67 62 32 100
tyzzydov 10 52 71 49 76
gnmvqljj 61 29 36 75 5
cahpc 76 81 70 57 94
ja 38 51 97 82 66
m 15 37 26 83 47
ocixulwpl 79 90 33 43 92
vqjahf 29 13 41 20 69
g 73 56 70 34 21
utdmg 91 42 64 26 11
mvjpeytnb 28 36 28 81 3
fcfqbabx 74 70 23 84 22
r 5 15 86 80 54
oskasrhan 50 46 6 59 10
aeziqwt 77 24 81 20 71
hcsaptgtay 17 1 9 20 31
uabr 56 23 84 99 83
uplgpfxwim 38 60 89 51 34
ym 89 79 5 48 84
nhel 7 1 55 82 63
amnuo 49 34 29 30 73
epwyquu 52 33 30 60 29
sxmon 95 30 2 73 47
zueftdp 73 53 26 48 89
f 90 26 75 82 46
bbukh 75 99 2 75 66
fnvshkzz 59 78 4 34 31
gxrd 81 57 35 74 89
rjafaphuuo 61 21 99 32 96
qxdxags 15 36 74 1 56
lnxylsh 58 1 50 4 31
xrifqzij 71 22 99 12 52
llrla 35 96 13 8 69
yfwmxvp 8 23 38 46 32
vw 17 46 59 70 16
vnhkmhvgq 57 9 10 73 86
sz 88 89 4 24 50
bypaibn 89 88 100 48 49
vsyws 54 78 91 50 16
gue 62 78 56 42 27
dqvymqlv 94 91 4 41 41
a 71 15 53 35 9
ae 45 75 80 17 85
yg 68 32 70 83 87
wsgxsx 22 56 48 8 13
abanys 66 58 16 46 56
mumu 96 65 47 8 99
rqxh 56 66 32 0 62
lyvdlsglwe 95 9 58 33 8
uuya 10 48 92 53 24
urzuu 63 54 73 21 45
aj 59 48 84 92 70
su 28 44 24 18 79
xphrgz 26 66 13 32 69
rnnpkqac 64 42 59 57 14
y 43 45 91 8 58
oa 31 7 87 54 65
ciubko 69 16 25 7 57
ujkolui 24 72 71 14 49
irxrjdqa 37 99 91 65 36
sfpcw 36 71 0 23 5
rewfez 3 70 42 2 84
nbcxpyj 72 17 42 78 88
a 0 63 76 97 82
mwuueluvwx 71 13 44 32 97
owqtnurhbo 75 18 30 54 43
mfp 95 36 42 12 39
citb 88 57 43 41 74
yr 51 96 14 33 31
mafju 97 89 66 70 57
b 46 33 25 8 22
p 2 34 13 92 85
hvlgvbcnws 79 79 55 14 30
hozien 92 31 70 45 97
qvp 23 10 33 27 35
yqtyjf 66 100 59 82 94
yoouree 23 83 70 59 32
prkmso 2 64 69 65 58
