200
2
1 B
1 F
2
3
1 M
1 V
2
1 J
3
1 F
1 E
1 K
3
1 S
3
3
3
3
1 P
3
1 D
1 W
2
3
2
1 L
2
3
3
3
2
2
2
1 M
1 U
3
3
2
3
2
1 B
1 U
2
1 H
3
2
3
2
3
1 Z
1 N
2
3
1 N
3
2
2
2
3
1 R
2
2
2
1 I
1 H
2
3
1 L
3
3
1 H
3
3
1 V
2
3
1 K
1 H
2
3
1 I
3
3
3
2
2
3
2
2
3
1 U
1 P
1 N
3
3
3
2
3
2
1 M
2
2
1 B
3
3
1 C
3
3
1 Y
2
2
1 R
1 B
3
1 T
3
1 D
2
3
3
2
3
3
2
2
1 R
1 Y
2
1 C
2
1 H
3
3
2
3
1 L
2
1 W
2
3
1 M
3
1 L
2
1 H
3
3
3
2
1 M
3
2
1 J
2
1 X
3
3
1 W
2
2
1 R
1 M
3
2
3
3
3
2
2
2
2
1 H
1 J
2
1 A
3
2
2
3
3
1 N
3
1 I
3
2
3
3
3
2
3
2
2
2
1 L
3
3
1 G
3
2
