1000
-99716 -18795
-99644 -98833
-99478 -93634
-99452 -57528
-99173 35752
-98964 -70429
-98945 -66538
-98816 -35570
-98722 -11605
-98698 75626
-98513 93215
-98383 84305
-98380 51941
-98105 94119
-98031 -34082
-97633 -26297
-97428 -40348
-97031 -77551
-96877 49779
-96438 -27092
-96349 -87254
-96150 -1315
-96089 -25056
-96064 -632
-95645 70472
-95015 53344
-94860 67402
-94820 19613
-94793 35695
-94708 62607
-94246 -53940
-94164 -46032
-93880 -48972
-93631 -92000
-93618 69289
-93351 -75366
-93264 -60329
-93256 -19740
-93052 51394
-92801 41540
-92647 16764
-92374 18071
-91970 -38557
-91189 -57213
-90957 23695
-90771 55557
-90166 92456
-90007 -96001
-89851 -22013
-89825 -63297
-89198 37874
-88918 89695
-88898 58232
-88745 48969
-88599 -72291
-88534 4743
-88488 79021
-88152 9712
-87885 90946
-87411 96339
-87363 -5104
-87001 57581
-86833 77533
-86824 66848
-86430 -42977
-85737 62234
-85493 -96238
-85447 92219
-85231 -91543
-84951 -67542
-84740 -6497
-84552 12692
-84433 -86039
-84399 51183
-84392 82374
-84363 -1042
-84262 51678
-84107 -80897
-84094 76166
-83663 5290
-83278 5168
-83254 67022
-83009 38163
-82777 -16021
-82109 -39495
-82104 -56764
-82000 -70933
-81857 -4913
-81709 -93405
-81535 88825
-81347 -21447
-81033 85665
-80919 67358
-80482 -83973
-80110 53656
-80071 -49261
-80007 -6521
-79837 60088
-79705 -88214
-79640 -51128
-79556 -44321
-79419 -75818
-79313 -94082
-79229 -70176
-79152 92440
-78514 86912
-78430 -78874
-77855 -35798
-77737 52979
-77068 40853
-76948 -9647
-76641 20730
-76608 -74085
-76233 13761
-76007 69508
-75921 -82862
-75846 18493
-75830 54345
-75672 -78168
-75655 -80172
-75565 1672
-75534 51807
-75146 -47544
-74865 -45028
-74518 -76515
-74071 -53077
-73975 -68477
-73582 -45879
-73571 -23514
-73324 8079
-72870 -56311
-72425 -57826
-72351 -74971
-72320 -60215
-72298 -91561
-72027 -69014
-72020 -16769
-72001 9501
-71939 -91952
-71845 83021
-71572 80132
-71422 71038
-71351 -93099
-71045 12399
-70953 14372
-70726 -21688
-70485 90718
-70337 30154
-70280 -84234
-70200 85308
-69245 99940
-69244 -78973
-68965 -75811
-68893 96309
-68830 34142
-68674 -778
-68499 34719
-68489 -40775
-67998 46605
-67824 -43412
-67586 9114
-67564 -89869
-67473 -33523
-67391 62527
-67299 -31507
-67227 -84125
-67042 31686
-67025 55964
-66916 70341
-66880 58749
-66645 -31089
-66478 42248
-66225 -18907
-66222 -18635
-65784 69623
-65468 92448
-65389 96994
-65309 84664
-65307 85159
-65065 37231
-64822 91578
-64492 93206
-64308 61232
-63700 98528
-63694 95657
-63446 8337
-63281 -87672
-63268 54540
-63117 52365
-63061 -20501
-62921 69864
-62783 -1444
-62662 -10149
-62576 93343
-62335 14662
-62211 -176
-62117 -71207
-62004 11445
-61764 54232
-61618 13960
-61251 63256
-61226 72070
-60961 93446
-60947 74960
-60945 -98932
-60824 2185
-60293 75356
-60084 51817
-59933 20791
-59280 -12333
-59191 -43283
-59173 -73365
-59087 55288
-58902 -48076
-58676 -3438
-58259 45613
-57744 22155
-56963 -45352
-56765 22692
-56519 28861
-56475 -52478
-56017 40969
-55874 83786
-55807 55652
-55731 66551
-55652 -75032
-55344 70119
-55328 86753
-54793 75671
-54680 59070
-54445 -80548
-54413 25665
-53881 -92504
-53238 78750
-53145 -8182
-52978 -47564
-52638 -89977
-52451 -85261
-52348 92132
-52264 -21136
-52088 35516
-52059 98579
-51743 -85614
-51392 -30149
-50918 39462
-50897 -43068
-50689 -95470
-50532 -99385
-50458 23353
-50424 74004
-49970 75660
-49906 85507
-49646 -96667
-49528 72079
-49441 -70429
-49411 -19611
-49329 -96090
-49098 -78142
-48716 -85389
-48692 59840
-48256 55534
-48082 -59899
-47616 -77970
-47529 44712
-47236 -84059
-47183 80041
-47084 -74948
-46754 751
-46663 -38677
-46626 -40533
-46618 -12270
-46540 77479
-46108 -10884
-45644 -11030
-45488 97635
-45453 -57137
-44837 13562
-43686 -83358
-43571 86529
-43551 44777
-43515 88605
-43307 -49235
-42989 -95466
-42910 72075
-42801 -71127
-42760 -36077
-42678 41131
-42574 -17509
-42561 32490
-42508 91522
-41819 84900
-41698 31801
-41326 51299
-41098 63726
-40800 -91471
-40728 42547
-40700 53332
-40504 -3028
-40498 25985
-39892 -71710
-39754 -59422
-39404 20986
-38970 -75685
-38943 53893
-38751 -58621
-38746 33026
-38553 -47746
-38365 -8859
-38261 -49722
-38188 30522
-38122 71201
-37732 58587
-37712 -10575
-37524 24162
-37153 -46979
-37122 -42924
-37035 -90731
-36863 -43796
-36490 64320
-36437 -3797
-36124 -73753
-36000 18841
-35635 67875
-35484 28932
-35361 -87560
-35193 36963
-35055 -85176
-34194 72183
-33944 -345
-33943 74769
-33932 -39532
-33925 -29510
-33763 98806
-33625 -21274
-33231 81308
-32156 69691
-31981 -88032
-31953 90312
-31876 -5932
-31528 -16931
-31511 -18907
-31225 41501
-31050 66431
-30916 52104
-30829 30374
-30776 27146
-30753 -88695
-30601 -59965
-30170 27407
-30156 93160
-29805 -52593
-29643 74702
-29604 -71351
-29557 -11360
-28927 -76390
-28629 65797
-28212 -68763
-28177 -70652
-28012 -23883
-27937 53714
-27902 31154
-27817 -76149
-27765 77611
-27694 32590
-27647 -26476
-27642 -27908
-27394 78371
-27322 57913
-26971 20706
-26930 -52690
-26900 99338
-26683 33613
-26424 96051
-26075 -81560
-25954 15590
-25761 -48705
-25372 -67794
-25117 35571
-25001 75614
-24785 77890
-24747 23668
-24733 65741
-24540 -18957
-24325 47815
-23702 52739
-22909 34213
-22863 -30153
-22847 39050
-22804 2230
-22764 59591
-22542 3896
-22439 92264
-22424 32716
-22148 -80220
-22053 -44611
-21599 -34519
-21119 -29761
-20406 -73931
-20388 53076
-19866 50882
-19736 -16604
-19324 -87094
-19019 -52567
-18959 44460
-18947 32772
-18877 -38646
-18700 4248
-18697 95353
-18626 -29039
-18524 84734
-18511 -10417
-18495 41503
-18144 -27409
-18139 3961
-17721 96197
-17652 50553
-17265 65332
-17191 57636
-16843 -89769
-16491 15171
-16163 -51855
-16135 59508
-16039 34421
-15997 -3540
-15976 -96822
-15734 -81116
-15694 14111
-15633 41773
-15210 76472
-15143 -81772
-14907 -37868
-14867 -97654
-14526 66004
-14233 -41234
-13712 74524
-13374 91536
-12620 -16416
-12585 -38424
-12432 84773
-12382 89380
-12269 -98247
-12116 80850
-12017 16467
-11982 46895
-11904 29637
-11793 92515
-11669 -18452
-11430 14277
-11266 34116
-11167 34315
-10982 -50552
-10917 43909
-10836 79292
-10681 29362
-10381 4966
-10149 -17958
-9982 -85113
-9979 75343
-9879 18731
-9861 -8890
-9328 76297
-9119 26070
-8596 -66513
-8357 55925
-8323 15221
-8201 -4148
-8109 -9102
-7716 -44031
-7716 32488
-7587 3378
-7535 35745
-6891 -36323
-6707 91489
-6215 -40208
-6134 -25449
-6084 52749
-6059 -95164
-6057 -70676
-5248 -49447
-4954 -12282
-4910 -321
-4535 -54248
-4412 6639
-4338 44076
-3939 4451
-3731 -92348
-3730 -19310
-3327 9182
-2793 -6616
-2686 -17713
-2495 -83038
-2477 35616
-2271 -38455
-2233 -85364
-2231 93948
-1559 -35891
-1483 -98422
-1420 18356
-1244 43971
-1230 69918
-1174 -96827
-700 -74195
-687 23323
-594 -3212
-189 -83507
-163 61802
-18 88631
195 -37105
401 52268
437 75598
476 -59852
482 -98111
680 -68800
824 -58070
1054 36044
1469 77188
1791 -63448
2193 -50140
2380 80538
2649 -50898
2974 -31694
3025 -69086
3059 25345
3478 -66636
3918 69628
4060 538
4332 71947
4402 73144
5387 52098
5479 -36591
5648 19128
5733 71243
5909 93820
6668 -55811
6693 -44453
6938 -22040
7083 -43085
7333 3568
7682 -14807
7689 49701
7902 52484
8212 52604
8283 -73500
8725 -92837
8843 -32267
8993 2193
9031 12885
9047 60610
9165 -76633
9235 10391
9593 81142
9815 27165
11071 -79688
11211 54923
11394 97040
11617 54749
11698 73445
11854 -75823
11953 51646
11961 -82021
12075 -79285
12289 21534
12406 92435
12511 91325
13362 45499
13396 59883
13785 30630
13917 -79928
14256 -38457
14475 -32993
14532 -55504
14549 -58761
14598 5521
14740 39182
14772 -90660
15263 42467
15300 40703
15312 31797
15736 65152
15741 -50623
15934 -81453
16160 14035
16272 13002
16416 -63422
16541 2985
16888 -89058
17052 54332
17274 -25461
17329 -87274
17507 41650
17891 76916
17902 -99767
17927 83878
18043 14357
18101 59321
18325 -62524
18342 -63217
18418 77458
18433 96611
18992 -27747
19466 88824
19867 -90832
19951 -24903
19963 -32707
20098 -9334
20130 86250
20417 77785
20452 -41359
20541 -60474
20687 -44573
20755 -82782
20800 31500
20868 -13853
20973 24182
21080 77623
21253 8373
21470 30072
21480 52509
22317 77140
23040 6286
23411 20510
23478 -92526
23534 33312
23546 60470
23694 -2066
23755 24200
23975 -56050
24098 -75016
24316 90520
24433 -69317
24439 -59860
24596 49917
24611 -36257
24807 49652
24904 -50009
25103 37870
25400 -62948
25520 46305
25683 -24019
26298 13643
26484 -37901
26550 -1102
26739 -47739
26785 -96353
27228 48950
27236 78882
27703 18880
27915 95809
28038 21476
29140 -40280
29177 -69399
29303 12330
29361 -12841
29398 -88880
29443 75794
29443 85056
29915 -25020
30157 58932
30342 63764
30374 -20337
30420 5796
30545 49867
30650 39414
30688 52278
30827 -45019
30992 98968
31149 -28745
31244 -64051
31384 99862
31702 94550
31803 -4370
31810 -69129
32809 -40171
33025 -73349
33050 59152
33174 79280
33226 -11147
33440 46744
33556 82062
33625 -89974
33732 26948
33737 37354
33797 26998
34091 24773
34205 -36285
34371 -16973
34397 95763
34792 9432
34841 -58897
35094 -21230
35141 81037
35473 -44685
35497 91692
35515 51538
36159 -30792
36180 -29344
36317 -80416
36527 99110
36797 21966
36828 -42447
36935 67535
37007 -79254
37060 23802
37725 -24955
37821 -98433
38315 47462
38460 95508
38667 -34339
38884 62699
38902 -94387
38902 39787
39431 -19916
40074 66475
40099 -84479
40135 70605
40518 -71077
40555 88204
41056 18469
41378 -36739
41388 70816
41435 35673
42135 -94111
42282 -5768
42360 -15690
42622 -13467
42659 5725
42696 15396
42740 60177
42843 75195
43033 -22235
43283 22541
43383 29797
43521 6871
43534 -12495
43594 -96883
43694 62572
43848 16509
43849 13568
43925 -10230
44796 77674
45015 -45572
45799 51549
45899 94261
45934 -13304
45993 57962
46157 46118
46709 47739
46973 -64844
47003 87088
47187 10314
47386 13150
47715 -11498
48127 -31176
48532 49424
48601 -54799
48943 -17570
48943 84802
49258 71024
49287 43359
49937 -51856
50100 17606
50770 28510
50780 -10865
50871 -28992
50902 -31994
50918 34901
51349 79301
51384 70324
51461 26573
51829 -37439
52085 75563
53108 -12091
53112 46091
53566 43215
53705 -42028
53832 66190
54010 -87533
54094 -74344
54187 31292
54678 -59803
54714 21254
54729 71620
54956 71136
55350 -92390
55443 -77870
55487 -86680
55642 271
55668 65689
55927 92192
56087 17551
56165 -88609
56744 -52163
57086 -81193
57253 -18535
57384 -14170
57699 38664
57917 -44003
58042 12019
58264 -17918
58288 6693
58611 12328
58643 34403
58750 -54428
58970 -40382
59129 -23213
59443 79015
59554 -24879
59844 6853
60002 78161
60252 -34457
60760 4470
61752 -15322
61830 -49406
62623 24791
62761 82950
63332 -74887
63491 -3499
64018 17544
64059 49670
64066 -30820
64148 -81641
64162 73279
64425 555
64537 87095
64686 -49361
64932 -95198
65103 48902
65157 90254
65194 -70238
65531 -65502
65663 -21465
65722 -21307
65991 -35438
66213 17905
66347 98315
66511 -89087
66511 -58751
66991 43788
67298 -16168
67662 51074
67869 -85151
67908 -43253
68165 -57174
68500 -90121
68884 -8822
68922 -75571
69150 -40361
69554 -88189
69638 23644
69766 -34697
69866 -71069
69893 21407
69894 -43395
70050 20422
70139 -57854
70178 33882
71028 -71737
71110 5959
71129 60435
71370 -97929
71372 -37162
71684 48346
72205 -56546
72291 15175
72399 71283
72654 -77149
72846 -39059
72945 -67295
73065 28712
73080 -73371
73133 86666
73225 54447
73244 -12152
73376 80766
73501 5515
73517 -77147
73554 -35443
73954 -90498
74138 -83572
74154 -49178
74237 63887
74300 79983
74436 39683
74439 -8059
74590 60879
74984 -26424
74990 -96473
75014 -65035
75275 15385
75380 -42318
75497 34543
75562 -80277
75587 -9480
75613 -12576
76051 96507
76425 96631
76522 -4888
76954 30655
77318 95100
77422 -25430
77776 23627
78007 -79622
78044 -41075
78320 93057
78724 -8229
78952 -77272
79118 43638
79197 -31187
79224 -93575
79288 82093
79507 -34467
79698 99669
80190 43416
80361 46929
81557 64198
81720 -90180
82138 787
82657 -14677
83149 31656
83213 -47724
83291 92267
83338 -60385
83359 30736
83679 3018
83790 80272
83925 -64149
84039 -6241
84225 27805
84251 38496
84837 50947
84846 -87946
85269 62429
85329 62658
85622 19597
85738 386
85760 -12084
86000 58358
86715 -69012
86732 -90172
86738 28025
86869 -87792
87144 57585
87796 -23444
88035 -19698
88842 -46117
88853 67413
88963 -69276
89478 -68990
89561 -51010
89642 69040
90225 -63003
90255 39104
90427 -70161
90429 -96280
90485 17696
90618 -53892
91147 -92284
91287 94255
91413 -75883
92147 49817
92390 -44330
92863 51685
93130 48841
93160 11396
93310 -23094
93736 99914
93828 37863
94751 -22679
95180 -13902
95272 33851
95314 73146
95834 -24445
96165 19806
96626 5574
96694 28687
96735 -35380
96752 -48038
96754 -91101
96861 31893
96908 -86980
97074 -48217
97074 -23860
97132 41307
97159 95079
97445 81984
97493 -47629
97671 40405
97727 -99399
97989 -49767
98434 -87489
98475 -70407
98531 -39067
98993 66910
99116 -66623
99171 4812
99384 -75354
99470 -22488
99545 -85927
99666 -59775
99713 -11603
