100
-95777 31928
-91376 68866
-90009 -88970
-89254 -2829
-89046 -47264
-86767 3511
-84286 90782
-82843 58478
-82672 25906
-81183 -85803
-80122 -96374
-77597 -62218
-76864 -27516
-75392 -44203
-69518 83366
-67640 -4013
-66800 12445
-66358 -3936
-64925 78175
-64542 17130
-62462 27946
-59783 -29999
-56980 -82491
-55824 97251
-54287 9950
-54152 -75133
-51303 80259
-50227 47842
-46248 62991
-45334 -55959
-40120 7136
-39244 -88515
-38215 -45683
-38205 -1425
-37565 46277
-36863 -27158
-35462 48333
-34325 20992
-30233 -76232
-28656 -15655
-27346 -6542
-26301 -56954
-23597 -38079
-22344 12588
-22186 97028
-21953 -80429
-21093 12685
-19737 71402
-18345 -38508
-17209 -68142
-15213 24598
-13018 -67155
-9612 52
-8794 -42551
-5182 48764
-5164 60269
-588 36908
5571 -18801
6455 -61899
9647 75237
9901 59694
10025 70234
19008 3261
20630 -50935
25165 -6812
26493 -24753
27022 49189
29074 90226
31350 -85199
33285 -7799
35183 -69903
36165 82728
38450 45505
39927 41506
42185 45732
44204 72596
44250 -84944
46622 74322
47900 45397
54653 -25826
56551 -49988
57753 3400
60474 45017
65886 -43849
66681 37712
66876 39559
67832 -25818
70536 94148
72949 87612
79892 -52579
80897 -77614
84117 -94664
85100 14700
87344 -12550
89065 -35257
89181 -45245
89848 -53605
93320 -72438
95133 7431
97863 12949
