500
-99976 -66745
-98621 -28198
-98495 13177
-97952 87442
-97825 -73171
-97185 -78030
-97069 -27531
-97056 59032
-96655 94758
-96595 8317
-96093 81191
-95726 -38733
-95405 -25361
-95211 81054
-95006 -58733
-94348 -49344
-93888 3530
-93831 72357
-93460 -1536
-93139 22291
-92727 27547
-91914 -88990
-91720 83496
-91718 -77325
-91017 -37720
-90435 57245
-90311 95799
-90002 -30057
-89826 -59706
-89801 58201
-88360 75687
-87664 -56386
-87054 -64371
-85411 54683
-84753 -15879
-84300 -99194
-83338 92534
-83304 8492
-82947 64013
-82730 89187
-81469 50577
-80892 -10716
-80419 94373
-79951 -2374
-79945 28233
-79441 -4014
-79057 -43626
-78908 -95289
-78818 -41795
-77874 14729
-77013 52298
-76682 71049
-76616 -23851
-76442 24920
-76418 93372
-76237 -68324
-75112 -95612
-75008 -44187
-74706 48624
-74613 -68486
-74589 -62042
-74067 58527
-74051 -7008
-73214 -4510
-72822 -80823
-72474 56639
-72205 83426
-71604 10864
-71174 22345
-69412 -64528
-68318 64365
-67604 12575
-67396 40035
-67328 14399
-66965 29205
-66619 59544
-66332 -21335
-66169 -64797
-65838 87165
-65741 -11036
-65706 66083
-65506 -50760
-65221 -31457
-65061 30665
-64840 -6724
-64024 48943
-62780 55848
-61902 32035
-61635 -36066
-61564 -62903
-60322 -99100
-59214 47267
-58229 63947
-58095 -76301
-57683 52740
-56675 29014
-56529 28835
-55273 -74758
-54582 -15536
-54574 50568
-54041 -43100
-53607 22681
-53500 47279
-53451 9477
-53431 97117
-53082 72470
-52288 8464
-51978 -55565
-51957 41747
-51935 31249
-51846 21696
-51599 86969
-51036 -47368
-50519 47912
-49922 -68818
-49712 -19398
-49705 4884
-49425 -54367
-48093 15676
-47893 -90534
-47291 69708
-46899 -21244
-46703 50576
-46325 -83046
-46181 49235
-45550 28390
-45063 56659
-45048 57377
-44125 76140
-43950 -53212
-43536 -17039
-42998 26698
-42809 -67671
-42575 79700
-42404 23185
-41973 -46426
-40886 38816
-40172 -43816
-40112 -76901
-39854 2403
-39720 34388
-39452 16334
-39443 -89098
-39237 72326
-38778 48467
-38535 52112
-37606 83563
-37223 25018
-36812 40952
-36766 -59596
-36715 56933
-36667 23418
-36492 -12602
-35870 -72960
-35320 -19796
-34888 73722
-34706 -44001
-34698 55687
-34478 -18903
-34199 10419
-34072 -19621
-34043 45080
-33730 -25236
-33622 -72079
-32593 -65509
-32387 -6131
-32340 -51919
-32056 -68787
-31282 -57766
-28915 -65994
-28847 14449
-27720 -98185
-26906 -5281
-26736 -56602
-26582 -4330
-26488 -5840
-26385 -97918
-26318 14578
-25942 71588
-25461 -94345
-25388 4932
-25108 -52907
-25104 -98570
-25033 -25440
-24793 -59717
-24750 20915
-24509 -49644
-24327 33023
-24103 63377
-23648 10749
-23512 93897
-23089 -17303
-22744 73261
-22231 78502
-22072 -22501
-21905 -39973
-21391 15258
-21281 18396
-20627 -77337
-20231 34118
-19889 38393
-19478 -84376
-18853 88891
-18692 19708
-17773 -57076
-17556 -18067
-16860 -89106
-16649 -67028
-16426 -6804
-16326 30175
-16270 -27261
-16115 40200
-15281 62059
-15214 -14127
-15147 -16150
-14902 -10684
-14719 -87171
-14485 93924
-14117 -54575
-14043 -13532
-13866 69060
-13323 -29931
-12907 58261
-12685 -64088
-11894 -97850
-11625 -75761
-10440 -9496
-10351 52980
-10172 57204
-10080 -52628
-9827 9804
-8727 -67579
-7900 80165
-7894 9217
-7599 62515
-7542 -2520
-7160 7016
-6922 -47034
-6722 73731
-6648 42849
-6136 -46201
-5625 -22317
-5557 25800
-5302 -5672
-5296 296
-5118 90987
-4938 -42620
-4618 96069
-4389 17486
-4388 87527
-4186 24204
-4004 21691
-3922 -61399
-3921 43442
-3169 67584
-2725 -26621
-2419 43216
-2126 -46203
-87 52928
1166 66117
1682 -35090
1789 1564
2447 -94394
2706 -48975
3606 -91893
4425 -91988
4963 -51711
5148 92758
5439 96029
5687 72041
5855 44250
6374 19056
6392 -39946
6535 -14833
6661 39192
6670 -69479
7316 30589
7379 -88435
7603 33115
7955 30512
7976 39716
9808 31312
10002 -64461
10419 59755
10550 2345
10709 25214
12224 -18698
13655 91624
13964 37630
15412 -26301
16160 18268
16183 -29512
16524 -76377
17789 -52087
18096 62334
18349 -66627
19206 -54548
20082 18248
20639 -16511
20789 -14711
21672 -53242
21721 40167
22095 76458
22932 -82653
23174 -38211
23534 79593
23902 -17685
24290 26643
24951 -7796
25718 -37077
26012 -94018
26691 -2347
27007 -56929
27241 -1970
27312 -56274
27455 -8243
27690 -70773
28145 -65039
28481 -21812
28694 -21916
28973 39461
29491 56544
30633 63260
31693 15091
32032 -50118
32161 -79056
32181 7227
32254 -49423
32256 48345
32534 -68736
33361 35506
33694 84866
33915 -68619
34154 28936
34750 3526
34930 60941
35154 -25823
35395 12191
35412 -33500
35860 -19644
36794 93593
36877 -17444
36952 8475
37348 -50735
37862 52835
37941 -34848
38774 -329
38856 29022
39258 -11347
39414 -85961
39931 -57380
39941 89091
41179 -54101
41376 77283
41821 -90766
42105 21668
42183 -81537
42226 18416
42539 -15073
42972 -65428
43365 79823
43461 -85645
43786 89790
43869 -73202
44251 -63885
44699 61056
44793 -13294
46193 -27613
46193 61490
46327 -57601
46395 8919
46872 41294
47146 74931
47180 91833
47631 43102
48116 -88389
48414 25465
48463 74626
48516 -26864
49207 4966
50764 -49405
50797 63527
51027 4784
51867 -2331
52635 -1857
53090 -96433
53220 84827
53646 8218
54347 26858
54368 -39463
55453 -19473
55843 -72527
55905 24132
56018 -97441
56025 -1753
56083 -39029
56147 31982
57253 -17901
57529 -99759
57551 -88235
57623 -76742
57859 62350
58166 74101
58320 -65767
58524 88203
58970 -52526
59575 -61805
59998 85996
60480 94219
61100 14556
61262 -85376
61534 33380
61842 38598
63351 -70690
64414 -90283
64705 9329
64848 38552
65291 59171
65406 -16766
66045 -95498
66335 62047
66608 43620
66631 -4186
67089 -1727
67544 -69286
67960 82046
68654 -78224
68722 51085
69209 -4724
69851 -25643
69990 13589
70298 -86975
70580 -74065
71685 -85566
71891 97456
71897 78548
73310 72860
73688 61720
74467 29816
74478 80088
75762 -48973
76861 3803
77012 79480
77478 94169
78299 -28673
78420 4806
79058 78964
79451 -50721
79551 -90487
79668 -56511
80119 95879
80250 -57393
80503 29370
80883 -20042
80924 33810
81321 17986
81893 -98100
81901 -83939
81996 19071
82038 51659
82461 1957
82669 -28741
83359 -80803
83521 7
83829 -77563
84504 88595
85193 51257
85891 43520
85907 -28915
86199 85204
86648 56590
86752 -45051
88193 -16631
88437 -82128
88494 -98898
88699 -39421
89289 -29336
89493 -82803
90125 86434
90996 -99060
91014 -78827
91261 -73445
91285 -58383
91443 97222
91989 -94587
92624 -36196
92785 -54942
93826 -74786
94456 -39468
94650 -20783
94774 -53268
95279 94569
96197 -91208
96583 71143
97005 -38091
98251 -46134
98867 -99721
99357 63894
99769 7032
99831 -37926
