1000
-99754 52150
-99510 28247
-99424 -97442
-98603 33897
-98357 32567
-98072 63943
-97825 91624
-97803 21525
-97473 -79733
-97247 47415
-97218 -58391
-96638 51886
-96628 19044
-96340 19174
-96284 -66917
-96207 23630
-96062 -47528
-95976 64016
-95733 35751
-95443 -86869
-95005 12128
-94739 15048
-94377 -95606
-93891 -4084
-93774 88294
-93558 65212
-93514 60009
-93257 -63743
-93208 48017
-93200 -53558
-93065 -12832
-92988 -71272
-92949 -87609
-92749 12300
-92745 95393
-92600 -94369
-92588 -653
-92001 -3687
-91957 45564
-91826 -1425
-91677 57266
-91369 18290
-91259 17602
-91002 -91499
-90946 -45666
-90821 59547
-90793 15439
-90620 -75792
-90335 34525
-89468 -77123
-89430 -86817
-89265 17890
-89121 13050
-88691 -83134
-88691 50743
-88688 -80444
-88653 -36855
-88652 46488
-88427 -20649
-88368 -92089
-87927 -63456
-87829 -93409
-87095 -86547
-87054 -36383
-86809 -59965
-86744 -67319
-86713 90457
-86244 -52351
-85419 35673
-85232 -30132
-85222 -59951
-85175 -64105
-84718 -67316
-84411 -43963
-84391 45694
-84165 -7547
-83561 -98769
-83477 -10464
-83316 -21122
-83161 -39613
-82933 -38199
-82695 16912
-82375 10073
-82142 -77
-81865 -25236
-80918 47267
-80905 12339
-80578 -35135
-80110 20763
-79995 17857
-79633 75118
-79285 7623
-79211 -81746
-79160 -90335
-78970 -73787
-78091 36720
-77714 -89062
-77625 -11287
-77624 -35292
-77532 99057
-77513 84677
-77417 36244
-76978 51911
-76903 -95956
-76896 -26463
-76816 -60942
-76716 -43060
-76676 27405
-76429 31496
-76139 23421
-76062 -16124
-75621 -53434
-75509 16188
-75352 -38660
-75237 -51496
-75149 49807
-75084 -36672
-74957 -49499
-74911 -17956
-74881 64216
-74871 33505
-74703 -37717
-74219 -24217
-74177 -77048
-74047 44346
-73930 -10074
-73478 -72328
-73090 -89643
-72879 -94214
-72656 -75476
-72639 -5361
-72571 -29931
-72495 63778
-72478 -69866
-72100 -53400
-71947 26758
-71333 -27664
-70649 -81275
-70177 -20660
-70115 -93011
-69847 -93012
-69556 -39052
-69348 45871
-69111 33983
-69009 -74107
-68703 92374
-68677 -3342
-68479 -54750
-68361 -82494
-67693 2232
-67596 -42893
-67276 -77511
-67234 -49755
-67012 -44103
-66855 55063
-66604 9320
-66515 68566
-65951 86296
-65905 14714
-65478 -10024
-65350 23382
-65260 -96682
-65212 42216
-64411 33118
-64178 98634
-64028 -66305
-63790 -46769
-63619 10651
-63617 -86704
-63548 15181
-63430 98457
-63046 63460
-62921 37447
-62893 -40273
-62882 50904
-62876 56431
-62704 -86275
-62221 88447
-62197 53232
-61933 -50533
-61739 97626
-61538 33117
-61314 -24619
-60641 -82319
-60600 17887
-60566 -66117
-60417 -25579
-59752 25241
-59575 87702
-59438 -81211
-59358 -51612
-59184 -84489
-59118 -40431
-59005 8513
-58781 -26140
-58770 78634
-58444 -50490
-58295 -23810
-58001 26212
-57861 88874
-57435 94672
-57391 -26900
-57272 -25657
-56685 -23083
-56603 24397
-55666 99097
-55563 85884
-55509 -81761
-55405 -86998
-55393 -10101
-55214 -26336
-55194 80984
-55119 8666
-55091 79135
-54115 -64150
-53508 -94644
-53426 -34248
-53316 34190
-52225 -16925
-51552 96810
-51379 55824
-51361 -7806
-51195 35631
-51144 35958
-51017 -58579
-50931 20142
-50793 94057
-50572 -85463
-50522 70789
-50496 74858
-50300 -50388
-50151 -42559
-50110 -6200
-49997 92653
-49322 -44471
-49108 -58188
-49082 -87679
-48975 95050
-48781 -31102
-48758 -74402
-48710 36028
-48616 35963
-48520 99899
-48454 46913
-48379 35806
-48367 -80513
-48102 -17213
-47959 45767
-47908 76431
-47847 -95880
-47836 32533
-47586 35061
-47492 -99459
-46676 92059
-46400 -98142
-46099 70197
-46059 50648
-46042 73092
-46038 91393
-45923 33258
-45804 -75159
-45369 21361
-45354 18978
-45286 -19473
-45286 30764
-45065 59309
-44326 53032
-43921 53797
-43709 -60229
-43051 -24143
-43001 -22658
-42958 -32150
-42842 7312
-42825 42715
-42634 429
-42242 -50535
-42240 87650
-42232 38172
-42172 54942
-42055 35741
-41874 -33979
-41798 -89812
-41596 42275
-41458 -32014
-41036 -74505
-41029 -26558
-40969 60815
-40843 -83093
-40825 -54060
-40551 -77875
-40495 59640
-40336 -73746
-40240 -63024
-39666 79594
-39612 -9297
-39345 7853
-39286 -75746
-39284 -35823
-39044 -14610
-38634 -99528
-38260 -4833
-37920 8468
-37744 -8710
-37630 87293
-37614 20713
-37564 95512
-37481 10638
-37085 93881
-36844 1419
-36676 7225
-35842 84763
-35711 25516
-35697 -52841
-35658 -28158
-35653 -63381
-35556 -3603
-35544 -27601
-35007 88004
-35001 -1645
-34717 42132
-34312 50840
-34281 -6921
-34278 -29805
-34078 14894
-33930 72474
-33899 52284
-33626 -21082
-33622 27092
-33465 8206
-33427 97391
-33386 -22129
-33024 73017
-32605 1859
-32155 40852
-32154 -8837
-32073 66064
-31676 60569
-31477 -65929
-30804 -34744
-30719 -99684
-30634 -51367
-30397 -26956
-30222 34897
-30120 73933
-29910 -2249
-29847 85393
-29731 -87046
-28996 92463
-28912 -52920
-28905 -89980
-28849 -61340
-28817 39480
-28786 77224
-28778 -38707
-28601 -11947
-28356 -13523
-28338 46366
-27808 56921
-27755 31642
-27514 49054
-27504 63597
-27318 10388
-27256 1212
-26786 45039
-26646 99810
-26624 70908
-26235 8878
-26205 99390
-25699 41755
-25682 81783
-25664 12432
-25585 40979
-25523 55810
-25492 -222
-25150 -72179
-24901 -80380
-24703 -25987
-24349 78267
-24345 -89279
-23800 -90437
-23733 7519
-23566 53416
-23318 -30741
-23252 -50266
-22930 -39712
-22905 95158
-22854 -88135
-22681 96003
-22584 54152
-22577 46289
-22558 24111
-22489 -67178
-22377 -53631
-22228 -24518
-22038 -65508
-21707 86032
-21573 42429
-21511 -22670
-21391 73636
-21165 43931
-21084 35893
-20844 -42862
-20453 -21903
-20413 1685
-20348 18395
-20209 80694
-20175 -28285
-20011 46318
-19826 -78672
-17831 63187
-17694 95458
-17280 88417
-16863 27779
-16787 47262
-16738 -82749
-16662 69783
-16657 77296
-16541 -68286
-16302 -81063
-16234 -41887
-16176 89657
-16160 574
-15840 -42122
-15722 -53825
-15444 -39801
-15437 93483
-15106 -89628
-14968 1130
-14478 -69342
-14419 79511
-14229 43369
-13780 27873
-13551 -71604
-13072 577
-12994 -16691
-12900 97979
-12669 46308
-12174 35249
-11974 -98224
-11843 87325
-11714 50719
-11568 -47501
-11521 27980
-10939 -59643
-10894 54424
-10698 48600
-10611 2337
-9974 -82772
-9896 -55388
-9895 70589
-9325 44665
-9316 45834
-8670 -12103
-8444 -63861
-7886 -40487
-7640 62937
-7366 -62412
-7082 36400
-6911 -67324
-5456 56458
-5423 -22935
-4883 -26688
-4535 -68289
-4367 -29900
-4144 76017
-4036 14860
-3974 78196
-3756 26966
-3185 8686
-3070 94880
-2744 -65692
-2634 -15923
-2456 -74613
-2440 -83137
-2253 44176
-2190 42605
-1977 4515
-1951 -48684
-1606 40158
-1469 -32120
-1447 -46362
-1284 -79088
-1156 -19707
-1063 -39834
-976 26978
-666 34589
-576 49320
-540 97705
-467 99524
-368 34487
44 -2205
485 -50002
492 43700
715 -20873
1191 33741
1217 71418
1278 24477
1361 26829
1520 -10864
1946 533
2038 56267
2069 -1827
2114 -14790
2620 61058
2976 -15092
3047 -74324
3469 4963
3487 -36411
3613 -26206
4209 -76431
4209 -18222
4639 71634
4655 -73792
4681 10874
4945 -96208
4955 -56449
5428 44388
5697 -91501
6029 -85680
6391 -64555
6540 51776
6555 -82499
6737 45488
6765 -80986
7006 31251
7242 -6538
7847 44564
7889 -78844
7903 48155
7957 -90921
8009 -62655
9115 -48561
9229 71745
10179 -94429
10267 31300
10470 90516
10497 -87837
10578 -49369
10634 91898
10657 74180
10860 5462
10939 -89356
11494 -47946
12139 -40709
12410 -11849
12679 -62632
12748 89213
12985 59220
13082 81221
13141 79386
13333 36761
14056 73937
14357 78159
14499 -62189
14566 -17233
14601 79025
14909 37545
14949 68987
15306 65286
15461 -58534
15468 -72224
15522 41862
16024 49438
16035 -94074
16035 -12289
16070 -49520
16385 -50957
16447 91298
16461 56950
16696 -53059
17045 75849
17183 57568
17325 27911
17503 50418
18003 -91225
18110 14594
18602 67547
18694 -90492
18800 13428
18937 67393
19094 44083
19229 -84922
19483 26143
19745 -41275
20068 11987
20133 -62524
20328 19178
20586 57613
20616 -64121
20641 -24656
20839 -18220
20890 -8361
21067 59680
21291 -43471
21321 48614
21631 -711
21738 59613
21939 29359
21989 64127
22084 -27253
22607 39113
22669 63507
22671 6713
22840 -56149
23015 38507
23085 63638
23099 -49224
23598 -14784
23634 19217
24188 -75811
24377 80097
24697 -58571
24841 -32246
24844 25860
25084 71944
25197 63698
25344 -90023
25483 62047
25496 37237
25721 -77289
25801 49247
25903 7333
26089 19039
26157 9575
26289 -94968
27140 20984
27197 -18665
27894 18173
28246 -1814
28543 8189
28811 -88601
28824 22201
28854 36898
28911 -13363
28955 -43144
29161 59581
29245 58901
29337 -28154
29565 89147
29887 74035
29983 -37807
30315 -31000
30382 97872
30626 -18756
30988 -54499
31455 26993
31566 41015
31748 66064
31800 -71475
31889 -92267
31915 -66168
31966 72080
32019 76461
32060 -26998
32319 -90024
33102 -66205
33239 5297
33377 -79009
33412 20824
33691 18755
34169 77004
34334 -85758
34367 88598
34731 -19746
34772 -86416
35664 19546
35693 27620
35902 21587
36201 -83225
36341 95906
36505 80138
36843 78882
37013 -26024
37063 -20333
37382 -69717
37933 -90113
38109 -98210
38145 20761
38309 98008
38326 82729
38348 -90163
38364 40744
38400 -25526
38578 76705
39009 99103
39062 -36820
39082 44236
39209 -4157
39455 -50803
39538 -69535
39904 12711
39934 -79249
40247 -95323
40378 -67552
40409 -72368
40536 37686
40814 56392
40915 53661
41019 -51179
41371 83684
41921 -95326
42381 40924
42542 -30868
42733 -78711
42816 -60868
42836 -23319
42900 -54856
43059 19771
43292 27465
43333 -31593
43335 6078
43721 3268
43836 47839
44105 -43291
44187 -26255
45077 54333
45136 -83565
45215 -11361
45216 -14761
45427 4212
45486 -98421
45511 11311
45723 -39596
46062 -70625
46119 -74077
46247 54258
46324 -10558
46366 -69979
46444 -73783
47339 -70365
47552 -2888
47861 6361
47965 76643
48126 -65487
48185 84144
48233 -87633
48582 -20170
48585 -89011
48830 -42869
49240 -10533
49518 95284
49895 65954
49925 28481
49977 48595
50007 -4186
50018 64918
50077 -67554
50233 -24613
50407 -26449
50631 -54163
50694 76226
50951 85254
50986 37800
51373 -98543
52129 44393
52193 85293
52468 18017
52657 32657
52891 15504
53162 -52911
53317 -4588
53519 -9850
53672 -60612
53908 -44251
53985 58771
54038 -53364
54375 52264
54475 -11444
54886 23963
54976 82528
55195 80318
55555 -85106
55718 18592
55832 -49323
56037 -922
56079 -29063
56279 -87742
56460 -33679
56602 12650
56650 39000
56985 93692
57053 5946
57103 22269
57208 22821
57242 -99619
57270 27436
57522 99879
57605 17004
57813 -70989
57974 -71936
58060 57245
58393 85375
58716 -3152
58974 -47332
59079 -15376
59664 58852
59981 14772
60126 -40449
60171 -97597
60990 -88419
61041 -87739
61090 -92240
61522 41383
61808 -58976
61977 -83759
61993 -38724
62123 -50267
62212 38013
62611 29895
62768 -63157
63231 73324
63544 3327
63693 44328
63816 -89216
64191 11480
64440 -35913
64559 -6268
64608 -8783
64725 -98042
65353 -43252
65452 -14503
65528 78435
65643 -35312
65866 36287
65878 -3439
65968 68970
66014 -68957
66373 -70330
66406 35678
66538 56749
66865 -30439
66924 81527
67096 -11038
67308 -99554
67908 -53459
68032 -21208
68034 -93661
68072 24057
68156 -5862
68257 98803
68382 -98627
68426 41031
68569 37505
68626 -35362
68783 -87739
68956 89927
69120 33434
69222 -96487
69731 -50509
69794 40893
69919 90732
69977 17988
70184 77066
70636 -84030
70713 45919
70927 -98053
70933 -71691
71017 51370
71075 61377
71434 90949
71748 30065
71775 -53739
71834 -81027
71984 82312
72051 43929
72219 19773
72490 19829
72493 37135
72607 -67352
72909 -55139
72989 -92272
73254 48036
73299 -92774
73503 -52505
73589 -55946
73639 -17227
73714 -26302
73963 -15168
74368 -49989
74461 32695
74635 35879
74924 -88225
75073 35857
75339 -25814
75450 -84153
75723 21902
75901 96949
75956 51923
76560 -66613
76841 -57437
77319 37819
77361 1200
77495 -72856
77625 -35423
77710 -70220
78335 25271
78583 -43714
78659 39790
78689 -67666
78693 -34651
79012 -49130
79055 79905
79199 83761
79320 -47111
79349 -36126
79468 -36052
79677 -29264
79854 69795
80060 -5025
80176 -96260
80214 -41693
80943 79770
81138 -51360
81386 -37788
81489 -40939
81496 11363
81775 27609
82397 58993
82400 -84215
82416 -97015
82505 42148
82809 -21089
83459 -46050
83585 -60216
83990 -66438
84210 91020
84220 -8518
84225 -33681
84437 29415
85043 -41062
85419 -53157
85442 10385
85566 94190
85668 -15402
86312 -26513
86547 43948
86689 16774
86784 34358
86894 9352
86902 978
87288 79644
87923 50432
88301 -51027
88450 77866
88691 34533
88795 5528
89026 -76269
89442 -14901
89631 -20447
89648 -73403
89689 83769
89955 77196
90928 13997
91063 -61245
91233 65682
91307 -90978
91574 93329
91763 52367
91904 -77852
92044 -79692
92291 34021
92298 -95166
92432 4759
92751 -63247
92957 -49501
92968 -41703
93335 -43257
93399 57810
93606 -73757
93822 68600
93983 -89299
94204 90670
94289 13434
94564 34756
94990 7252
95158 -47499
95190 -52061
95287 30067
95366 697
95386 -62708
95386 -47471
95527 47440
95608 72123
95760 57239
96062 -4392
96421 -32429
96482 47755
96743 57229
96787 -99797
96884 -87639
97027 -84496
98020 -51424
98536 82445
98633 -11871
98881 92013
98899 89379
99098 -81212
99683 36028
99917 47937
99924 12507
